0,0,0,0,0
0,0,0,0,0
0,0,0,0,0
0,0,0,0,0
0,0,0,0,0
0,0,0,0,0
0,0,0,0,0
0,0,0,0,0
0,0,0,0,0
0,3.3166e-05,0,0,0
0,0.021169,0,0,0
0,0.035976,0,0,0
0,0.018919,0,0,0
0,0.0046175,-1.3308e-06,-1.3308e-06,0
0,-0.0016278,-0.017593,-0.017593,0
0,-0.0032653,-0.036613,-0.036613,0
0,-0.0026994,-0.02082,-0.02082,0
0,-0.0015798,-0.0056294,-0.0056294,0
0,-0.00062475,0.0012599,0.0012599,0
0,8.3629e-05,0.0032336,0.0032336,0
0,0.00015307,0.0028023,0.0028023,0
0,5.1279e-05,0.0016864,0.0016864,0
0,-3.7841e-06,0.00079666,0.00079666,0
0,-3.0974e-05,0.00031277,0.00031277,0
0,-2.9883e-05,0.00010585,0.00010585,0
0,-1.9079e-05,3.1678e-05,3.1678e-05,0
0,-9.4071e-06,-0.00017593,-0.00017593,0
0,-3.8197e-06,-0.00036613,-0.00036613,0
0,-1.3285e-06,-0.0002082,-0.0002082,0
0,-4.0692e-07,-5.6294e-05,-5.6294e-05,0
0,0,1.2599e-05,1.2599e-05,0
0,0,3.2336e-05,3.2336e-05,0
0,0,2.8023e-05,2.8023e-05,0
-0.00055175,6.4371e-08,1.6864e-05,1.6864e-05,0
-0.023787,2.7752e-06,7.9666e-06,7.9666e-06,0
-0.028882,3.3696e-06,3.1277e-06,3.1277e-06,0
-0.013133,1.5321e-06,1.0583e-06,1.0583e-06,0
-0.0024339,2.8395e-07,-1.4424e-06,-1.4424e-06,0
0.0019133,-2.2322e-07,-3.6613e-06,-3.6613e-06,0
0.0027992,-3.2657e-07,-2.082e-06,-2.082e-06,0
0.0021207,0.00024804,-5.6294e-07,-5.6294e-07,0
0.00094236,0.010704,1.2599e-07,1.2599e-07,0
0.00023612,0.012997,3.2336e-07,3.2336e-07,0
6.515e-05,0.0059097,2.8023e-07,2.8023e-07,0
3.9601e-05,0.0010952,1.6864e-07,1.6864e-07,0
3.7661e-05,-0.00086099,2.4181e-06,7.9664e-08,-5.1331e-07
2.7992e-05,-0.0012596,0.030913,1.3684e-08,-0.0067858
2.1262e-05,-0.0009568,0.064333,-2.6028e-08,-0.014122
1.1802e-05,-0.00053111,0.036584,-1.7651e-08,-0.0080307
5.2494e-06,-0.00023623,0.0098916,-5.6294e-09,-0.0021713
1.9648e-06,-8.8415e-05,-0.0022139,1.2599e-09,0.00048598
6.3939e-07,-2.8773e-05,-0.0056819,3.2336e-09,0.0012472
1.8528e-07,-8.3377e-06,-0.0049241,2.8023e-09,0.0010809
-2.5413e-07,0.00026556,-0.0029633,1.6864e-09,0.00065048
-2.8129e-06,0.0029395,-0.0013998,7.9666e-10,0.00030728
-2.6109e-06,0.0027284,-0.00054959,3.1277e-10,0.00012064
-1.0347e-06,0.0010812,-0.00018399,-1.9771e-06,4.0822e-05
-1.1651e-07,0.00012175,0.026392,-0.026138,-5.5635e-05
2.2966e-07,-0.00023999,0.055039,-0.054396,-0.00014122
2.7388e-07,-0.0002862,0.031299,-0.030933,-8.0307e-05
1.9172e-07,-0.00020034,0.0084626,-0.0083636,-2.1713e-05
7.5812e-08,-7.9223e-05,-0.0018941,0.0018719,4.8598e-06
1.61e-08,-1.6825e-05,-0.004861,0.0048042,1.2472e-05
4.1599e-09,-4.3471e-06,-0.0042127,0.0041635,1.0809e-05
3.2647e-09,-3.4116e-06,-0.0025352,0.0025056,6.5048e-06
3.5494e-09,-3.7091e-06,-0.0011976,0.0011836,3.0728e-06
2.7758e-09,-2.9007e-06,-0.00020572,0.00020331,5.2783e-07
2.0288e-09,-2.1201e-06,0.00039127,-0.0003867,-1.0039e-06
1.0982e-09,-1.1476e-06,0.00026535,-0.00026225,-6.8083e-07
4.7922e-10,-5.0078e-07,8.4626e-05,-8.3636e-05,-2.1713e-07
1.7664e-10,-1.8459e-07,-1.8941e-05,1.8719e-05,4.8598e-08
5.6767e-11,-5.9322e-08,-4.861e-05,4.8042e-05,1.2472e-07
-9.1354e-12,9.5465e-09,-4.2127e-05,4.1635e-05,1.0809e-07
-2.8129e-10,2.9395e-07,-2.5352e-05,2.5056e-05,6.5048e-08
-2.6109e-10,2.7284e-07,-1.1976e-05,1.1836e-05,3.0728e-08
-1.0347e-10,1.0812e-07,-2.0572e-06,2.0331e-06,5.2783e-09
-1.1651e-11,1.2175e-08,3.9127e-06,-3.867e-06,-1.0039e-08
2.2966e-11,-2.3999e-08,2.6535e-06,-2.6225e-06,-6.8083e-09
2.7257e-11,0.0014643,8.4626e-07,-8.3636e-07,-2.1713e-09
1.6687e-11,0.029209,-1.8941e-07,1.8719e-07,4.8598e-10
7.4395e-12,0.03079,-4.861e-07,4.8042e-07,1.2472e-09
3.1974e-12,0.013064,-4.2127e-07,4.1635e-07,1.0809e-09
1.409e-12,0.0019759,-1.5273e-06,-1.0232e-06,6.5048e-10
7.1549e-13,-0.0023681,-0.016839,-0.016839,2.3942e-10
4.2044e-13,-0.0030996,-0.035043,-0.035043,-2.0578e-11
2.0288e-13,-0.0022655,-0.019928,-0.019928,-3.948e-11
1.0982e-13,-0.0012263,-0.0053881,-0.0053881,-9.4894e-12
4.7922e-14,-0.00053512,0.001206,0.001206,4.8598e-12
1.7663e-14,-0.00019771,0.003095,0.003095,1.2472e-11
-9.403e-15,-0.0061782,0.0026822,0.0026822,1.0809e-11
-2.9754e-14,-0.012744,0.0016142,0.0016142,6.5048e-12
-1.7846e-14,-0.0072366,0.00076251,0.00076252,3.0728e-12
-4.8252e-15,-0.0019566,0.00029937,0.00029937,1.2064e-12
1.08e-15,0.00043792,0.00010131,0.00010131,4.0827e-13
2.7717e-15,0.0011239,3.0333e-05,3.0333e-05,1.2224e-13
2.402e-15,0.00097401,0,0,0
1.4455e-15,0.00058616,4.6255e-07,-1.2738e-08,4.7528e-07
6.8285e-16,0.0002769,0.0061148,-0.00016839,0.0062832
2.6809e-16,0.00010871,0.012725,-0.00035043,0.013076
9.0727e-17,3.679e-05,0.0072366,-0.00019928,0.0074358
2.7164e-17,1.1015e-05,0.0019566,-5.3881e-05,0.0020105
-2.5413e-17,0.0015568,-0.00043792,1.206e-05,-0.00044998
-2.8129e-16,0.017232,-0.0011239,3.095e-05,-0.0011549
-2.6109e-16,0.015995,-0.00097401,2.6822e-05,-0.0010008
-1.0347e-16,0.0063385,-0.00058616,1.6142e-05,-0.0006023
-1.1651e-17,0.00071375,-0.0002769,7.6252e-06,-0.00028452
2.2966e-17,-0.0014069,-0.000108,3.697e-06,-0.0001117
2.7388e-17,-0.0016778,0.0093235,0.0092984,2.5029e-05
1.9303e-17,-0.0011825,0.019469,0.019349,0.00011944
1.0197e-17,-0.00062467,0.011077,0.011003,7.4358e-05
4.3674e-18,-0.00026755,0.0029951,0.002975,2.0105e-05
1.5859e-18,-9.7156e-05,-0.00067035,-0.00066585,-4.4998e-06
5.0342e-19,-3.084e-05,-0.0017204,-0.0017089,-1.1549e-05
1.4286e-19,-8.752e-06,-0.001491,-0.001481,-1.0008e-05
-4.2777e-19,0.0045178,-0.00089727,-0.00089124,-6.023e-06
-2.9663e-18,0.031328,-0.00042386,-0.00042101,-2.8452e-06
-2.4534e-18,0.025911,-0.00016521,-0.00016409,-1.117e-06
-9.077e-19,0.0095864,0.015871,0.015871,2.5029e-07
-6.1695e-20,0.00065157,0.033129,0.033128,1.1944e-06
2.443e-19,-0.0025801,0.018849,0.018848,7.4358e-07
2.6469e-19,-0.0016548,0.0050964,0.0050962,2.0105e-07
1.5347e-19,0.0062893,-0.0011407,-0.0011406,-4.4998e-08
6.9949e-20,0.0058036,-0.0029274,-0.0029273,-1.1549e-07
3.066e-20,0.0020967,-0.002537,-0.0025369,-1.0008e-07
1.3603e-20,2.0855e-05,-0.0015268,-0.0015267,-6.023e-08
6.9024e-21,-0.00072435,-0.00072123,-0.0007212,-2.8452e-08
3.9424e-21,-0.0007589,-0.00028379,-0.00028378,-1.117e-08
1.8314e-21,-0.00050771,-0.0084817,-0.0084817,2.5029e-09
9.4483e-22,-0.00026193,-0.01748,-0.01748,1.1944e-08
3.9737e-22,-0.00011016,-0.0099242,-0.0099242,7.4358e-09
1.422e-22,-3.9422e-05,-0.0026833,-0.0026833,2.0105e-09
-0.00045979,-1.0833e-05,0.00060057,0.00060057,-4.4998e-10
-0.019823,6.2472e-05,0.0015413,0.0015413,-1.1549e-09
-0.024068,8.0069e-05,0.0013358,0.0013358,-1.0008e-09
-0.010944,3.6407e-05,0.00080386,0.00080386,-6.023e-10
-0.0020282,6.7474e-06,0.00037974,0.00037974,-2.8452e-10
0.0015944,-5.3042e-06,0.00014909,0.00014909,-1.117e-10
0.0023326,-7.7601e-06,5.0454e-05,5.0454e-05,-3.7803e-11
0.0017718,-5.8945e-06,1.51e-05,1.51e-05,-1.1314e-11
0.00098353,-3.2719e-06,-8.3859e-05,-8.3859e-05,6.2832e-11
0.00043745,-1.4553e-06,-0.00017452,-0.00017452,1.3076e-10
0.00012808,0.0031366,-9.9242e-05,-9.9242e-05,7.4358e-11
-0.00019391,0.021754,-2.6833e-05,-2.6833e-05,2.0105e-11
-0.00018901,0.017992,6.8421e-06,6.8421e-06,-4.4998e-12
-7.5642e-05,0.0066567,0.011073,0.011073,-1.092e-11
-5.1412e-06,0.00045245,0.023025,0.023025,-8.7007e-12
2.0358e-05,-0.0017916,0.013094,0.013094,-5.2794e-12
2.2414e-05,-0.0019725,0.003542,0.003542,-2.6442e-12
1.5261e-05,-0.0013431,-0.00079042,-0.00079042,-1.162e-12
7.5171e-06,0.0038301,-0.0020319,-0.0020319,-4.9351e-13
8.3951e-07,0.031072,-0.0017612,-0.0017612,-2.1327e-13
-8.5948e-07,0.025836,-0.00106,-0.00106,-6.023e-14
-3.8479e-07,0.0095647,-0.00050191,-0.00049951,-2.8452e-14
5.2979e-08,0.00064313,-0.01592,0.015748,-4.8873e-15
2.0358e-07,-0.002583,-0.032788,0.033115,9.2956e-15
2.2414e-07,-0.0028439,-0.018627,0.018849,6.304e-15
1.5261e-07,-0.0019364,-0.0050311,0.0051018,2.0105e-15
7.5171e-08,-0.00024081,0.001126,-0.0011419,-4.4998e-16
8.3951e-09,0.0048374,0.0028899,-0.0029306,-1.1549e-15
-8.5948e-09,0.004198,0.0025048,-0.0025401,-1.0008e-15
-3.8479e-09,0.0015617,0.0063765,-0.0063955,-5.3947e-16
5.2979e-10,9.6103e-05,0.010845,-0.010851,-1.5376e-16
2.0358e-09,-0.00043299,0.0060421,-0.0060434,-3.7347e-17
2.2414e-09,-0.00047673,0.0016527,-0.0016533,-1.7698e-17
1.5261e-09,-0.00032459,-0.0003204,0.00031985,-1.5818e-17
7.6618e-10,4.8816e-05,-0.00089499,0.00089458,-1.1549e-17
9.6737e-11,0.0023235,-0.00077562,0.00077527,-1.0008e-17
-9.9078e-11,0.0021968,-0.00046677,0.00046656,-6.023e-18
-4.906e-11,0.00087265,-0.0002205,0.0002204,-2.8452e-18
7.3005e-13,9.6936e-05,-8.6569e-05,8.6529e-05,-1.117e-18
1.9138e-11,-0.00019545,-2.9768e-05,2.9279e-05,-9.5057e-08
2.2823e-11,-0.00023309,-0.0062433,-3.9904e-05,-0.0012566
1.6086e-11,-0.00016428,-0.012975,-0.00010129,-0.0026152
8.4974e-12,-8.6781e-05,-0.0073782,-5.76e-05,-0.0014872
3.6395e-12,-3.7169e-05,-0.0019949,-1.5574e-05,-0.0004021
-0.00084709,-1.1334e-05,0.00044649,3.4857e-06,8.9996e-05
-0.0093763,1.9655e-05,0.0011459,8.9458e-06,0.00023097
-0.0087031,2.1005e-05,0.00099307,7.7527e-06,0.00020017
-0.0034489,8.8056e-06,0.00059763,4.6656e-06,0.00012046
-0.00038836,9.9156e-07,0.00028231,2.2039e-06,5.6903e-05
0.00076553,-1.9545e-06,4.8494e-05,3.7858e-07,9.7746e-06
0.00091292,-2.3309e-06,-9.2236e-05,-7.2006e-07,-1.8591e-05
0.00064343,-1.6428e-06,-6.2551e-05,-4.8832e-07,-1.2608e-05
0.00032564,0.0064158,-1.9949e-05,-1.5574e-07,-4.021e-06
4.6702e-05,0.044495,4.4649e-06,3.4857e-08,8.9996e-07
-2.8914e-05,0.036801,1.317e-05,-1.6216e-06,2.3097e-06
-1.3476e-05,0.013616,0.022629,-0.022619,1.876e-06
2.7056e-06,0.00092541,0.047078,-0.047073,9.4308e-07
8.1432e-06,-0.0036645,0.026771,-0.026769,4.2032e-07
8.9658e-06,-0.0040346,0.0072387,-0.0072378,1.832e-07
6.099e-06,-0.0026997,-0.0016195,0.0016199,8.4605e-08
2.4466e-06,0.004522,-0.0041573,0.0041575,4.5734e-08
3.2504e-07,0.00785,-0.0036029,0.003603,2.0017e-08
-1.4032e-08,0.0039105,-0.0021689,0.0021689,1.2046e-08
4.3247e-08,0.00082374,-0.0093432,0.0093432,4.4338e-09
9.7497e-08,-0.0004898,-0.017715,0.017715,-3.8108e-10
9.358e-08,-0.00079075,-0.0099811,0.0099811,-7.3111e-10
7.4051e-08,-0.00062573,-0.0027026,0.0027026,-1.7573e-10
4.2188e-08,-0.00035649,0.00059578,-0.00059578,8.9996e-11
1.9135e-08,-0.00016169,0.001529,-0.001529,2.3097e-10
-0.00084709,-5.4311e-05,0.0013251,-0.0013251,2.0017e-10
-0.0093763,5.8968e-05,0.00079745,-0.00079745,1.2046e-10
-0.0087031,6.7607e-05,0.00037671,-0.0003767,5.6904e-11
-0.0034489,2.9143e-05,0.0001479,-0.0001479,2.2341e-11
-0.00038836,3.2817e-06,5.0051e-05,-5.0051e-05,7.5606e-12
0.00076553,-6.4687e-06,1.4986e-05,-1.4986e-05,2.2637e-12
0.00091292,-7.7142e-06,0,0,0
0.00064343,-5.437e-06,-6.2928e-09,6.2928e-09,-9.5057e-16
0.0003399,-2.8721e-06,-8.3189e-05,8.3189e-05,-1.2566e-11
0.00014558,-1.2301e-06,-0.00017312,0.00017312,-2.6152e-11
5.2865e-05,-4.4671e-07,-9.8451e-05,9.845e-05,-1.4872e-11
1.6781e-05,-1.418e-07,-2.6619e-05,2.6619e-05,-4.021e-12
4.7621e-06,-4.024e-08,5.9578e-06,-5.9578e-06,8.9996e-13
-0.004292,1.2049e-07,1.529e-05,-1.529e-05,2.3097e-12
-0.029762,8.3551e-07,1.3251e-05,-1.3251e-05,2.0017e-12
-0.024615,6.9103e-07,7.1426e-06,-7.1426e-06,1.0789e-12
-0.0091072,2.5567e-07,2.0358e-06,-2.0358e-06,3.0752e-13
-0.000619,1.7377e-08,4.9447e-07,-4.9447e-07,7.4693e-14
0.0024511,-6.881e-08,2.3432e-07,-2.3432e-07,3.5396e-14
0.0026732,0.00059289,2.0943e-07,-2.0943e-07,3.1636e-14
0.0015553,0.0065634,1.529e-07,-1.529e-07,2.3097e-14
0.00068601,0.0060922,1.3251e-07,-1.3251e-07,2.0017e-14
0.00029489,0.0024142,7.9745e-08,-7.9745e-08,1.2046e-14
0.00013098,0.00027185,3.7671e-08,-3.767e-08,5.6904e-15
6.7786e-05,-0.00053587,1.479e-08,-1.479e-08,2.2341e-15
4.0048e-05,-0.00063905,-1.2497e-06,1.2497e-06,7.5596e-16
1.9367e-05,-0.0004504,-0.016588,0.016588,-1.0303e-15
1.0231e-05,-0.00023793,-0.03452,0.03452,-2.6152e-15
4.3819e-06,-0.00010191,-0.019631,0.019631,-1.4872e-15
1.5912e-06,-3.7005e-05,-0.0053077,0.0053077,-4.021e-16
7.59e-08,-0.0035665,0.001188,-0.001188,8.9996e-17
-2.8329e-06,-0.024653,0.0030488,-0.0030488,2.3097e-16
-2.4615e-06,-0.020387,0.0026422,-0.0026422,2.0017e-16
-9.1072e-07,-0.007543,0.0015891,-0.0015891,1.2046e-16
-6.19e-08,-0.00051268,-0.011981,0.011981,4.4338e-17
2.4511e-07,0.0020301,-0.026202,0.026202,-3.8108e-18
2.6987e-07,0.0022352,-0.014968,0.014968,-7.3111e-18
1.8375e-07,0.0015219,-0.0040442,0.0040442,-1.7573e-18
9.4798e-08,0.00078515,0.00091184,-0.00091184,8.9996e-19
3.987e-08,0.00033022,0.0023402,-0.0023402,2.3097e-18
1.1718e-08,-0.0014277,0.0020281,-0.0020281,2.0017e-18
-2.3748e-08,-0.017074,0.0012205,-0.0012205,1.2046e-18
-2.4939e-08,-0.015872,0.00057723,-0.00057723,5.6903e-19
-1.0381e-08,-0.006294,0.0091468,-0.0091468,9.7746e-20
-1.169e-09,-0.00070874,0.018641,-0.018641,-1.8591e-19
2.3042e-09,0.001397,0.01058,-0.01058,-1.2608e-19
2.7479e-09,0.001666,0.0028544,-0.0028544,-4.021e-20
1.9367e-09,0.0011742,-0.00063886,0.00063886,8.9996e-21
9.9759e-10,0.0014519,-0.0016396,0.0016396,2.3097e-20
1.5597e-10,0.0094709,-0.0014209,0.0014209,2.0017e-20
-1.0284e-10,0.0086408,-0.00085511,0.00085511,1.2046e-20
-5.3302e-11,0.0034166,-0.00040394,0.00040394,5.6904e-21
2.6442e-12,0.00038997,-0.00015687,0.0001603,2.234e-21
2.3042e-11,-0.00075156,0.022655,0.022584,-5.0058e-22
2.7479e-11,-0.00089626,0.047243,0.046904,-2.3888e-21
1.9367e-11,-0.00063169,0.026875,0.026663,-1.4872e-21
0.0035648,-0.00031969,0.0072663,0.0072092,-4.021e-22
0.024719,-4.585e-05,-0.0016263,-0.0016135,8.9996e-23
0.020445,2.8387e-05,-0.0041739,-0.0041411,2.3097e-22
0.0075642,1.323e-05,-0.0033901,-0.0033635,1.876e-22
0.00051412,-2.6562e-06,-0.0017042,-0.0016909,9.4308e-23
-0.0020358,-7.9946e-06,-0.00075957,-0.0007536,4.2032e-23
-0.0022414,-8.8021e-06,-0.00033106,-0.00032846,1.832e-23
-0.0050553,-5.8532e-06,-0.00015289,-0.00015169,8.4605e-24
-0.02526,-2.1212e-06,-8.2646e-05,-8.1997e-05,4.5734e-24
-0.020571,-4.9754e-07,-3.6172e-05,-3.5888e-05,2.0017e-24
-0.007607,-1.683e-07,-2.1768e-05,-2.1597e-05,1.2046e-24
-0.00054614,-1.2575e-07,-1.0283e-05,-1.0202e-05,5.6904e-25
0.002005,-1.2094e-07,-4.0371e-06,-4.0053e-06,2.234e-25
0.002219,-8.8021e-08,9.046e-07,8.9749e-07,-5.0058e-26
0.0015109,-5.9932e-08,4.3168e-06,4.2829e-06,-2.3888e-25
0.00077948,-3.0919e-08,2.6875e-06,2.6663e-06,-1.4872e-25
0.00032783,-1.3004e-08,7.2663e-07,7.2092e-07,-4.021e-26
0.00011731,-4.6535e-09,-1.6263e-07,-1.6135e-07,8.9996e-27
-0.0028503,-5.9468e-11,-4.1739e-07,-4.1411e-07,2.3097e-26
-0.02001,9.2973e-09,-3.6172e-07,-3.5888e-07,2.0017e-26
-0.016558,8.0287e-09,-2.1768e-07,-2.1597e-07,1.2046e-26
-0.0061262,2.9704e-09,-1.0283e-07,-1.0202e-07,5.6904e-27
-0.00041639,2.019e-10,-4.0372e-08,-4.0055e-08,2.2341e-27
0.0016488,-7.9946e-10,-1.3661e-08,-1.3554e-08,7.5596e-28
0.0018153,-8.8021e-10,1.8618e-08,1.8472e-08,-1.0303e-27
0.001236,-5.9932e-10,4.7259e-08,4.6888e-08,-2.6152e-27
0.00063768,-3.0919e-10,2.6875e-08,2.6663e-08,-1.4872e-27
0.00023932,0.0052759,7.2663e-09,7.2092e-09,-4.021e-28
-0.00010423,0.036585,-1.6263e-09,-1.6135e-09,8.9996e-29
-0.00013548,0.030258,-1.411e-06,-1.411e-06,2.3097e-28
-5.2807e-05,0.011195,-0.018598,-0.018598,1.876e-28
-4.1639e-06,0.0007609,-0.038705,-0.038705,9.4308e-29
1.6488e-05,-0.003013,-0.02201,-0.02201,4.2032e-29
1.8153e-05,-0.0033173,-0.0059511,-0.0059511,1.832e-29
1.2072e-05,-0.0022059,0.0013319,0.0013319,8.4605e-30
4.3748e-06,-0.00079944,0.0034184,0.0034184,4.5734e-30
1.0261e-06,-0.00018751,0.0029624,0.0029624,2.0017e-30
3.471e-07,-6.3429e-05,0.0015968,0.0015968,1.0789e-30
2.5934e-07,-4.7391e-05,0.00045513,0.00045513,3.0752e-31
2.4771e-07,-4.5266e-05,0.00011055,0.00011055,7.4693e-32
1.6255e-07,-2.9704e-05,5.2386e-05,5.2386e-05,3.5396e-32
1.0598e-07,-1.9367e-05,4.6822e-05,4.6822e-05,3.1636e-32
5.6785e-08,-1.0377e-05,3.4184e-05,3.4184e-05,2.3097e-32
2.6033e-08,-4.7572e-06,2.9625e-05,2.9625e-05,2.0017e-32
1.1147e-08,-2.037e-06,1.7828e-05,1.7828e-05,1.2046e-32
4.8582e-09,-8.8778e-07,6.562e-06,6.562e-06,4.4338e-33
2.1482e-09,-3.9257e-07,-5.64e-07,-5.64e-07,-3.8108e-34
6.882e-10,-1.2576e-07,-1.082e-06,-1.082e-06,-7.3111e-34
2.9476e-10,-5.3864e-08,-2.6008e-07,-2.6008e-07,-1.7573e-34
1.0704e-10,-1.956e-08,1.3319e-07,1.3319e-07,8.9996e-35
3.3977e-11,-6.2088e-09,3.4184e-07,3.4184e-07,2.3097e-34
-1.9229e-11,0.003137,2.9625e-07,2.9625e-07,2.0017e-34
-2.002e-10,0.021753,1.7828e-07,1.7828e-07,1.2046e-34
-1.6558e-10,0.017991,8.4218e-08,8.4218e-08,5.6904e-35
-6.1262e-11,0.0066565,-8.0344e-07,3.3063e-08,-8.365e-07
-4.1639e-12,0.00045243,-0.011058,-7.4086e-09,-0.011058
1.6488e-11,-0.0017915,-0.023014,-3.5354e-08,-0.023014
-0.0012706,-0.0019538,-0.013087,-2.201e-08,-0.013087
-0.014064,-0.0011367,-0.0035385,-5.9511e-09,-0.0035385
-0.013055,-0.00050141,0.00079197,1.3319e-09,0.00079197
-0.0051733,-0.00021553,0.0020326,3.4184e-09,0.0020326
-0.00058255,-9.5735e-05,0.0017615,2.9625e-09,0.0017615
0.0011483,-4.9544e-05,0.0010601,1.7828e-09,0.00106
0.0013694,-2.9271e-05,0.00050075,8.4217e-10,0.00050075
0.00096514,-1.4155e-05,8.6017e-05,1.4466e-10,8.6017e-05
0.00050984,-7.4777e-06,-0.0001636,-2.7515e-10,-0.0001636
0.00021837,-3.2028e-06,-0.00011095,-1.866e-10,-0.00011095
7.9297e-05,-1.163e-06,-3.5385e-05,-5.9511e-11,-3.5385e-05
1.8614e-05,-2.7301e-07,7.9197e-06,1.3319e-11,7.9197e-06
-0.00012364,1.8134e-06,2.0326e-05,3.4184e-11,2.0326e-05
-0.00013787,2.0221e-06,1.7615e-05,2.9625e-11,1.7615e-05
-5.8497e-05,8.5796e-07,1.0601e-05,1.7828e-11,1.06e-05
-8.8475e-06,1.2976e-07,5.0075e-06,8.4217e-12,5.0075e-06
1.0604e-05,-1.5552e-07,8.6017e-07,1.4466e-12,8.6017e-07
1.3879e-05,-2.0356e-07,-1.636e-06,-2.7515e-12,-1.636e-06
1.0144e-05,-1.4878e-07,-1.1095e-06,-1.866e-12,-1.1095e-06
5.2771e-06,0.00064158,-3.5385e-07,-5.9511e-13,-3.5385e-07
9.1292e-07,0.0044495,7.9197e-08,1.3319e-13,7.9197e-08
-3.4347e-07,0.0036801,-1.1466e-06,1.3498e-06,2.0325e-07
-1.7001e-07,0.0013615,-0.017844,0.017844,1.6509e-07
5.0539e-08,9.2541e-05,-0.037135,0.037136,8.2991e-08
1.2215e-07,-0.00036644,-0.021118,0.021118,3.6989e-08
1.3449e-07,-0.00040346,-0.0057098,0.0057098,1.6122e-08
9.1569e-08,-0.00027471,0.001278,-0.0012779,7.4453e-09
4.7241e-08,-0.00014172,0.0032798,-0.0032798,4.0246e-09
1.773e-08,0.0017292,0.0028424,-0.0028424,1.7615e-09
-7.7217e-09,0.012383,0.0017105,-0.0017105,1.06e-09
-1.0037e-08,0.010252,0.00080804,-0.00080804,5.0076e-10
-3.9121e-09,0.0037938,0.0003177,-0.00031723,-4.7509e-07
-3.0847e-10,0.00025799,0.0062121,7.1082e-05,-0.0062832
1.2215e-09,-0.0010216,0.012737,0.00033921,-0.013076
1.3449e-09,-0.0011248,0.0072247,0.00021118,-0.0074358
9.1569e-10,-0.00076582,0.0019534,5.7098e-05,-0.0020105
-0.0014259,-0.00037721,-0.0004372,-1.2779e-05,0.00044998
-0.0098877,-4.2127e-05,-0.0011221,-3.2798e-05,0.0011549
-0.0081779,4.3129e-05,-0.0009724,-2.8423e-05,0.0010008
-0.0030257,1.9309e-05,-0.00052415,-1.5321e-05,0.00053947
-0.00020565,-2.6585e-06,-0.00014939,-4.3668e-06,0.00015376
0.00081432,-1.0216e-05,-3.6286e-05,-1.0606e-06,3.7347e-05
0.00089658,-1.1248e-05,-1.7195e-05,-5.0262e-07,1.7698e-05
0.00061046,-7.6582e-06,-1.5369e-05,-4.4924e-07,1.5818e-05
0.00031494,-3.9509e-06,-1.1221e-05,-3.2798e-07,1.1549e-05
0.0001182,0.0029929,-9.7241e-06,-2.8424e-07,1.0008e-05
-5.1478e-05,0.020765,-5.8519e-06,-1.7105e-07,6.023e-06
-6.6914e-05,0.017174,-3.5628e-06,-8.7928e-07,2.8452e-06
-2.6081e-05,0.0063542,-0.010556,-0.010556,4.8873e-07
-2.0565e-06,0.00043189,-0.021967,-0.021967,-9.2956e-07
8.1432e-06,-0.0017102,-0.012492,-0.012492,-6.304e-07
8.9658e-06,-0.0018829,-0.0033774,-0.0033776,-2.0105e-07
6.1046e-06,-0.001282,0.00075593,0.00075597,4.4998e-08
3.0068e-06,0.0068545,0.0019401,0.0019402,1.1549e-07
3.3581e-07,0.05184,0.0016813,0.0016814,1.0008e-07
-3.4379e-07,0.043006,0.0010118,0.0010119,6.023e-08
-1.5392e-07,0.015917,0.00047797,0.00047799,2.8452e-08
2.1192e-08,0.0010752,0.00018964,0.00018766,-1.985e-06
8.1432e-08,-0.0042923,0.026347,-4.2049e-05,-0.026389
8.9658e-08,-0.0047259,0.054718,-0.00020066,-0.054919
6.1046e-08,-0.0032177,0.031106,-0.00012492,-0.031231
3.1494e-08,-0.0016601,0.0084103,-3.3776e-05,-0.0084441
1.2399e-08,-0.00065354,-0.0018824,7.5597e-06,0.0018899
-4.6363e-09,0.00024438,-0.004831,1.9402e-05,0.0048504
-7.2166e-09,0.00038039,-0.0041867,1.6814e-05,0.0042035
-3.0313e-09,0.00015978,-0.0025195,1.0119e-05,0.0025297
-3.8836e-10,2.0471e-05,-0.0011902,4.7799e-06,0.001195
7.6553e-10,-4.0351e-05,-0.00046728,1.8766e-06,0.00046916
9.1292e-10,-4.812e-05,-0.00015812,6.3501e-07,0.00015875
6.4343e-10,-3.3915e-05,0.00021549,-8.6542e-07,-0.00021636
3.399e-10,-1.7916e-05,0.00054699,-2.1967e-06,-0.00054919
1.4558e-10,-7.6735e-06,0.00031106,-1.2492e-06,-0.00031231
4.8493e-11,0.00069683,8.4103e-05,-3.3776e-07,-8.4441e-05
-7.0409e-11,0.013954,-1.8824e-05,7.5597e-08,1.8899e-05
-8.715e-11,0.01471,-4.831e-05,1.9402e-07,4.8504e-05
-3.8998e-11,0.0062418,-4.1867e-05,1.6814e-07,4.2035e-05
-5.8984e-12,0.00094405,-2.5195e-05,1.0119e-07,2.5297e-05
7.0691e-12,-0.0011314,-1.1293e-05,6.5616e-07,1.195e-05
9.2526e-12,-0.0014809,0.0080404,0.0080425,2.0527e-06
6.7628e-12,-0.0010824,0.016741,0.016737,-3.9042e-06
3.6606e-12,-0.0005859,0.0095205,0.0095179,-2.6477e-06
1.5974e-12,-0.00025567,0.0025743,0.0025734,-8.4441e-07
5.8881e-13,-9.424e-05,-0.00057617,-0.00057598,1.8899e-07
4.6633e-14,-7.4637e-06,-0.0014787,-0.0014782,4.8504e-07
-9.3452e-13,0.00014957,-0.0012815,-0.0012811,4.2035e-07
-8.1779e-13,0.00013089,-0.0007712,-0.00077094,2.5297e-07
-3.0257e-13,4.8427e-05,-0.0003643,-0.00036418,1.195e-07
-2.0565e-14,3.2915e-06,-6.2578e-05,-6.2557e-05,2.0527e-08
8.1432e-14,-1.3033e-05,0.00011902,0.00011898,-3.9042e-08
8.9658e-14,-1.435e-05,8.0717e-05,8.0691e-05,-2.6477e-08
6.0199e-14,0.0023622,2.5743e-05,2.5734e-05,-8.4441e-09
2.2118e-14,0.02625,-5.7617e-06,-5.7598e-06,1.8899e-09
4.5427e-15,0.024368,-1.4787e-05,-1.4782e-05,4.8504e-09
1.2911e-15,0.0096567,-1.2815e-05,-1.2811e-05,4.2035e-09
1.0981e-15,0.0010872,-7.712e-06,-7.7094e-06,2.5297e-09
1.1831e-15,-0.0021437,-4.7076e-06,-4.7064e-06,1.195e-09
9.1292e-16,-0.0025563,-0.014075,-0.014075,2.0527e-10
6.4343e-16,-0.0018017,-0.029289,-0.029289,-3.9042e-10
3.399e-16,-0.00095176,-0.016655,-0.016655,-2.6477e-10
1.4558e-16,-0.00040765,-0.0045032,-0.0045032,-8.4441e-11
3.8606e-17,0.0048826,0.0010079,0.0010079,1.8899e-11
-8.2097e-17,0.034837,0.0025867,0.0025867,4.8504e-11
-7.7017e-17,0.028838,0.0022404,0.0022404,4.2035e-11
-3.0257e-17,0.010675,-0.016385,-0.016385,2.2658e-11
-2.0565e-18,0.00072553,-0.036268,-0.036268,6.458e-12
8.1432e-18,-0.0028729,-0.020737,-0.020737,1.5686e-12
8.8232e-18,-0.0011165,-0.0055897,-0.0055897,7.4332e-13
5.1158e-18,0.012038,0.0012954,0.0012954,6.6437e-13
2.3316e-18,0.010626,0.0032595,0.0032595,4.8504e-13
1.022e-18,0.0038754,0.0028242,0.0028253,4.2035e-13
4.5343e-19,0.00012794,-0.0055146,0.0085598,2.2658e-13
2.3008e-19,-0.0012212,-0.014211,0.015079,6.458e-14
1.3141e-19,-0.0013016,-0.0082227,0.0084335,1.5686e-14
6.1046e-20,-0.00087618,-0.0022018,0.0023017,7.4332e-15
3.1494e-20,-0.00045203,0.00054863,-0.00045933,6.6437e-15
1.1081e-20,0.011532,0.001326,-0.0012608,4.8504e-15
-5.5079e-21,0.055417,0.0011492,-0.0010927,4.2035e-15
-6.1425e-21,0.041285,0.00069158,-0.00065758,2.5297e-15
-2.2129e-21,0.014236,0.00032669,-0.00031063,1.195e-15
-4.0522e-23,0.0002194,0.00013031,-0.0001199,4.6914e-16
8.5392e-22,-0.0046234,0.027115,0.027171,-1.0512e-16
8.7671e-22,-0.0047468,0.056351,0.056618,-5.0165e-16
5.7761e-22,-0.0031274,0.032037,0.032204,-3.1231e-16
2.7697e-22,0.00042535,0.0086622,0.0087073,-8.4441e-17
2.1448e-23,0.013232,-0.0019388,-0.0019488,1.8899e-17
-3.9335e-23,0.011253,-0.0049773,-0.005,4.8504e-17
-1.7103e-23,0.0041772,-0.024902,0.016798,3.9396e-17
1.6015e-24,0.00026896,-0.045444,0.04137,1.9805e-17
8.1432e-24,-0.0011434,-0.025592,0.023777,8.8268e-18
8.9658e-24,-0.0012589,-0.0070695,0.0062781,3.8472e-18
6.1046e-24,-0.00085717,0.0013117,-0.0016772,1.7767e-18
-0.0028518,-0.0004222,0.0037356,-0.0039332,9.6041e-19
-0.019775,-4.7152e-05,0.0032796,-0.0033661,4.2035e-19
-0.016356,4.8273e-05,0.0019737,-0.0020257,2.5297e-19
-0.0060513,2.1612e-05,0.00093233,-0.00095691,1.195e-19
-0.0004113,-2.9756e-06,0.00016015,-0.00016438,2.0527e-20
0.0016286,-1.1434e-05,-0.00030461,0.00031264,-3.9042e-20
0.0017932,-1.2589e-05,-0.00020658,0.00021202,-2.6477e-20
0.0012122,0.0005816,-6.5882e-05,6.7619e-05,-8.4441e-21
0.0004555,0.011767,1.4746e-05,-1.5134e-05,1.8899e-21
8.1092e-05,0.012408,3.7844e-05,-3.8841e-05,4.8504e-21
1.6803e-05,0.0052646,3.2796e-05,-3.3661e-05,4.2035e-21
1.7933e-05,0.00079615,1.9737e-05,-2.0257e-05,2.5297e-21
2.2489e-05,-0.00095448,9.3235e-06,-9.5693e-06,1.195e-21
1.8505e-05,-0.0012492,2.0824e-06,-2.1789e-06,4.6914e-22
1.3526e-05,-0.00091307,-0.020861,0.020861,-1.0512e-22
7.3213e-06,-0.00049424,-0.043416,0.043416,-5.0165e-22
3.1948e-06,-0.00021567,-0.024689,0.024689,-3.1231e-22
1.1776e-06,-7.9497e-05,-0.0066755,0.0066755,-8.4441e-23
3.7845e-07,-2.5548e-05,0.0014941,-0.0014941,1.8899e-23
-1.7667e-07,0.0040045,0.0038345,-0.0038345,4.8504e-23
-1.9775e-06,0.027819,0.0033231,-0.0033231,4.2035e-23
-1.6356e-06,0.023009,0.0019998,-0.0019998,2.5297e-23
-6.0513e-07,0.0085127,0.0009447,-0.0009447,1.195e-23
-4.113e-08,0.00057859,0.00036982,-0.00036982,4.6914e-24
1.6286e-07,-0.0022911,-0.014157,0.014157,-1.0512e-24
1.7932e-07,-0.0025225,-0.029687,0.029687,-5.0165e-24
1.2209e-07,-0.0017175,-0.016903,0.016903,-3.1231e-24
-3.1724e-07,-0.00088608,-0.0045703,0.0045703,-8.4441e-25
-0.0050265,-0.00023125,0.0010229,-0.0010229,1.8899e-25
-0.010461,0.00016095,0.0026252,-0.0026252,4.8504e-25
-0.0059487,0.00012554,0.0022751,-0.0022751,4.2035e-25
-0.0016084,3.3504e-05,0.0013692,-0.0013692,2.5297e-25
0.00035999,-1.0128e-05,0.00064677,-0.00064677,1.195e-25
0.00092389,-2.5994e-05,0.00025393,-0.00025393,4.6916e-26
0.00080067,-2.2527e-05,8.5923e-05,-8.5923e-05,1.5875e-26
0.00048184,-1.3557e-05,-0.0001171,0.0001171,-2.1636e-26
0.00022762,-6.404e-06,-0.00029724,0.00029724,-5.4919e-26
8.9364e-05,-2.5143e-06,-0.00016903,0.00016903,-3.1231e-26
-0.0035488,-4.4969e-07,-4.5703e-05,4.5703e-05,-8.4441e-27
-0.024809,2.5272e-06,1.0229e-05,-1.0229e-05,1.8899e-27
-0.020527,2.3009e-06,2.6252e-05,-2.6252e-05,4.8504e-27
-0.0075944,8.5127e-07,2.2751e-05,-2.2751e-05,4.2035e-27
-0.00051618,5.7859e-08,1.2263e-05,-1.2263e-05,2.2658e-27
0.0020439,-2.2911e-07,3.4953e-06,-3.4953e-06,6.458e-28
0.0022504,-2.5225e-07,8.4896e-07,-8.4896e-07,1.5686e-28
-0.0013554,-1.6774e-07,4.0231e-07,-4.0231e-07,7.4332e-29
-0.019233,-6.079e-08,3.5958e-07,-3.5958e-07,6.6437e-29
-0.016229,-1.4259e-08,2.6252e-07,-2.6252e-07,4.8504e-29
-0.0060083,-4.8232e-09,2.1323e-07,-2.1323e-07,3.9396e-29
-0.00037915,-3.6036e-09,1.0719e-07,-1.0719e-07,1.9805e-29
0.0016596,-3.4659e-09,4.7774e-08,-4.7774e-08,8.8268e-30
0.0018157,-2.5225e-09,2.0823e-08,-2.0823e-08,3.8472e-30
-0.0023574,-1.6774e-09,9.6163e-09,-9.6163e-09,1.7767e-30
-0.024282,-6.079e-10,5.1981e-09,-5.1981e-09,9.6041e-31
-0.020342,-1.4259e-10,2.2751e-09,-2.2751e-09,4.2035e-31
-0.0075294,-4.8232e-11,1.3692e-09,-1.3692e-09,2.5297e-31
-0.00048819,-3.6036e-11,6.4677e-10,-6.4677e-10,1.195e-31
0.0020607,-3.4659e-11,2.5392e-10,-2.5392e-10,4.6914e-32
0.0022596,-2.5225e-11,-5.6896e-11,5.6896e-11,-1.0512e-32
0.0015385,-1.7175e-11,-2.7151e-10,2.7151e-10,-5.0165e-32
0.0007578,0.0042777,-1.6903e-10,1.6903e-10,-3.1231e-32
8.4631e-05,0.029663,-4.5703e-11,4.5703e-11,-8.4441e-33
-8.6644e-05,0.024534,1.0229e-11,-1.0229e-11,1.8899e-33
-3.8791e-05,0.009077,2.6252e-11,-2.6252e-11,4.8504e-33
5.3409e-06,0.00061695,2.2751e-11,-2.2751e-11,4.2035e-33
2.0523e-05,-0.002443,-1.711e-06,1.711e-06,2.5296e-33
2.2596e-05,-0.0026897,-0.022619,0.022619,9.3109e-34
1.5385e-05,-0.0018314,-0.047073,0.047073,-8.0027e-35
7.9373e-06,-0.00094483,-0.026769,0.026769,-1.5353e-34
3.3383e-06,-0.00039737,-0.0072378,0.0072378,-3.6903e-35
1.1946e-06,-0.0001422,0.0016199,-0.0016199,1.8899e-35
-0.0021388,-1.8172e-06,0.0041575,-0.0041575,4.8504e-35
-0.014834,0.00028411,0.003603,-0.003603,4.2035e-35
-0.012269,0.00024534,0.0021683,-0.0021683,2.5297e-35
-0.0045393,9.077e-05,0.0010243,-0.0010243,1.195e-35
-0.00030853,6.1695e-06,0.00017594,-0.00017594,2.0527e-36
0.0012217,-2.443e-05,-0.00033464,0.00033464,-3.9042e-36
0.0013451,-2.6897e-05,-0.00022694,0.00022694,-2.6477e-36
5.604e-05,-1.806e-05,-7.2378e-05,7.2378e-05,-8.4441e-37
-0.0090445,-6.6354e-06,1.6199e-05,-1.6199e-05,1.8899e-37
-0.008635,-1.3628e-06,4.1575e-05,-4.1575e-05,4.8504e-37
-0.0034295,-3.8732e-07,3.603e-05,-3.603e-05,4.2035e-37
-0.00037189,-3.2944e-07,2.1683e-05,-2.1683e-05,2.5296e-37
0.00078328,-3.5493e-07,7.9808e-06,-7.9808e-06,9.3109e-38
0.00092662,-2.7388e-07,-6.8594e-07,6.8594e-07,-8.0027e-39
0.00065308,-1.9303e-07,-1.316e-06,1.316e-06,-1.5353e-38
0.00034499,-1.0197e-07,-3.1631e-07,3.1631e-07,-3.6903e-39
0.00014776,-4.3674e-08,1.6199e-07,-1.6199e-07,1.8899e-39
5.3658e-05,-1.5859e-08,4.1575e-07,-4.1575e-07,4.8504e-39
-4.9434e-06,0.010284,3.603e-07,-3.603e-07,4.2035e-39
-9.9182e-05,0.048677,2.1683e-07,-2.1683e-07,2.5297e-39
-7.7434e-05,0.036238,1.0243e-07,-1.0243e-07,1.195e-39
-2.6699e-05,0.012495,4.0214e-08,-4.0214e-08,4.6916e-40
-4.113e-07,0.00019248,1.8197e-06,-1.8197e-06,1.5875e-40
8.6673e-06,-0.0040561,0.023876,-0.023876,-2.1636e-40
8.8986e-06,-0.0041644,0.049688,-0.049688,-5.4919e-40
5.8628e-06,-0.0027437,0.028256,-0.028256,-3.1231e-40
2.956e-06,-0.0013833,0.0076399,-0.0076399,-8.4441e-41
-0.0064943,-0.00046871,-0.0017099,0.0017099,1.8899e-41
-0.030744,0.00028516,-0.0043885,0.0043885,4.8504e-41
-0.022888,0.0002999,-0.0038031,0.0038031,4.2035e-41
-0.0078915,0.00010757,-0.00205,0.00205,2.2658e-41
-0.00012157,1.9248e-06,-0.00058429,0.00058429,6.4579e-42
0.0025619,-4.0561e-05,-0.00014192,0.00014192,1.5685e-42
0.0026302,-4.1644e-05,-6.7252e-05,6.7252e-05,7.4331e-43
0.0017329,-2.7437e-05,-6.0109e-05,6.0109e-05,6.6437e-43
0.00087372,-1.3833e-05,-4.3885e-05,4.3885e-05,4.8504e-43
0.00036099,-5.7155e-06,-3.8032e-05,3.8032e-05,4.2035e-43
0.00012734,-2.0161e-06,-2.2887e-05,2.2887e-05,2.5297e-43
3.9461e-05,-6.2478e-07,-1.0812e-05,1.0812e-05,1.195e-43
1.0974e-05,-1.7376e-07,-4.2448e-06,4.2448e-06,4.6916e-44
0,0,-1.4365e-06,1.4365e-06,1.5877e-44
0,0,-4.301e-07,4.301e-07,4.7538e-45
0,0,0,0,0
0,0,0,0,0
0,0,0,0,0
