0,0,0,0,0
0,0,0,0,0
0,0,0,0,0
0,0,0,0,0
0,0,0,0,0
0,0,0,0,0
0,0,0,0,0
0,0,0,0,0
0,0,0,0,0
0,-0.0010928,0,0,0
0,-0.021797,0,0,0
0,-0.022978,0,0,0
0,-0.0097496,0,0,0
0,-0.0014746,0,0,0
0,0.0017673,0,0,0
0,0.0023131,0,0,0
0,0.0016907,0,0,0
0,0.00091516,9.5057e-07,0,9.5057e-07
0,0.00039935,0.012566,0,0.012566
0,0.0001472,0.026152,0,0.026152
0,4.7306e-05,0.014872,0,0.014872
0,1.3564e-05,0.004021,0,0.004021
5.6041e-05,-5.0228e-05,-0.00089996,0,-0.00089996
0.0070287,-0.0062997,-0.0023097,0,-0.0023097
0.0099954,-0.0089587,-0.0020017,0,-0.0020017
0.0048803,-0.0043741,-0.0012046,0,-0.0012046
0.001054,-0.00094469,-0.00056904,0,-0.00056904
-0.00055741,0.0004996,-0.00022307,0,-0.00022307
-0.0009358,0.00083875,0.0044296,0,0.0044296
-0.00074051,0.00066371,0.0093532,0,0.0093532
-0.00042188,0.00037812,0.0053317,0,0.0053317
-0.00019135,0.0001715,0.0014416,0,0.0014416
-7.2745e-05,6.52e-05,-0.00032265,0,-0.00032265
-2.3978e-05,2.1491e-05,-0.00082807,0,-0.00082807
-7.0231e-06,6.2947e-06,-0.00071763,0,-0.00071763
0,0,-0.00043187,0,-0.00043187
0,0,-0.00020401,0,-0.00020401
0,0,-8.0096e-05,0,-8.0096e-05
1.3632e-07,2.2542e-06,-2.7106e-05,0,-2.7106e-05
0.0018021,0.029801,-8.1156e-06,0,-8.1156e-06
0.0037503,0.062018,0,0,0
0.0021327,0.035268,0,0,0
0.00057663,0.0095356,-2.2542e-06,2.3764e-06,1.2218e-07
-0.00012906,-0.0021342,-0.029801,0.031416,0.0016152
-0.00033123,-0.0054774,-0.062018,0.065379,0.0033614
-0.00028705,-0.0047469,-0.035268,0.037179,0.0019115
1.0529e-05,-0.0023925,-0.0095356,0.010052,0.00051683
0.0011893,0.0018692,0.0021342,-0.0022499,-0.00011568
0.0010191,0.0021322,0.0054774,-0.0057743,-0.00029687
0.00037805,0.0008056,0.0047469,-0.0050042,-0.00025728
2.3186e-05,1.326e-05,0.0028567,-0.0030115,-0.00015483
-0.00010467,-0.00026507,0.0013495,-0.0014226,-7.314e-05
-0.00011524,-0.00029185,0.00052981,-0.00055852,-2.8716e-05
-7.8464e-05,-0.00019871,0.0001778,-0.00018885,-9.674e-06
-4.048e-05,-0.00010252,-0.019678,0.0021587,0.00057616
-1.7025e-05,-4.3117e-05,-0.041064,0.0046102,0.0012051
-6.0924e-06,-1.5429e-05,-0.023352,0.0026217,0.0006853
-1.9106e-06,-4.8387e-06,-0.0063138,0.00070885,0.00018529
-5.3671e-07,-1.3592e-06,0.0014131,-0.00015865,-4.1471e-05
0,0,0.0036267,-0.00040717,-0.00010643
0,0,0.003143,-0.00035287,-9.2239e-05
0,0,0.0018915,-0.00021236,-5.5509e-05
0,0,0.00089351,-0.00010031,-2.6222e-05
0,0,0.0003508,-3.9384e-05,-1.0295e-05
0,0,0.00011872,-1.3328e-05,-3.484e-06
0,0,3.5544e-05,-3.9906e-06,-1.0431e-06
0,0,0,0,0
0,0,0,0,0
0,0,0,0,0
0,0,0,0,0
-0.00045132,2.1464e-05,0,0,0
-0.019457,0.00092535,0,0,0
-0.023625,0.0011235,0,0,0
-0.010742,0.00051087,0,0,0
-0.0019908,9.468e-05,0,0,0
0.001565,-7.4429e-05,0,0,0
0.0022897,-0.00010889,0,0,0
0.0017392,-8.2711e-05,0,0,0
0.0009654,-4.5912e-05,0,0,0
0.00042939,-2.0421e-05,-5.3511e-07,6.0077e-08,1.5704e-08
0.00016071,-7.6431e-06,-0.0070741,0.00079422,0.00020761
5.2301e-05,-2.4873e-06,-0.014722,0.0016528,0.00043205
1.5155e-05,-7.2076e-07,-0.0083719,0.00093991,0.00024569
0,0,-0.0022636,0.00025413,6.643e-05
-0.0019048,-0.0048891,0.00050663,-5.6879e-05,-1.4868e-05
-0.0090157,-0.023141,0.0013002,-0.00014598,-3.8158e-05
-0.0067117,-0.017227,0.0011268,-0.00012651,-3.3069e-05
-0.0023142,-0.0059399,0.00067812,-7.6133e-05,-1.9901e-05
-3.565e-05,-9.1505e-05,0.00032034,-3.5964e-05,-9.401e-06
0.00075125,0.0019283,0.00012577,-1.412e-05,-3.6909e-06
0.0007713,0.0019798,4.1495e-05,-4.7569e-06,-3.6891e-07
0.00050816,0.0013043,-0.014085,0.00028331,0.011635
0.00025622,0.00065765,-0.029338,0.00059257,0.024215
0.00010586,0.00027172,-0.016683,0.00033697,0.01377
3.7341e-05,9.5845e-05,-0.0045108,9.111e-05,0.0037231
1.1572e-05,2.9702e-05,0.0010096,-2.0392e-05,-0.0008333
3.2182e-06,8.2604e-06,0.0025911,-5.2335e-05,-0.0021386
0,0,0.0022455,-4.5355e-05,-0.0018534
0,0,0.0013513,-2.7295e-05,-0.0011154
2.0701e-05,-7.6715e-06,0.00063836,-1.2894e-05,-0.00052689
0.013213,-0.0048967,0.00025063,-5.0622e-06,-0.00020686
0.022455,-0.0083215,8.4816e-05,-1.7131e-06,-7.0005e-05
0.011808,-0.004376,2.5395e-05,-5.1292e-07,-2.096e-05
0.0028821,-0.0010681,0,0,0
-0.001016,0.00037652,0,0,0
-0.0020381,0.00075528,0,0,0
-0.0016849,0.00062441,-3.8231e-07,7.7219e-09,3.1555e-07
-0.00098609,0.00036543,-0.0050541,0.00010208,0.0041715
-0.00045633,0.00016911,-0.010518,0.00021244,0.0086813
-0.00017627,6.5322e-05,-0.0059812,0.00012081,0.0049368
-0.00018309,5.5485e-06,-0.0016172,3.2664e-05,0.0013348
-0.015599,-0.0020336,0.00036196,-7.3108e-06,-0.00029875
-0.022158,-0.0029011,0.00092895,-1.8763e-05,-0.00076673
-0.010819,-0.0014165,0.00080491,-1.6258e-05,-0.00066435
-0.0023365,-0.00030592,-0.0013275,2.6813e-05,0.0010957
0.0012357,0.00016179,-0.003542,7.1542e-05,0.0029235
0.0020745,0.00027161,-0.0020545,4.1497e-05,0.0016957
0.0016416,0.00021493,-0.00054938,1.1096e-05,0.00045345
0.00093521,0.00012245,0.00013887,-2.8049e-06,-0.00011462
0.00042418,5.5539e-05,0.00033304,-6.7268e-06,-0.00027488
0.00016126,2.1114e-05,0.00028862,-5.8296e-06,-0.00023822
-0.00027693,-1.2178e-05,0.00017369,-3.5083e-06,-0.00014336
-0.014215,-0.00082305,8.2051e-05,-1.6573e-06,-6.7722e-05
-0.017279,-0.0010018,3.2214e-05,-6.5066e-07,-2.6588e-05
-0.0078566,-0.00045552,1.0902e-05,-2.2019e-07,-8.998e-06
-0.0014561,-8.4422e-05,3.264e-06,-6.5927e-08,-2.694e-06
0.0011446,6.6365e-05,0,0,0
0.0016746,9.7093e-05,-4.9139e-08,9.9252e-10,4.0558e-08
0.001272,7.375e-05,-0.00064962,1.3121e-05,0.00053618
0.00070608,4.0938e-05,-0.0013519,2.7306e-05,0.0011158
0.00031405,1.8208e-05,-0.00076879,1.5528e-05,0.00063454
0.00011673,6.8008e-06,-0.00020786,4.1985e-06,0.00017157
-0.010736,-0.0001853,4.6523e-05,-9.3969e-07,-3.8399e-05
-0.022411,-0.00038961,0.0001194,-2.4117e-06,-9.855e-05
-0.012751,-0.00022192,0.00010348,-2.09e-06,-8.5406e-05
-0.0034475,-6.0003e-05,6.2271e-05,-1.2578e-06,-5.1397e-05
0.00077161,1.343e-05,2.9416e-05,-5.9416e-07,-2.428e-05
0.0019803,3.4467e-05,1.1549e-05,-2.3327e-07,-9.5323e-06
0.0017162,2.987e-05,3.8908e-06,-7.8587e-08,-3.2114e-06
0.0010328,1.7976e-05,-0.00023173,4.6804e-06,0.00019126
0.00048788,8.4915e-06,-0.00048468,9.7896e-06,0.00040004
0.00019155,3.3339e-06,-0.00027562,5.567e-06,0.00022749
6.4823e-05,1.1282e-06,-7.4522e-05,1.5052e-06,6.1509e-05
1.9408e-05,3.378e-07,1.6679e-05,-3.3689e-07,-1.3767e-05
0,0,4.2807e-05,-8.6462e-07,-3.5332e-05
0,0,3.7097e-05,-7.493e-07,-3.0619e-05
0,0,2.2325e-05,-4.5093e-07,-1.8427e-05
-7.2818e-06,-1.2674e-07,1.0546e-05,-2.1301e-07,-8.7046e-06
-0.0046479,-8.0897e-05,4.1405e-06,-8.3631e-08,-3.4175e-06
-0.0078988,-0.00013748,1.4012e-06,-2.8302e-08,-1.1565e-06
-0.0041537,-7.2295e-05,4.1954e-07,-8.4738e-09,-3.4627e-07
-0.0010138,-1.7645e-05,0,0,0
0.00035739,6.2203e-06,0,0,0
0.00071692,1.2478e-05,0,0,0
0.00059269,1.0316e-05,0,0,0
0.00034687,6.0372e-06,9.4425e-07,-9.5044e-07,5.2131e-09
0.00016052,2.7938e-06,0.012483,-0.012565,6.8916e-05
6.2003e-05,1.0792e-06,0.025978,-0.026148,0.00014342
2.0706e-05,3.6039e-07,0.014773,-0.01487,8.1559e-05
6.1311e-06,1.0671e-07,0.0039943,-0.0040204,2.2052e-05
-2.6106e-06,2.3644e-05,-0.00089398,0.00089984,-4.9356e-06
-0.0016663,0.015092,-0.0022944,0.0023094,-1.2667e-05
-0.0028318,0.025648,-0.0019884,0.0020014,-1.0977e-05
-0.0014892,0.013487,-0.0011966,0.0012044,-6.6062e-06
-0.00036347,0.0032919,-0.00056526,0.00056896,-3.1207e-06
0.00012813,-0.0011605,-0.00022193,0.00022338,-1.2252e-06
0.00025703,-0.0023278,-7.5103e-05,7.5596e-05,-4.1464e-07
0.00021249,-0.0019245,-2.1197e-05,2.1342e-05,-1.2228e-07
0.00012436,-0.0011263,0.017042,-0.017071,2.4707e-05
5.7548e-05,-0.00052121,0.035465,-0.035526,5.1419e-05
2.2229e-05,-0.00020133,0.020168,-0.020203,2.924e-05
7.4234e-06,-6.7233e-05,0.005453,-0.0054624,7.9059e-06
2.1981e-06,-1.9908e-05,-0.0012205,0.0012226,-1.7695e-06
0,0,-0.0031323,0.0031377,-4.5413e-06
-0.00011762,5.0132e-05,-0.0027145,0.0027192,-3.9356e-06
-0.014752,0.0062877,-0.0016336,0.0016364,-2.3684e-06
-0.020978,0.0089416,-0.00077169,0.00077302,-1.1188e-06
-0.010243,0.0043657,-0.00030297,0.00030349,-4.3926e-07
-0.0022121,0.00094288,-0.00010253,0.00010271,-1.4865e-07
0.0011699,-0.00049864,-3.0699e-05,3.0751e-05,-4.4508e-08
0.001964,-0.00083714,0,0,0
0.0015542,-0.00066244,4.6216e-07,-4.6296e-07,6.7005e-10
0.00088542,-0.0003774,0.0061097,-0.0061202,8.858e-06
0.0004016,-0.00017118,0.012715,-0.012737,1.8434e-05
0.00015267,-6.5075e-05,0.0072305,-0.007243,1.0483e-05
8.1576e-06,-3.4771e-06,0.001955,-0.0019583,2.8344e-06
-0.0052739,0.0022479,-0.00043756,0.00043831,-6.3438e-07
-0.0075209,0.0032057,-0.001123,0.0011249,-1.6281e-06
-0.0036721,0.0015652,-0.0009732,0.00097487,-1.411e-06
-0.00079308,0.00033804,-0.00058567,0.00058668,-8.4912e-07
0.00041941,-0.00017877,-0.0002765,0.00027697,-4.0087e-07
0.00070413,-0.00030013,0.0020818,-0.0020854,3.0182e-06
0.00055719,-0.00023749,0.0045217,-0.0045295,6.5557e-06
0.00031744,-0.0001353,0.0025812,-0.0025857,3.7424e-06
0.00014398,-6.1369e-05,0.00070089,-0.00070209,1.0162e-06
5.4736e-05,-2.333e-05,-0.00015687,0.00015714,-2.2744e-07
1.8042e-05,-7.6902e-06,-0.0004026,0.00040329,-5.837e-07
5.2845e-06,-2.2524e-06,-0.00034891,0.00034951,-5.0585e-07
-0.00081968,-0.0048162,-0.00020997,0.00021033,-3.0442e-07
-0.0028212,-0.016576,-9.9188e-05,9.9359e-05,-1.4381e-07
-0.0019067,-0.011203,-3.8942e-05,3.9009e-05,-5.6459e-08
-0.00061046,-0.0035868,-1.3179e-05,1.3201e-05,-1.9107e-08
2.9166e-05,0.00017137,-4.5328e-06,4.5394e-06,-5.6346e-09
0.00023873,0.0014027,-0.0077598,0.0077585,1.1385e-06
0.00023032,0.0013533,-0.016149,0.016146,2.3694e-06
0.00014705,0.000864,-0.0091834,0.0091818,1.3474e-06
-6.5399e-05,-0.00038426,-0.002483,0.0024826,3.6431e-07
-0.00092684,-0.0054458,0.00055574,-0.00055564,-8.1539e-08
-0.00078067,-0.0045869,0.0014263,-0.001426,-2.0927e-07
-0.00028949,-0.0017009,0.001236,-0.0012358,-1.8136e-07
-1.9889e-05,-0.00011686,0.00074385,-0.00074372,-1.0914e-07
7.8756e-05,0.00046274,0.00035139,-0.00035133,-5.1556e-08
8.6711e-05,0.00050948,0.00013796,-0.00013793,-2.0241e-08
5.904e-05,0.00034689,4.6477e-05,-4.6469e-05,-6.8192e-09
3.0459e-05,0.00017897,-0.002768,0.0027676,4.0613e-07
1.281e-05,7.527e-05,-0.0057896,0.0057886,8.4947e-07
4.5842e-06,2.6935e-05,-0.0032924,0.0032918,4.8307e-07
1.4376e-06,8.447e-06,-0.00089019,0.00089003,1.3061e-07
4.0384e-07,2.3728e-06,0.00019924,-0.0001992,-2.9233e-08
0,0,0.00051134,-0.00051125,-7.5025e-08
0,0,0.00044314,-0.00044306,-6.5019e-08
-1.9431e-06,0.00017632,0.00026668,-0.00026664,-3.9128e-08
-0.00024371,0.022114,0.00012598,-0.00012596,-1.8484e-08
-0.00034657,0.031448,4.946e-05,-4.9451e-05,-7.2569e-09
-0.00016922,0.015355,1.6738e-05,-1.6735e-05,-2.4559e-09
-3.6546e-05,0.0033162,5.0115e-06,-5.0106e-06,-7.353e-10
1.9327e-05,-0.0017537,0,0,0
3.2447e-05,-0.0029443,0,0,0
2.5676e-05,-0.0023298,0,0,0
1.4628e-05,-0.0013273,-1.3492e-06,1.3492e-06,1.107e-11
6.6347e-06,-0.00060204,-0.017836,0.017836,1.4634e-07
2.5223e-06,-0.00022887,-0.037119,0.037119,3.0455e-07
8.314e-07,-7.5442e-05,-0.021108,0.021108,1.7319e-07
-0.00087943,0.00047097,-0.0057073,0.0057072,4.6826e-08
-0.017546,0.0098349,0.0012774,-0.0012774,-1.048e-08
-0.018497,0.010368,0.0032783,-0.0032783,-2.6898e-08
-0.0078481,0.0043989,0.0028406,-0.0028406,-2.3306e-08
-0.001187,0.00066533,-0.0046848,0.0046848,3.8437e-08
0.0014226,-0.00079738,-0.0125,0.0125,1.0256e-07
0.001862,-0.0010437,-0.0072506,0.0072505,5.9488e-08
0.001361,-0.00076283,-0.0019388,0.0019388,1.5907e-08
0.00073668,-0.00041292,0.00049009,-0.00049009,-4.021e-09
0.00028103,-0.00010148,0.0011753,-0.0011753,-9.6432e-09
-0.0049526,0.0098047,0.0010186,-0.0010186,-8.357e-09
-0.0071735,0.014016,0.00061298,-0.00061297,-5.0293e-09
-0.0035101,0.0068477,0.00028957,-0.00028956,-2.3758e-09
-0.00076045,0.0014802,0.00011369,-0.00011368,-9.3275e-10
0.00040216,-0.00078282,3.8473e-05,-3.8473e-05,-3.1566e-10
0.00067517,-0.0013142,1.1519e-05,-1.1519e-05,-9.451e-11
0.00053427,-0.00104,3.9692e-07,1.7342e-07,-3.8023e-07
0.00030438,-0.00059248,0.0052473,0.0022925,-0.0050265
0.00013806,-0.00026873,0.01092,0.004771,-0.010461
5.2484e-05,-0.00010216,0.0062099,0.0027131,-0.0059486
-0.0014071,0.00018641,0.001679,0.00073356,-0.0016084
-0.028407,0.0043801,-0.00037579,-0.00016418,0.00035998
-0.029951,0.0046277,-0.00096446,-0.00042137,0.00092388
-0.012708,0.0019636,-0.00083568,-0.00036511,0.00080053
-0.0019221,0.00029698,0.0013782,0.00060215,-0.0013202
0.0023036,-0.00035593,0.0036774,0.0016067,-0.0035227
0.0030151,-0.00046587,0.002133,0.00093193,-0.0020433
0.0022038,-0.0003405,0.00057038,0.0002492,-0.00054639
0.0011924,-0.00018329,-0.00014418,-6.2992e-05,0.00013811
-0.0053519,0.013393,-0.00034577,-0.00015107,0.00033123
-0.012029,0.02801,-0.00029965,-0.00013092,0.00028705
-0.006888,0.015936,-0.00018033,-7.8787e-05,0.00017275
-0.0018614,0.0043086,-8.5187e-05,-3.7218e-05,8.1604e-05
0.00042056,-0.00096495,-3.3445e-05,-1.4612e-05,3.2038e-05
0.0010794,-0.0024765,-1.2218e-05,-5.8733e-06,1.0793e-05
0.0009354,-0.0021462,-0.011895,-0.012273,-0.00064283
0.00056292,-0.0012916,-0.024748,-0.025539,-0.0013445
-8.8882e-05,0.0023217,-0.014073,-0.014523,-0.0007646
-0.0038228,0.032212,-0.0038052,-0.0039267,-0.00020673
-0.0036099,0.03004,0.00085229,0.00087948,4.6252e-05
-0.001434,0.011912,0.010489,0.010422,-0.00011288
-0.00016266,0.0013441,0.019173,0.018951,-0.00037913
0.00032064,-0.0026495,0.010966,0.010841,-0.00021219
0.00038237,-0.0031596,0.0031953,0.0031689,-4.486e-05
-0.0047446,0.0015434,-0.00038321,-0.00036671,2.8075e-05
-0.017115,0.0118,-0.0014545,-0.0014272,4.6461e-05
-0.011602,0.0082663,-0.0013011,-0.0012788,3.8059e-05
-0.0037121,0.002625,-0.00079591,-0.00078286,2.2204e-05
0.00018544,-0.00019223,-0.00037598,-0.00036981,1.0489e-05
0.0014624,-0.0011146,-0.00014761,-0.00014519,4.118e-06
0.0014089,-0.0010594,-4.973e-05,-4.8914e-05,1.3873e-06
0.00089951,-0.00067638,0.0029618,0.0029132,-8.2625e-05
0.00044352,-0.0003335,0.0061948,0.0060933,-0.00017282
0.00018009,-0.00013541,0.0035228,0.003465,-9.8276e-05
-0.00019597,0.00014736,0.00095249,0.00093687,-2.6572e-05
-0.005139,0.0038642,-0.00021318,-0.00020969,5.9472e-06
-0.0054376,0.0040887,-0.00054713,-0.00053815,1.5263e-05
-0.0023072,0.0017348,-0.00047415,-0.00046638,1.3228e-05
-0.00034895,0.00026239,-0.00028535,-0.00028067,7.9603e-06
0.00041821,-0.00031447,-0.00013471,-0.0001325,3.7581e-06
0.00054739,-0.0004116,0.0010143,0.00099765,-2.8295e-05
0.00040009,-0.00030084,0.002203,0.0021669,-6.1458e-05
0.00021657,-0.00016285,0.0012576,0.001237,-3.5084e-05
9.4503e-05,-7.106e-05,0.00034148,0.00033588,-9.5264e-06
3.4834e-05,-2.6193e-05,-7.643e-05,-7.5176e-05,2.1322e-06
1.1195e-05,-8.4177e-06,-0.00019615,-0.00019294,5.4721e-06
3.2099e-06,-2.4137e-06,-0.00016999,-0.0001672,4.7423e-06
0,0,-0.0001023,-0.00010062,2.8539e-06
0,0,-4.8326e-05,-4.7533e-05,1.3481e-06
0,0,-1.8973e-05,-1.8662e-05,5.2929e-07
-0.0068613,0.00063915,-6.4208e-06,-6.3155e-06,1.7912e-07
-0.01802,0.0016786,-1.9224e-06,-1.8909e-06,5.363e-08
-0.011137,0.0010375,0,0,0
-0.0032916,0.00030663,0,0,0
0.00041313,-3.8484e-05,0,0,0
0.0015548,-0.00014483,0,0,0
0.0014182,-0.0001321,2.8942e-08,2.8467e-08,-8.0739e-10
0.00087853,-8.1837e-05,0.00038261,0.00037633,-1.0674e-05
0.00042387,-3.9485e-05,0.00079624,0.00078318,-2.2213e-05
0.00019085,-1.2558e-05,0.0004528,0.00044537,-1.2632e-05
0.0027724,0.00039648,0.00012243,0.00012042,-3.4153e-06
0.0038777,0.00056988,-2.7401e-05,-2.6952e-05,7.6441e-07
0.0018847,0.00027905,-7.0324e-05,-6.9171e-05,1.9618e-06
0.00040704,6.0266e-05,-6.0934e-05,-5.9935e-05,1.6999e-06
-0.00021526,-3.1871e-05,0.00010049,9.8846e-05,-2.8035e-06
-0.00036139,-5.3507e-05,0.00026814,0.00026374,-7.4803e-06
-0.00028598,-4.2341e-05,0.00015553,0.00015298,-4.3389e-06
-0.00016292,-2.4122e-05,4.159e-05,4.0908e-05,-1.1602e-06
-7.3897e-05,-1.0941e-05,-1.0513e-05,-1.0341e-05,2.9328e-07
3.2428e-05,4.8012e-06,-2.5212e-05,-2.4799e-05,7.0334e-07
0.0011979,0.00017736,-2.185e-05,-2.1491e-05,6.0954e-07
0.0012698,0.00018801,-1.3149e-05,-1.2933e-05,3.6682e-07
0.00053994,7.9943e-05,-6.2077e-06,-6.1059e-06,1.7318e-07
8.1665e-05,1.2091e-05,4.6739e-05,4.5973e-05,-1.3039e-06
-9.7874e-05,-1.4491e-05,0.00010152,9.9853e-05,-2.8321e-06
0.00054927,-1.5755e-05,5.7952e-05,5.7002e-05,-1.6167e-06
0.013418,5.0215e-05,1.5736e-05,1.5478e-05,-4.3898e-07
0.014192,6.0045e-05,-3.522e-06,-3.4642e-06,9.8252e-08
0.0060212,2.5386e-05,-9.0389e-06,-8.8907e-06,2.5216e-07
0.00090588,3.1279e-06,-7.8334e-06,-7.7049e-06,2.1853e-07
-0.0010981,-5.5831e-06,-4.7128e-06,-4.6355e-06,1.3147e-07
-0.0014346,-6.9112e-06,1.5404e-05,1.5151e-05,-4.2973e-07
-0.001048,-4.9702e-06,3.5817e-05,3.523e-05,-9.992e-07
-0.00056727,-2.6903e-06,2.0569e-05,2.0232e-05,-5.7383e-07
-0.00024754,-1.174e-06,5.553e-06,5.4619e-06,-1.5491e-07
-9.1244e-05,-4.3273e-07,-1.2627e-06,-1.242e-06,3.5225e-08
-2.9323e-05,-1.3907e-07,-3.2406e-06,-3.1875e-06,9.0403e-08
-8.408e-06,-3.9876e-08,-2.8084e-06,-2.7623e-06,7.8346e-08
0.0016881,8.0061e-06,-1.6901e-06,-1.6624e-06,4.7148e-08
0.0058101,2.7555e-05,-7.9838e-07,-7.8529e-07,2.2272e-08
0.0039268,1.8623e-05,-3.1345e-07,-3.0831e-07,8.7443e-09
0.0012572,5.9625e-06,-1.0608e-07,-1.0434e-07,2.9592e-09
-6.0067e-05,-2.8487e-07,-3.176e-08,-3.1239e-08,8.8601e-10
-0.00049167,-2.3318e-06,4.7814e-10,4.703e-10,-1.3339e-11
-0.00047435,-2.2496e-06,6.321e-06,6.2173e-06,-1.7634e-07
-0.00030284,-1.4363e-06,1.3154e-05,1.2939e-05,-3.6697e-07
-0.00014932,-7.0818e-07,7.4805e-06,7.3579e-06,-2.0868e-07
-6.0631e-05,-2.8755e-07,2.0226e-06,1.9894e-06,-5.6424e-08
-2.1088e-05,-1.0001e-07,-4.5269e-07,-4.4526e-07,1.2629e-08
4.703e-06,2.2304e-08,-1.1618e-06,-1.1427e-06,3.2411e-08
0.0014,6.6395e-06,-1.0068e-06,-9.9034e-07,2.8088e-08
0.0019909,9.4419e-06,-6.0592e-07,-5.9598e-07,1.6903e-08
0.00097205,4.61e-06,-2.8606e-07,-2.8137e-07,7.9802e-09
0.00020994,9.9564e-07,2.1538e-06,2.1185e-06,-6.0084e-08
-0.00011102,-5.2654e-07,4.6781e-06,4.6013e-06,-1.305e-07
-0.00018639,-8.8398e-07,2.6705e-06,2.6267e-06,-7.4499e-08
-0.00014749,-6.9951e-07,7.2512e-07,7.1323e-07,-2.0229e-08
-8.4029e-05,-3.9851e-07,-1.6229e-07,-1.5963e-07,4.5275e-09
-3.8113e-05,-1.8075e-07,-4.1652e-07,-4.0969e-07,1.162e-08
-1.4489e-05,-6.8716e-08,-3.6097e-07,-3.5505e-07,1.007e-08
-4.0993e-06,1.988e-05,-2.1723e-07,-2.1367e-07,6.0601e-09
0.00043051,0.012704,-1.0262e-07,-1.0094e-07,2.8627e-09
0.000734,0.021589,-4.0289e-08,-3.9628e-08,1.1239e-09
0.00038599,0.011353,-1.3634e-08,-1.3411e-08,3.8036e-10
9.4208e-05,0.0027709,7.9446e-07,-8.0243e-07,1.1217e-10
-3.321e-05,-0.00097681,0.010557,-0.010555,-2.2665e-08
-6.6619e-05,-0.0019595,0.021969,-0.021966,-4.7168e-08
-5.5076e-05,-0.0016199,0.012493,-0.012491,-2.6823e-08
7.0365e-05,0.0020696,0.0033779,-0.0033774,-7.2523e-09
0.00025454,0.0074868,-0.00075603,0.00075591,1.6232e-09
0.00016078,0.0047289,-0.0019403,0.00194,4.1659e-09
4.7296e-05,0.0013911,-0.0016815,0.0016813,3.6102e-09
-6.7473e-06,-0.00019846,-0.0010119,0.0010118,2.1726e-09
-2.3248e-05,-0.0006838,-0.00047774,0.00047767,1.0257e-09
-2.1206e-05,-0.00062372,0.003597,-0.0035965,-7.7228e-09
-1.3137e-05,-0.00038639,0.0078128,-0.0078116,-1.6774e-08
-6.3382e-06,-0.00018642,0.00446,-0.0044593,-9.5756e-09
-2.5302e-06,-7.4419e-05,0.001211,-0.0012108,-2.6001e-09
-8.6793e-07,-2.5528e-05,-0.00027105,0.00027101,5.8194e-10
-2.6281e-07,-7.73e-06,-0.00069563,0.00069552,1.4935e-09
0,0,-0.00060285,0.00060276,1.2943e-09
1.6881e-06,0.00045427,-0.0003628,0.00036274,7.7892e-10
7.2776e-05,0.019585,-0.00017138,0.00017136,3.6796e-10
8.8363e-05,0.023779,-6.7286e-05,6.7275e-05,1.4446e-10
4.0179e-05,0.010812,-2.2771e-05,2.2767e-05,4.8889e-11
7.4464e-06,0.0020039,-6.8177e-06,6.8166e-06,1.4638e-11
-5.8537e-06,-0.0015753,0,0,0
-8.564e-06,-0.0023046,-7.3386e-07,-1.0262e-07,-8.365e-07
-6.5051e-06,-0.0017506,-0.0097015,-0.0013567,-0.011058
-3.6109e-06,-0.00097171,-0.02019,-0.0028233,-0.023014
1.1814e-06,0.0013768,-0.011481,-0.0016055,-0.013087
3.0252e-05,0.019862,-0.0031043,-0.0004341,-0.0035385
2.8443e-05,0.018533,0.00069501,9.6648e-05,0.00079167
1.1292e-05,0.0073499,0.0045882,-0.0065202,-0.0019321
1.2779e-06,0.00082936,0.0073829,-0.013872,-0.0064892
-2.519e-06,-0.0016348,0.0042496,-0.0078814,-0.0036319
-3.0041e-06,-0.0019496,0.0013369,-0.0021047,-0.00076784
-2.1173e-06,-0.0013741,-2.841e-05,0.00050893,0.00048053
-1.1185e-06,-0.00072585,-0.0004572,0.0012524,0.00079523
-4.7904e-07,-0.00031089,-0.00042933,0.0010807,0.00065143
-1.7396e-07,-0.00011289,-0.00026889,0.00064892,0.00038004
1.6175e-07,0.00010497,-0.00012702,0.00030655,0.00017953
9.3385e-06,0.0060605,-4.9869e-05,0.00012035,7.0484e-05
1.1358e-05,0.0073708,-1.6877e-05,4.0729e-05,2.3853e-05
5.1643e-06,0.0033515,-5.0529e-06,1.2195e-05,7.1418e-06
9.571e-07,0.00062114,0,0,0
-7.5239e-07,-0.00048828,0,0,0
-1.1008e-06,-0.00071436,7.6071e-08,-1.8359e-07,-1.0752e-07
-8.3612e-07,-0.00054262,0.0010056,-0.002427,-0.0014214
-4.6412e-07,-0.0003012,0.0020928,-0.0050508,-0.002958
-2.0643e-07,-0.00013397,0.0011901,-0.0028722,-0.0016821
-7.3255e-08,-4.7541e-05,0.00032179,-0.00077659,-0.00045481
2.533e-06,0.0016439,-7.2021e-05,0.00017381,0.00010179
4.3401e-06,0.0028166,-0.00018484,0.00044608,0.00026125
2.2862e-06,0.0014837,-0.00016019,0.00038659,0.00022641
5.5799e-07,0.00036212,-9.64e-05,0.00023265,0.00013625
-1.967e-07,-0.00012766,-4.5539e-05,0.0001099,6.4364e-05
-3.9458e-07,-0.00025607,-1.7879e-05,4.3148e-05,2.527e-05
-3.2621e-07,-0.0002117,-6.0505e-06,1.4602e-05,8.5517e-06
-1.9091e-07,-0.0001239,-1.7843e-06,4.3061e-06,2.5219e-06
-8.8347e-08,-5.7335e-05,0.00036054,-0.00087011,-0.00050958
-3.4126e-08,-2.2147e-05,0.00075032,-0.0018108,-0.0010605
-1.1396e-08,-7.3959e-06,0.00042668,-0.0010297,-0.00060307
-3.3745e-09,-2.19e-06,0.00011537,-0.00027842,-0.00016306
0,0,-2.5821e-05,6.2315e-05,3.6495e-05
0,0,-6.6268e-05,0.00015993,9.3662e-05
2.7888e-08,0.00031237,-5.7429e-05,0.0001386,8.117e-05
1.2023e-06,0.013467,-3.4561e-05,8.3408e-05,4.8848e-05
1.4598e-06,0.016351,-1.6326e-05,3.9401e-05,2.3075e-05
6.6378e-07,0.0074348,-6.4098e-06,1.5469e-05,9.0596e-06
1.2302e-07,0.0013779,-3.072e-06,5.2114e-06,2.4437e-06
-9.6707e-08,-0.0010832,-0.011935,-0.00031038,-0.0082243
-1.4148e-07,-0.0015847,-0.024837,-0.00064919,-0.017117
-1.0747e-07,-0.0012037,-0.014124,-0.00036918,-0.0097341
-5.9654e-08,-0.00066817,-0.0038188,-9.9817e-05,-0.0026319
-2.6533e-08,-0.00029719,0.00085471,2.2341e-05,0.00058906
1.0777e-07,0.0012071,0.0021936,5.7337e-05,0.0015118
5.5387e-07,0.0062037,0.001901,4.9689e-05,0.0013102
4.138e-07,0.0046348,0.001144,2.9903e-05,0.00078846
1.43e-07,0.0016017,0.00054043,1.4126e-05,0.00037246
2.2029e-09,2.4674e-05,0.00021218,5.5459e-06,0.00014623
-4.6422e-08,-0.00051996,7.1804e-05,1.8768e-06,4.9487e-05
-4.766e-08,-0.00053383,2.1498e-05,5.6194e-07,1.4817e-05
-3.1401e-08,-0.00035171,-3.2366e-07,-8.4599e-09,-2.2306e-07
-1.5832e-08,-0.00017733,-0.0042787,-0.00011184,-0.0029488
-6.5413e-09,-7.3267e-05,-0.0089043,-0.00023275,-0.0061368
-2.3074e-09,-2.5844e-05,-0.0050636,-0.00013235,-0.0034898
-7.1505e-10,-8.0091e-06,-0.0013691,-3.5786e-05,-0.00094357
-1.9886e-10,-2.2274e-06,0.00030643,8.0095e-06,0.00021119
0,0,0.00078643,2.0556e-05,0.000542
0,0,0.00068154,1.7814e-05,0.00046971
-9.5056e-07,8.3004e-08,0.00041015,1.0721e-05,0.00028267
-0.012566,0.0010973,0.00019375,5.0643e-06,0.00013353
-0.026152,0.0022836,7.6068e-05,1.9883e-06,5.2426e-05
-0.014872,0.0012986,2.5743e-05,6.7288e-07,1.7742e-05
-0.004021,0.00035111,7.7075e-06,2.0146e-07,5.312e-06
0.00089996,-7.8585e-05,0,0,0
0.0023097,-0.00020169,0,0,0
0.0020016,-0.00017479,0,0,0
0.0012046,-0.00010519,-1.1604e-07,-3.033e-09,-7.9971e-08
0.00056904,-4.9689e-05,-0.001534,-4.0096e-05,-0.0010572
0.00022341,-1.9508e-05,-0.0031923,-8.3443e-05,-0.0022001
7.5605e-05,-6.6019e-06,-0.0018154,-4.7451e-05,-0.0012511
2.2637e-05,-1.9767e-06,-0.00049084,-1.283e-05,-0.00033828
0,0,0.00010986,2.8715e-06,7.5714e-05
0,0,0.00028195,7.3696e-06,0.00019432
-0.00075923,6.6297e-05,0.00024434,6.3867e-06,0.0001684
-0.0084038,0.00073383,0.00014705,3.8435e-06,0.00010134
-0.0078004,0.00068114,6.9463e-05,1.8156e-06,4.7873e-05
-0.0030912,0.00026992,2.7272e-05,7.1284e-07,1.8795e-05
-0.00034808,3.0395e-05,9.2292e-06,2.4124e-07,6.3607e-06
0.00068613,-5.9914e-05,2.7633e-06,7.2227e-08,1.9044e-06
0.00081824,-7.1449e-05,0,0,0
0.00057669,-5.0357e-05,-4.16e-08,-1.0874e-09,-2.8671e-08
0.00030464,-2.6602e-05,-0.00054995,-1.4375e-05,-0.00037902
0.00013048,-1.1394e-05,-0.0011445,-2.9915e-05,-0.00078878
4.7382e-05,-4.1374e-06,-0.00065084,-1.7012e-05,-0.00044856
1.504e-05,-1.3133e-06,-0.00017597,-4.5997e-06,-0.00012128
4.2682e-06,-3.727e-07,3.9386e-05,1.0295e-06,2.7145e-05
0,0,0.00010108,2.6421e-06,6.9665e-05
0,0,8.76e-05,2.2897e-06,6.0374e-05
-0.00015811,1.5724e-06,5.2718e-05,1.378e-06,3.6333e-05
-0.01983,0.00019722,2.4903e-05,6.5094e-07,1.7163e-05
-0.0282,0.00028046,9.7773e-06,2.5556e-07,6.7384e-06
-0.013769,0.00013694,3.3088e-06,8.6487e-08,2.2804e-06
-0.0029737,2.9574e-05,9.7576e-07,2.5505e-08,6.7249e-07
0.0015726,-1.564e-05,-0.00019717,-5.1536e-06,-0.00013589
0.0026402,-2.6258e-05,-0.00041032,-1.0725e-05,-0.00028279
0.0020892,-2.0778e-05,-0.00023334,-6.099e-06,-0.00016081
0.0010042,-0.00046978,-6.3089e-05,-1.6491e-06,-4.3481e-05
-0.0074803,-0.019748,1.412e-05,3.6909e-07,9.7317e-06
-0.0095327,-0.023973,3.6239e-05,9.4724e-07,2.4976e-05
-0.0043602,-0.0109,3.045e-05,-1.298e-07,2.1641e-05
-0.0008008,-0.0020203,-0.012618,-0.012568,-3.5691e-05
0.00064509,0.001588,-0.02629,-0.026155,-9.5231e-05
0.00094378,0.0023233,-0.014952,-0.014874,-5.5238e-05
0.00071688,0.0017647,-0.0040424,-0.0040215,-1.4771e-05
0.00039793,0.00097957,0.00090538,0.00090011,3.7337e-06
-0.00060815,-0.001497,0.0023227,0.0023101,8.9543e-06
-0.00365,-0.008985,0.0020129,0.002002,7.76e-06
-0.002745,-0.0067572,0.0012114,0.0012048,4.67e-06
-0.00094764,-0.0023328,0.00057224,0.00056912,2.206e-06
-1.4695e-05,-3.6173e-05,0.00022467,0.00022344,8.6611e-07
0.00030966,0.00076228,7.6031e-05,7.5617e-05,2.9311e-07
0.00031792,0.00078262,2.2764e-05,2.264e-05,8.7758e-08
0.00020946,0.00051562,-3.4271e-07,-3.4084e-07,-1.3212e-09
0.00010561,0.00025998,-0.0045306,-0.0045059,-1.7466e-05
4.3634e-05,0.00010741,-0.0094285,-0.0093772,-3.6348e-05
-9.4739e-05,0.0017575,-0.0053617,-0.0053325,-2.067e-05
-0.0012142,0.019045,-0.0014497,-0.0014418,-5.5887e-06
-0.0011302,0.01767,0.00032447,0.0003227,1.2508e-06
-0.00044839,0.0070011,0.0008335,0.00082896,3.2098e-06
-5.0491e-05,0.00078836,0.01091,0.010915,-3.4797e-06
9.9526e-05,-0.001554,0.021637,0.021653,-1.1357e-05
0.00011869,-0.0018532,0.012262,0.012272,-6.6196e-06
8.3652e-05,-0.0013061,0.0033405,0.0033429,-1.6931e-06
4.419e-05,-0.00068997,-0.00070238,-0.00070316,5.5353e-07
1.8927e-05,-0.00029552,-0.0018644,-0.0018661,1.1824e-06
6.8729e-06,-0.00010731,-0.0016228,-0.0016242,9.9742e-07
0.00026948,9.9785e-05,-0.00097662,-0.00097747,6.0025e-07
0.011525,0.0057609,-0.00046135,-0.00046175,2.8355e-07
0.013992,0.0070065,-0.00018113,-0.00018129,1.1132e-07
0.0063623,0.0031858,-6.1297e-05,-6.135e-05,3.7674e-08
0.0011791,0.00059043,-1.8353e-05,-1.8369e-05,1.128e-08
-0.00092692,-0.00046415,2.763e-07,2.7654e-07,-1.6981e-10
-0.0013561,-0.00067905,0.0036526,0.0036558,-2.2449e-06
-0.0010301,-0.0005158,0.0076014,0.007608,-4.6719e-06
-0.00057178,-0.00028631,0.0043227,0.0043264,-2.6568e-06
-0.0061813,0.00091829,0.0011688,0.0011698,-7.1833e-07
-0.015661,0.0026985,-0.00026159,-0.00026181,1.6077e-07
-0.0096517,0.0016818,-0.00067135,-0.00067193,4.1262e-07
-0.0028524,0.00049714,-0.00058181,-0.00058232,3.5759e-07
0.00035687,-6.2959e-05,-0.00035013,-0.00035044,2.152e-07
0.001343,-0.00023694,-0.0001654,-0.00016554,1.0166e-07
0.001225,-0.00021612,-6.4838e-05,-6.4894e-05,3.985e-08
0.00075888,-0.00013388,0.0012875,0.0012887,-7.9133e-07
0.00036615,-6.4596e-05,0.0027186,0.002721,-1.6709e-06
0.00014616,-2.5786e-05,0.0015497,0.0015511,-9.5249e-07
5.0139e-05,-8.8456e-06,0.00041902,0.00041938,-2.5753e-07
1.5182e-05,-2.6785e-06,-9.3783e-05,-9.3864e-05,5.764e-08
0,0,-0.00024069,-0.0002409,1.4793e-07
0,0,-0.00020859,-0.00020877,1.282e-07
0,0,-0.00012553,-0.00012564,7.7151e-08
0,0,-5.9298e-05,-5.935e-05,3.6445e-08
0,0,-2.3281e-05,-2.3301e-05,1.4309e-08
-0.0021249,0.00077563,-7.8787e-06,-7.8855e-06,4.8423e-09
-0.0055807,0.0020371,-2.3589e-06,-2.361e-06,1.4498e-09
-0.0034492,0.001259,0,0,0
-0.0010194,0.0003721,0,0,0
0.00012794,-4.6702e-05,-4.968e-07,5.6786e-07,-2.1827e-11
0.00048149,-0.00017576,-0.0065677,0.0075071,-2.8855e-07
0.00043919,-0.00016031,-0.013668,0.015623,-6.0049e-07
0.00027207,-9.9312e-05,-0.0077725,0.0088842,-3.4148e-07
0.0001312,-4.789e-05,-0.0021015,0.0024021,-9.2329e-08
-0.00090311,0.00032965,0.00047036,-0.00053763,2.0665e-08
-0.0019705,0.00071929,0.0012072,-0.0013798,5.3035e-08
-0.0011254,0.00041078,0.0010461,-0.0011958,4.5962e-08
-0.00030574,0.0001116,0.00062957,-0.00071962,2.766e-08
6.8431e-05,-2.4979e-05,0.0002974,-0.00033994,1.3066e-08
0.00017562,-6.4107e-05,0.00011658,-0.00013326,5.1221e-09
0.0001522,-5.5556e-05,-0.0023151,0.0026462,-1.0171e-07
9.1594e-05,-3.3434e-05,-0.0048883,0.0055875,-2.1477e-07
4.3268e-05,-1.5794e-05,-0.0027866,0.0031851,-1.2243e-07
1.6987e-05,-6.2008e-06,-0.00075343,0.00086119,-3.3101e-08
5.7488e-06,-2.0985e-06,0.00016863,-0.00019275,7.4087e-09
1.7212e-06,-6.2829e-07,0.00043278,-0.00049468,1.9014e-08
0,0,0.00037506,-0.0004287,1.6478e-08
-9.7177e-05,0.00024936,0.00022571,-0.00025799,9.9165e-09
-0.00067386,0.0017291,0.00010662,-0.00012187,4.6844e-09
-0.00055733,0.0014301,4.0904e-05,-4.6882e-05,1.8363e-09
-0.0002062,0.00052912,-0.012642,0.012761,-3.6465e-08
-1.4015e-05,3.5963e-05,-0.026335,0.026586,-7.6997e-08
5.5497e-05,-0.00014241,-0.014978,0.015121,-4.3892e-08
6.1102e-05,-0.00015679,-0.0040498,0.0040885,-1.1867e-08
-3.2638e-05,0.0026665,0.00090642,-0.00091507,2.6561e-09
-0.00023406,0.0094899,0.0023263,-0.0023485,6.8168e-09
-0.00016367,0.0064278,0.002016,-0.0020353,5.9076e-09
-5.2061e-05,0.0020571,0.0012132,-0.0012248,3.5552e-09
3.6547e-06,-0.00010128,0.00057312,-0.00057859,1.6794e-09
2.1907e-05,-0.00080845,0.00022499,-0.00022681,-3.2253e-07
2.0861e-05,-0.00077926,-0.00018885,0.004504,-0.0042726
1.3319e-05,-0.00049752,-0.00052868,0.0095102,-0.0088916
6.567e-06,-0.00024531,-0.00031361,0.0054212,-0.0050564
2.6665e-06,-9.9606e-05,-8.4794e-05,0.0014658,-0.0013671
9.2741e-07,-3.4643e-05,1.8978e-05,-0.00032807,0.00030599
2.8406e-07,-1.0611e-05,4.8707e-05,-0.00084197,0.00078531
0.00055014,6.018e-05,4.2211e-05,-0.00072967,0.00068057
0.023718,0.0025945,2.5402e-05,-0.00043912,0.00040957
0.028798,0.0031502,1.2e-05,-0.00020743,0.00019347
0.013094,0.0014324,4.704e-06,-8.1316e-05,7.5844e-05
0.0024268,0.00026547,-9.3411e-05,0.0016147,-0.0015061
-0.0019077,-0.00020869,-0.00019724,0.0034095,-0.0031801
-0.002791,-0.00030531,-0.00011243,0.0019436,-0.0018128
-0.00212,-0.00023191,-3.04e-05,0.0005255,-0.00049014
-0.0011768,-0.00012873,6.804e-06,-0.00011762,0.0001097
-0.00032618,0.00095747,1.7462e-05,-0.00030186,0.00028154
0.0083073,0.043726,1.5133e-05,-0.0002616,0.00024399
0.010261,0.05311,9.1071e-06,-0.00015743,0.00014684
0.004676,0.02415,4.3021e-06,-7.4368e-05,6.9363e-05
0.00087003,0.0044762,3.7397e-06,-2.9153e-05,2.5138e-05
-0.00068394,-0.0035188,0.02711,0.00057891,-0.027683
-0.0010006,-0.005148,0.056417,0.0012224,-0.057628
-0.00076005,-0.0039103,0.032082,0.0006968,-0.032773
-0.0004219,-0.0021706,0.0086744,0.0001884,-0.008861
-0.00018765,-0.00096543,-0.0019415,-4.2167e-05,0.0019833
-7.0234e-05,-0.00036134,-0.0049827,-0.00010822,0.0050899
-2.2856e-05,-0.00011759,-0.0043182,-9.3787e-05,0.0044111
-6.6232e-06,-3.4075e-05,-0.0025987,-5.6441e-05,0.0026546
0,0,-0.0012276,-2.6662e-05,0.001254
3.6432e-06,1.8744e-05,-0.00048196,-1.0468e-05,0.00049233
0.0023254,0.011964,-0.0001631,-3.5425e-06,0.00016661
0.0039519,0.020332,-4.8834e-05,-1.0606e-06,4.9885e-05
0.0020782,0.010692,0,0,0
0.00050723,0.0026096,0,0,0
-0.00017881,-0.00091993,7.3519e-07,1.5968e-08,-7.5101e-07
-0.00035869,-0.0018454,0.0097191,0.00021109,-0.0099282
-0.00029653,-0.0015256,0.020226,0.0004393,-0.020661
-0.00017354,-0.00089286,0.011502,0.00024981,-0.01175
-8.031e-05,-0.00041318,0.0031099,6.7545e-05,-0.0031768
-3.1021e-05,-0.0001596,-0.00069605,-1.5118e-05,0.00071103
-1.036e-05,-5.3298e-05,-0.0017864,-3.8799e-05,0.0018248
0.0004943,0.0002942,-0.0015481,-3.3624e-05,0.0015814
0.0099208,0.0061831,-0.00093166,-2.0235e-05,0.00095171
0.010458,0.006518,-0.00044011,-9.5588e-06,0.00044958
0.0044374,0.0027656,-0.00017279,-3.7528e-06,0.00017651
0.00067114,0.00041829,-5.8475e-05,-1.27e-06,5.9733e-05
-0.00080435,-0.00050131,-1.7508e-05,-3.8025e-07,1.7884e-05
-0.0010528,-0.00065615,0,0,0
-0.00076949,-0.00047959,0,0,0
-0.00041652,-0.0002596,0,0,0
-0.00018176,-0.00011328,2.6358e-07,5.7246e-09,-2.6925e-07
-6.6997e-05,-4.1756e-05,0.0034844,7.5679e-05,-0.0035594
-2.1531e-05,-1.3419e-05,0.0072514,0.00015749,-0.0074074
-6.1737e-06,-3.8477e-06,0.0041237,8.9562e-05,-0.0042124
0,0,0.0011149,2.4216e-05,-0.0011389
0,0,-0.00024954,-5.4199e-06,0.00025491
-0.00029281,4.676e-05,-0.00064045,-1.391e-05,0.00065422
-0.012624,0.0020159,-0.00055503,-1.2055e-05,0.00056697
-0.015327,0.0024477,-0.00033402,-7.2545e-06,0.0003412
-0.0069693,0.001113,-0.00015779,-3.427e-06,0.00016118
-0.0012916,0.00020627,-6.1948e-05,-1.3454e-06,6.328e-05
0.0010154,-0.00016215,-2.0964e-05,-4.5532e-07,2.1415e-05
0.0014855,-0.00023722,-6.2768e-06,-1.3633e-07,6.4118e-06
0.0011284,-0.00018019,0,0,0
0.00062634,-0.00010002,0,0,0
0.00027858,-4.4488e-05,9.4496e-08,2.0524e-09,-9.6529e-08
0.00010427,-1.6651e-05,0.0012492,2.7132e-05,-0.0012761
3.3932e-05,-5.4187e-06,0.0025998,5.6464e-05,-0.0026557
9.8326e-06,-1.5702e-06,0.0014784,3.2109e-05,-0.0015102
0,0,0.00039973,8.6817e-06,-0.00040833
-1.9622e-05,8.6373e-07,-8.9465e-05,-1.9431e-06,9.139e-05
-0.012525,0.00055131,-0.00022961,-4.9869e-06,0.00023455
-0.021285,0.00093691,-0.00019899,-4.3218e-06,0.00020327
-0.011193,0.00049269,-0.00011975,-2.6009e-06,0.00012233
-0.0027319,0.00012025,-5.6568e-05,-1.2286e-06,5.7785e-05
0.00096307,-4.2392e-05,-2.2209e-05,-4.8236e-07,2.2687e-05
0.0019319,-8.5036e-05,-7.516e-06,-1.6324e-07,7.6777e-06
0.0015971,-7.0301e-05,-2.2164e-06,-4.8139e-08,2.2641e-06
0.00093472,-4.1144e-05,0.00044787,9.7272e-06,-0.0004575
0.00043255,-1.904e-05,0.00093205,2.0243e-05,-0.0009521
0.00016708,-7.3545e-06,0.00053003,1.1512e-05,-0.00054143
5.5797e-05,-2.456e-06,0.00014331,3.1125e-06,-0.00014639
1.6522e-05,-7.2724e-07,-3.2075e-05,-6.9663e-07,3.2765e-05
0,0,-8.2318e-05,-1.7879e-06,8.4089e-05
0,0,-7.1339e-05,-1.5494e-06,7.2874e-05
0,0,-4.2932e-05,-9.3244e-07,4.3856e-05
-0.00013654,7.9577e-05,-2.0281e-05,-4.4048e-07,2.0717e-05
-0.0058866,0.0034308,-7.9623e-06,-1.7293e-07,8.1336e-06
-0.0071474,0.0041655,-2.6946e-06,-5.8524e-08,2.7526e-06
-0.0032499,0.0018941,-8.0678e-07,-1.7522e-08,8.2413e-07
-0.00060231,0.00035103,-2.6875e-06,2.638e-10,-1.645e-07
0.00047348,-0.00027595,-0.035528,3.4874e-06,-0.0021746
0.00069271,-0.00040371,-0.073937,7.2575e-06,-0.0045256
0.00052617,-0.00030666,-0.042046,4.1271e-06,-0.0025736
0.00029207,-0.00017022,-0.011368,1.1159e-06,-0.00069584
0.00012991,-7.5711e-05,0.0025444,-2.4975e-07,0.00015574
1.7672e-05,-2.6867e-05,0.0065301,-6.4098e-07,0.0003997
-0.019739,0.00092901,0.0056591,-5.5549e-07,0.00034639
-0.033568,0.0015918,0.0034057,-3.343e-07,0.00020846
-0.017655,0.00083848,0.0016088,-1.5792e-07,9.8474e-05
-0.004309,0.00020465,0.00063163,-6.2e-08,3.8662e-05
0.001519,-7.2143e-05,0.00021375,-2.0982e-08,1.3084e-05
0.0030471,-0.00014472,6.3999e-05,-6.2821e-09,3.9174e-06
0.0025191,-0.00011964,-9.635e-07,9.4575e-11,-5.8975e-08
0.0014743,-7.0019e-05,-0.012737,1.2503e-06,-0.00077964
0.00068225,-3.2402e-05,-0.026507,2.6019e-06,-0.0016225
0.00026353,-1.2516e-05,-0.015074,1.4796e-06,-0.00092267
8.8006e-05,-4.1797e-06,-0.0040757,4.0006e-07,-0.00024947
2.6059e-05,-1.2376e-06,0.00091221,-8.954e-08,5.5835e-05
0,0,0.0023411,-2.298e-07,0.0001433
0,0,0.0020289,-1.9915e-07,0.00012419
-0.00021536,0.00034128,0.001221,-1.1985e-07,7.4736e-05
-0.0092847,0.014713,0.00057678,-5.6616e-08,3.5304e-05
-0.011273,0.017865,0.00022645,-2.2228e-08,1.3861e-05
-0.005126,0.008123,7.6634e-05,-7.5223e-09,4.6907e-06
-0.00095,0.0015054,2.2945e-05,-2.2522e-09,1.4044e-06
0.0007468,-0.0011834,-1.0298e-06,3.3907e-11,-7.0555e-07
0.0010926,-0.0017314,-0.013614,4.4824e-07,-0.0093273
0.00082991,-0.0013151,-0.028333,9.3283e-07,-0.019411
0.00046067,-0.00073002,-0.016112,5.3047e-07,-0.011038
0.0011199,0.00023884,-0.0043563,1.4343e-07,-0.0029845
0.010205,0.0061162,0.00097501,-3.2102e-08,0.00066799
0.009426,0.0057503,0.0025023,-8.2387e-08,0.0017144
0.0037327,0.002283,0.0021682,-7.1387e-08,0.0014855
0.00041951,0.00025837,-0.0035759,1.1773e-07,-0.0024499
-0.00082692,-0.00050928,-0.0095412,3.1414e-07,-0.0065368
-0.00098613,-0.00060734,-0.0055343,1.8221e-07,-0.0037916
-0.00069502,-0.00042805,-0.0014799,4.8724e-08,-0.0010139
-0.00036715,-0.00022612,0.00037408,-1.2316e-08,0.00025629
-0.00015725,-9.6849e-05,0.00089712,-2.9537e-08,0.00061463
-5.7104e-05,-3.5169e-05,0.00077747,-2.5598e-08,0.00053265
-1.8126e-05,-1.1164e-05,0.00046788,-1.5405e-08,0.00032055
-5.144e-06,-3.1681e-06,0.00022102,-7.277e-09,0.00015142
0,0,8.6775e-05,-2.857e-09,5.9451e-05
0,0,2.9366e-05,-9.6686e-10,2.0119e-05
0,0,8.7924e-06,-2.8948e-10,6.0238e-06
0,0,0,0,0
0,0,0,0,0
0,0,0,0,0
0,0,0,0,0
0,0,0,0,0
0,0,0,0,0
0,0,0,0,0
0,0,0,0,0
0,0,0,0,0
0,0,0,0,0
0,0,0,0,0
0,0,0,0,0
