0,0,0,0,0
0,0,0,0,0
0,0,0,0,0
0,0,0,0,0
0,0,0,0,0
0,0,0,0,0
0,0,0,0,0
-0.00036145,0.0024388,0,0,0
-0.0025064,0.016912,0,0,0
-0.002073,0.013987,-1.4999e-06,1.8768e-06,-1.0013e-07
-0.00076697,0.005175,-0.019829,0.02481,-0.0013238
-5.213e-05,0.00035174,-0.041266,0.051633,-0.0027549
0.00020642,-0.0013928,-0.023467,0.029362,-0.0015666
0.00022727,-0.0015335,-0.0063449,0.0079388,-0.00042358
9.6046e-05,-0.00045136,0.0014201,-0.0017768,9.4803e-05
-0.001091,0.011285,0.0036446,-0.0045602,0.00024331
-0.0012007,0.012237,0.0031585,-0.003952,0.00021086
-0.00051167,0.0052074,0.0019008,-0.0023783,0.00012689
-7.5438e-05,0.00077443,0.00089792,-0.0011235,5.9943e-05
9.5985e-05,-0.00096575,0.00035095,-0.00044009,2.331e-05
0.00012425,-0.0012547,-0.02069,0.012994,-0.0029552
9.0814e-05,-0.00091708,-0.043269,0.027308,-0.0061643
4.9157e-05,-0.00049641,-0.024626,0.015554,-0.0035068
2.145e-05,-0.00021662,-0.0066584,0.0042056,-0.00094816
7.9068e-06,-7.9846e-05,0.0014903,-0.00094128,0.00021222
2.541e-06,-2.566e-05,0.0038247,-0.0024157,0.00054464
7.286e-07,-7.3577e-06,0.0033146,-0.0020935,0.000472
-1.3083e-05,0.00036202,0.0019947,-0.0012599,0.00028405
-0.00056405,0.015607,0.00094228,-0.00059516,0.00013418
-0.00068486,0.01895,0.00036995,-0.00023367,5.2681e-05
-0.0003114,0.0086166,0.0001252,-7.9076e-05,1.7828e-05
-5.7713e-05,0.0015969,3.7485e-05,-2.3676e-05,5.3379e-06
4.5369e-05,-0.0012554,-1.3091e-06,1.002e-06,-1.1874e-07
6.6375e-05,-0.0018366,-0.017307,0.013246,-0.0015697
5.0417e-05,-0.0013951,-0.036017,0.027566,-0.0032668
2.7986e-05,-0.00077438,-0.020481,0.015676,-0.0018577
-4.1287e-05,0.0044933,-0.0055377,0.0042384,-0.00050229
-0.00036796,0.033418,0.0012394,-0.00094862,0.00011242
-0.00030666,0.027704,0.003181,-0.0024346,0.00028852
-0.00011358,0.010253,0.0027569,-0.0021093,0.00024908
-7.7498e-06,0.00069771,0.0043033,0.0057472,-0.012493
3.0687e-05,-0.0027628,0.0062867,0.014003,-0.026242
3.3787e-05,-0.0030418,0.0034371,0.0080686,-0.014936
2.3005e-05,-0.0020711,0.00095025,0.0021656,-0.0040364
8.1969e-06,-0.00073796,-0.0001582,-0.00052639,0.00090835
-0.0001533,0.013802,-0.00048603,-0.0012897,0.002324
-0.00019041,0.017142,-0.0004212,-0.0011177,0.002014
-8.683e-05,0.0078173,-0.00025348,-0.00067263,0.001212
-1.6039e-05,0.001444,-0.00011974,-0.00031774,0.00057255
1.2732e-05,-0.0011463,-4.7011e-05,-0.00012475,0.00022479
1.8627e-05,-0.001677,-1.5804e-05,-4.1936e-05,7.5566e-05
1.4149e-05,-0.0012738,0.001396,0.0037045,-0.0066753
7.8538e-06,-0.00070707,0.0029152,0.0077358,-0.013939
-0.00043825,0.00010169,0.0016578,0.0043991,-0.0079268
-0.0088099,0.0081837,0.00044823,0.0011894,-0.0021433
-0.009288,0.0087127,-0.00010032,-0.00026621,0.0004797
-0.0039409,0.0037019,-0.00025747,-0.00068322,0.0012311
-0.00059607,0.00056159,-0.00022307,-0.00059195,0.0010667
0.00071438,-0.00067305,0.00060779,0.0016128,-0.0029062
0.00093504,-0.00088094,0.0014809,0.0039297,-0.007081
0.00068343,-0.00064389,0.0008533,0.0022643,-0.0040801
0.00036994,-0.00034853,0.00022902,0.00060773,-0.0010951
0.00016143,-0.00015209,-5.5668e-05,-0.00014772,0.00026618
-0.00039399,0.0067244,-0.00013639,-0.00036193,0.00065218
-0.0050005,0.075033,-0.0001182,-0.00031366,0.0005652
-0.0046537,0.069658,-7.1134e-05,-0.00018876,0.00034014
-0.0018464,0.027606,-3.3603e-05,-8.9169e-05,0.00016068
-0.00020791,0.0031086,-1.3193e-05,-3.5008e-05,6.3083e-05
0.00040983,-0.0061276,-1.5833e-06,-1.1769e-05,1.8354e-05
0.00048873,-0.0073074,0.038091,0.0010396,-0.039572
0.00034446,-0.0051502,0.079273,0.0021709,-0.082367
0.00018196,-0.0027206,0.04508,0.0012345,-0.04684
7.7936e-05,-0.0011653,0.012189,0.00033379,-0.012664
2.8301e-05,-0.00042315,-0.002728,-7.4707e-05,0.0028345
-0.0003954,0.0059119,-0.0070014,-0.00019173,0.0072746
-0.0028016,0.041889,-0.0060676,-0.00016616,0.0063044
-0.0023192,0.034677,-0.0036515,-9.9996e-05,0.003794
-0.00085807,0.01283,-0.0017249,-4.7237e-05,0.0017922
-5.8322e-05,0.00087201,-0.00067569,-1.8504e-05,0.00070206
0.00023094,-0.0034529,0.01995,0.00054633,-0.020729
0.00025427,-0.0038017,0.041926,0.0011481,-0.043562
0.00017313,-0.0025885,0.023881,0.00065398,-0.024813
8.9317e-05,-0.0013354,0.0064569,0.00017682,-0.0067089
0.00084613,0.00042023,-0.0014452,-3.9576e-05,0.0015016
0.016141,0.019384,-0.003709,-0.00010157,0.0038537
0.017006,0.020583,-0.0032143,-8.8023e-05,0.0033397
0.0072149,0.0087424,-0.0019344,-5.2972e-05,0.0020099
0.0010911,0.0013249,-0.00091296,-2.5001e-05,0.00094859
-0.0013076,-0.0015879,0.010331,0.00028292,-0.010734
-0.0017115,-0.0020784,0.022125,0.0006059,-0.022989
-0.001251,-0.0015191,0.012615,0.00034545,-0.013107
0.00015294,0.0028117,0.0034205,9.3671e-05,-0.003554
0.0088924,0.039865,-0.00076557,-2.0965e-05,0.00079545
0.0084193,0.037204,-0.0019648,-5.3806e-05,0.0020415
0.0033446,0.014753,-0.0017028,-4.663e-05,0.0017692
0.00037052,0.0016539,-0.0010255,-2.9229e-05,0.0010643
-0.00075015,-0.0032841,-0.010403,-0.01544,-0.005381
-0.00089458,-0.0039164,-0.020833,-0.032111,-0.012047
-0.0006305,-0.0027603,-0.011803,-0.018259,-0.0068965
-0.00033307,-0.0014581,-0.0031933,-0.0049369,-0.0018627
-0.00014265,-0.00062453,0.0007104,0.0011048,0.00042139
-0.00073752,0.0030137,0.0018232,0.0028355,0.0010815
-0.0047714,0.022399,0.00158,0.0024574,0.00093723
-0.0039374,0.018565,0.00095086,0.0014788,0.00056403
-0.001455,0.0068761,0.00044918,0.00069859,0.00026644
-9.8896e-05,0.00046736,0.00017635,0.00027427,0.00010461
0.0003916,-0.0018506,5.9283e-05,9.22e-05,3.5165e-05
0.00043116,-0.0020375,-0.0052369,-0.0081447,-0.0031064
0.00029357,-0.0013873,-0.010936,-0.017008,-0.0064867
0.00015146,-0.00071573,-0.0062187,-0.0096718,-0.0036888
6.3699e-05,-0.00030102,-0.0016814,-0.002615,-0.00099737
-0.00019301,0.0027757,0.00037633,0.00058529,0.00022323
-0.0023815,0.031882,0.00096583,0.0015021,0.00057291
-0.0022151,0.029615,0.00083764,0.0013023,0.00049637
-0.00087862,0.01174,0.0087784,0.0075125,-0.0013524
-9.8938e-05,0.001322,0.017458,0.014374,-0.0032952
0.00019502,-0.0026058,0.0098861,0.0081088,-0.0018987
0.00023257,-0.0031075,0.0026794,0.0022023,-0.0005096
0.00016392,-0.0021902,-0.00058314,-0.00046719,0.00012387
-0.00087482,0.00037051,-0.0015209,-0.0012368,0.00030349
-0.010605,0.016412,-0.0013181,-0.0010719,0.00026302
-0.0098642,0.015513,-0.00079321,-0.00064504,0.00015828
-0.0039101,0.0061619,-0.0003747,-0.00030471,7.4771e-05
-0.00043956,0.00068409,-0.00014678,-0.00011936,2.929e-05
0.00086884,-0.0013804,0.0043337,0.0035242,-0.00086479
0.0010361,-0.0016462,0.0091076,0.0074063,-0.0018174
0.00073026,-0.0011602,0.0051877,0.0042186,-0.0010352
0.00038577,-0.0006129,0.0014026,0.0011406,-0.00027989
-0.00069208,0.0010996,-0.00031393,-0.00025529,6.2645e-05
-0.0058849,0.0093498,-0.00080569,-0.0006552,0.00016078
-0.0048978,0.0077816,-0.00069806,-0.00056767,0.0001393
-0.0018137,0.0028816,0.0019019,0.0015467,-0.00037953
-0.00012364,0.00019644,0.0046341,0.0037685,-0.00092473
0.0004896,-0.00077787,0.0026702,0.0021714,-0.00053284
0.00053906,-0.00085644,0.00071666,0.0005828,-0.00014301
-0.001513,0.00013842,-0.0001742,-0.00014166,3.4762e-05
-0.012848,0.0047027,-0.00042681,-0.00034709,8.517e-05
-0.010703,0.0040118,-0.00036979,-0.00030072,7.3792e-05
-0.0039608,0.0014858,0.0010075,0.00081934,-0.00020105
-0.00026221,8.9866e-05,0.0024549,0.0019963,-0.00048987
0.0010762,-0.00041606,0.0014145,0.0011503,-0.00028227
0.0011821,-0.0004537,0.00037965,0.00030873,-7.5759e-05
-0.0019045,-8.1833e-05,-9.2282e-05,-7.5044e-05,1.8415e-05
-0.029575,0.0023541,-0.0002261,-0.00018387,4.5118e-05
-0.027662,0.002266,-0.00019595,-0.00015934,3.9101e-05
-0.010969,0.00090055,-0.00011792,-9.5894e-05,2.3531e-05
-0.0012226,9.6587e-05,-5.5704e-05,-4.5299e-05,1.1116e-05
0.002454,-0.00020733,-2.1821e-05,-1.7745e-05,4.3543e-06
0.00292,-0.00024473,0.00064426,0.00052392,-0.00012856
0.002058,-0.00017248,0.001354,0.001101,-0.00027018
0.0010871,-9.1115e-05,0.00077121,0.00062715,-0.00015389
0.00046563,-3.9025e-05,0.00020852,0.00016957,-4.161e-05
0.00016909,-1.4171e-05,-4.667e-05,-3.7952e-05,9.313e-06
5.3673e-05,-4.4984e-06,-0.00011978,-9.7403e-05,2.3901e-05
-7.9722e-05,7.6732e-05,-0.0001038,-8.4412e-05,2.0714e-05
-0.011909,0.009784,-6.2468e-05,-5.0799e-05,1.2465e-05
-0.016936,0.013914,-2.9509e-05,-2.3997e-05,5.8885e-06
-0.008269,0.0067934,-1.1586e-05,-9.4214e-06,2.3119e-06
-0.0017859,0.0014672,-3.9208e-06,-3.1884e-06,7.8238e-07
0.00094445,-0.00077591,-1.6231e-06,-4.581e-07,2.2904e-07
0.0015856,-0.0013026,-0.005938,0.0065639,-6.8888e-05
0.0012547,-0.0010308,-0.012357,0.01366,-0.00014336
0.00071482,-0.00058725,-0.0070273,0.0077681,-8.1525e-05
0.00031571,-0.00024658,-0.0019,0.0021003,-2.2043e-05
-0.0053057,0.012524,0.00042526,-0.00047009,4.9335e-06
-0.0091855,0.021423,0.0010914,-0.0012065,1.2662e-05
-0.0048398,0.011273,0.00094584,-0.0010455,1.0973e-05
-0.0011842,0.0027539,0.00056921,-0.00062921,6.6035e-06
0.00041745,-0.0009708,0.00026889,-0.00029723,3.1194e-06
0.00083739,-0.0019474,0.00010557,-0.0001167,1.2247e-06
0.00069229,-0.00161,3.6001e-05,-3.8716e-05,4.117e-07
0.00040516,-0.00094222,0.0036509,0.010251,-3.6369e-05
0.00018749,-0.00043603,0.0075756,0.021358,-7.5945e-05
7.2423e-05,-0.00016842,0.004308,0.012146,-4.3188e-05
1.968e-05,-6.1876e-05,0.0011648,0.003284,-1.1677e-05
-0.0028688,-0.0036106,-0.0002607,-0.00073501,2.6135e-06
-0.0048875,-0.0061077,-0.00066908,-0.0018864,6.7075e-06
-0.0025702,-0.0032118,-0.00057984,-0.0016348,5.8129e-06
-0.00062731,-0.00078392,-0.00034895,-0.00098381,3.4982e-06
0.00022114,0.00027635,-0.00016484,-0.00046474,1.6525e-06
0.0004436,0.00055435,-6.3925e-05,-0.00018205,1.2937e-06
0.00036674,0.00045829,0.010452,0.0053751,0.008526
0.00021463,0.00026821,0.02179,0.011296,0.017743
9.9323e-05,0.00012412,0.012395,0.0064342,0.01009
-0.0010221,-0.0002187,0.0033513,0.0017397,0.0027281
-0.011725,-0.0029354,-0.00075008,-0.00038937,-0.00061059
-0.010892,-0.0027348,-0.0019251,-0.00099929,-0.0015671
-0.0043176,-0.0010856,-0.0016683,-0.00086601,-0.0013581
-0.00048619,-0.00012225,-0.001004,-0.00052117,-0.00081728
0.00095836,0.00024097,-0.00047385,-0.00024598,-0.00038573
0.0011429,0.00028737,0.0053621,0.0027835,0.0043649
0.0008055,0.00020254,0.011484,0.0059611,0.009348
0.00042551,0.00010699,0.0065473,0.0033987,0.0053297
0.00018225,4.5825e-05,0.0017753,0.00092158,0.0014452
6.6181e-05,1.6641e-05,-0.00039735,-0.00020627,-0.00032346
2.1008e-05,5.2822e-06,-0.0010198,-0.00052937,-0.00083014
5.9616e-06,1.499e-06,-0.00088377,-0.00045877,-0.00071942
-0.00094564,0.0024002,-0.00053186,-0.00027609,-0.00043295
-0.0065574,0.016644,-0.00025124,-0.00013042,-0.00020452
-0.0054235,0.013765,-9.864e-05,-5.1204e-05,-8.0296e-05
-0.0020066,0.0050929,-3.3382e-05,-1.7328e-05,-2.7174e-05
-0.00013638,0.00034616,-7.624e-06,-7.2211e-06,-7.955e-06
0.00054004,-0.0013707,0.031339,-0.026874,0.0023926
0.0005946,-0.0015092,0.06522,-0.055928,0.0049792
-0.0020105,-0.00027221,0.037088,-0.031804,0.0028315
-0.026526,0.0078307,0.010028,-0.0085992,0.00076558
-0.024727,0.0075375,-0.0022444,0.0019247,-0.00017135
-0.0098024,0.0029956,-0.0057602,0.0049395,-0.00043976
-0.0010975,0.00032128,-0.0049907,0.0042796,-0.00038102
0.0021855,-0.00068965,0.013598,-0.01166,0.0010381
0.002603,-0.00081405,0.033131,-0.028411,0.0025294
0.0018346,-0.00057374,0.01909,-0.01637,0.0014575
0.00096915,-0.00030308,0.0051237,-0.0043937,0.00039117
0.00041509,-0.00012981,-0.0012454,0.001068,-9.5082e-05
0.00015073,-4.7139e-05,-0.0030514,0.0026167,-0.00023296
4.7847e-05,-1.4963e-05,-0.0026445,0.0022677,-0.00020189
1.3578e-05,-4.2463e-06,-0.0015914,0.0013647,-0.0001215
0,0,-0.00075178,0.00064467,-5.7395e-05
-0.0021538,0.0032402,-0.00029515,0.0002531,-2.2534e-05
-0.014935,0.022469,-9.9885e-05,8.5654e-05,-7.6258e-06
-0.012353,0.018583,-2.9925e-05,2.5759e-05,-2.2324e-06
-0.0045702,0.0068754,-0.00025304,0.001506,0.00067144
-0.00031063,0.00046731,-0.0005266,0.0031342,0.0013973
0.00123,-0.0018504,-0.00029946,0.0017823,0.00079461
0.0013543,-0.0020374,-8.0967e-05,0.0004819,0.00021485
0.00057231,-0.00086099,1.8122e-05,-0.00010786,-4.8086e-05
-0.0065009,0.0097801,4.6509e-05,-0.00027681,-0.00012341
-0.0071544,0.010763,4.0306e-05,-0.00023989,-0.00010695
-0.0030489,0.0045868,2.4256e-05,-0.00014437,-6.4363e-05
-0.00044952,0.00067625,1.1458e-05,-6.8198e-05,-3.0405e-05
0.00057195,-0.00086045,4.4986e-06,-2.6775e-05,-1.1937e-05
0.00074036,-0.0011138,1.5123e-06,-9.0007e-06,-4.0128e-06
0.00054114,-0.00081409,-0.00013359,0.00079511,0.00035448
0.00029291,-0.00044066,-0.00027896,0.0016603,0.00074023
0.00012782,-0.00019229,-0.00015864,0.00094418,0.00042094
4.7115e-05,-7.088e-05,-4.2892e-05,0.00025529,0.00011381
1.5141e-05,-2.2778e-05,9.6e-06,-5.7137e-05,-2.5474e-05
-0.00060008,0.00090277,2.4638e-05,-0.00014664,-6.5377e-05
-0.0041913,0.0063054,2.1352e-05,-0.00012708,-5.6657e-05
-0.0034665,0.005215,1.2844e-05,-7.6446e-05,-3.4082e-05
-0.0012825,0.0019295,-6.4941e-05,0.00038651,0.00017232
-8.7172e-05,0.00013114,-0.0001454,0.00086537,0.00038581
0.00034518,-0.00051929,-8.3231e-05,0.00049537,0.00022085
-0.0010808,-0.00028558,-2.248e-05,0.0001338,5.9652e-05
-0.015911,0.0027782,5.0856e-06,-3.0268e-05,-1.3495e-05
-0.014875,0.0027392,1.3052e-05,-7.7682e-05,-3.4633e-05
-0.0058916,0.0010806,1.1311e-05,-6.7321e-05,-3.0014e-05
-0.00064966,0.00010097,6.807e-06,-4.0514e-05,-1.8062e-05
0.0013265,-0.00026809,3.2127e-06,-1.9121e-05,-8.5249e-06
0.0015762,-0.00031106,-3.6355e-05,0.00021638,9.6468e-05
0.0011096,-0.00021736,-7.7858e-05,0.0004634,0.0002066
0.00058617,-0.00011482,-4.4391e-05,0.0002642,0.00011779
0.00025106,-4.9179e-05,-1.2037e-05,7.1641e-05,3.194e-05
9.1168e-05,-1.7859e-05,2.6941e-06,-1.6034e-05,-7.1487e-06
2.8939e-05,-5.6688e-06,6.9142e-06,-4.1152e-05,-1.8347e-05
8.2125e-06,-1.6087e-06,5.992e-06,-3.5663e-05,-1.59e-05
-0.0013027,0.00025518,3.606e-06,-2.1462e-05,-9.5685e-06
-0.0090332,0.0017695,1.7034e-06,-1.0138e-05,-4.52e-06
-0.0074711,0.0014635,6.6727e-07,-3.9715e-06,-1.7706e-06
-0.0027642,0.00054147,-1.9701e-05,0.00011726,5.2278e-05
-0.00018788,3.6803e-05,-4.1404e-05,0.00024643,0.00010986
0.00074394,-0.00014573,-2.3584e-05,0.00014036,6.2579e-05
0.00040913,-8.0143e-05,-6.3765e-06,3.7952e-05,1.692e-05
-0.0039801,0.00077965,1.4272e-06,-8.4942e-06,-3.787e-06
-0.0039243,0.00076871,3.6628e-06,-2.18e-05,-9.7191e-06
-0.0015481,0.00030326,3.1742e-06,-1.8892e-05,-8.4228e-06
-0.00014465,2.8335e-05,1.9103e-06,-1.1369e-05,-5.0689e-06
0.00038407,-7.5234e-05,9.0159e-07,-5.3661e-06,-2.3924e-06
0.00044564,-8.7294e-05,-1.0202e-05,6.0723e-05,2.7072e-05
0.00031139,-6.0998e-05,-2.1849e-05,0.00013004,5.7978e-05
0.0001645,-3.2223e-05,-1.2457e-05,7.4144e-05,3.3056e-05
7.0455e-05,-1.3801e-05,-3.3779e-06,2.0105e-05,8.9633e-06
-0.00033999,0.0068397,7.5603e-07,-4.4998e-06,-2.0061e-06
-0.0025269,0.047462,1.9403e-06,-1.1548e-05,-5.1487e-06
-0.0020943,0.039255,-1.2496e-07,-8.1996e-06,-4.4608e-06
-0.00077571,0.014524,-0.023881,0.023903,1.2154e-05
-5.2724e-05,0.00098716,-0.0497,0.049755,2.9613e-05
0.00020877,-0.0039089,-0.028263,0.028294,1.7064e-05
3.6202e-05,0.0016036,-0.0076416,0.0076501,4.5797e-06
-0.0011864,0.038034,0.0017104,-0.0017124,-1.1132e-06
-0.0010299,0.032368,0.0043895,-0.0043946,-2.7275e-06
-0.00037697,0.011899,0.0038022,-0.0038066,-2.3631e-06
-1.5778e-05,0.00062446,-0.022426,0.022438,6.4386e-06
0.00011441,-0.003445,-0.050353,0.050382,1.5688e-05
0.00012284,-0.0037345,-0.028824,0.028841,9.0393e-06
8.2909e-05,-0.0025291,-0.0077646,0.0077691,2.4261e-06
4.2774e-05,-0.0013048,0.001813,-0.0018141,-5.8972e-07
1.799e-05,-0.00054876,0.0045426,-0.0045453,-1.4449e-06
5.7558e-06,-0.00016705,0.0039368,-0.0039391,-1.2522e-06
-0.00043315,0.018656,0.0023692,-0.0023706,-7.5355e-07
-0.00073897,0.031792,0.0011192,-0.0011198,-3.5597e-07
-0.0003889,0.016728,0.00043939,-0.00043965,-1.3976e-07
-9.4919e-05,0.0040828,0.0001487,-0.00014879,-4.7296e-08
3.3461e-05,-0.0014393,4.4521e-05,-4.4547e-05,-1.4161e-08
6.7122e-05,-0.0028871,0,0,0
5.5491e-05,-0.0023868,0,0,0
3.2476e-05,-0.0013969,-1.3326e-06,6.4876e-07,3.1501e-10
1.5029e-05,-0.00064643,-0.017617,0.0085765,4.1644e-06
5.8051e-06,-0.0002497,-0.036662,0.017849,8.6664e-06
1.9386e-06,-8.3386e-05,-0.020848,0.01015,4.9283e-06
5.7403e-07,-2.4691e-05,-0.0056369,0.0027443,1.3325e-06
-3.2286e-05,0.0027441,0.0012616,-0.00061422,-2.9824e-07
-0.00035737,0.030374,0.0032379,-0.0015764,-7.6542e-07
-0.00033171,0.028193,0.0028061,-0.0013661,-6.6333e-07
-0.00013145,0.011172,0.0016887,-0.00082214,-3.9919e-07
-1.4802e-05,0.0012581,0.00079611,-0.00038803,-7.9677e-07
2.9177e-05,-0.0024799,-0.021083,0.0043909,-0.0080403
3.4795e-05,-0.0029573,-0.044421,0.0094036,-0.016733
2.4524e-05,-0.0020843,-0.025289,0.0053614,-0.0095153
1.2955e-05,-0.0011011,-0.0068463,0.0014538,-0.0025727
5.5486e-06,-0.00047159,0.0015323,-0.00032538,0.00057582
2.0149e-06,-0.00017125,0.0039326,-0.00083508,0.0014778
-1.6464e-05,0.0077525,0.0034081,-0.0007237,0.0012807
-0.00018913,0.086397,0.002051,-0.00043552,0.00077073
-0.00017572,0.080208,0.00096887,-0.00020574,0.00036409
-6.9635e-05,0.031785,0.00038039,-8.0774e-05,0.00014294
-7.8413e-06,0.0035792,0.00012502,-2.7153e-05,4.5201e-05
1.5457e-05,-0.0070552,-0.048995,0.0023987,-0.041944
1.8433e-05,-0.0084136,-0.10204,0.0050089,-0.087319
-2.2602e-06,0.0050242,-0.058029,0.0028484,-0.049656
-9.8896e-05,0.072827,-0.01569,0.00077014,-0.013426
-8.4531e-05,0.061482,0.0035107,-0.00017121,0.0030032
-3.1295e-05,0.022756,-0.0028886,0.014907,-0.014515
-1.8608e-06,0.0014252,-0.016957,0.03156,-0.039574
8.806e-06,-0.0062996,-0.0093839,0.017934,-0.022283
9.5897e-06,-0.0068876,-0.0015877,0.0048025,-0.0052123
6.5294e-06,-0.0046896,0.0017241,-0.0011421,0.0023378
-0.0042824,0.0033834,0.0024824,-0.0028357,0.0043379
-0.029718,0.039222,0.001984,-0.0024493,0.0036161
-0.02458,0.032917,0.0011408,-0.0014714,0.0021307
-0.009094,0.012199,0.00053891,-0.00069506,0.0010065
-0.00061807,0.00080483,0.0002111,-0.00027227,0.00039428
0.0024476,-0.0033139,-0.0062329,0.0080389,-0.011641
0.0026948,-0.0036487,-0.013099,0.016894,-0.024464
0.0018348,-0.0024843,-0.0074611,0.0096229,-0.013935
0.00094661,-0.0012817,-0.0020173,0.0026018,-0.0037677
0.00039812,-0.00053905,0.00045151,-0.00058234,0.00084328
-0.0012063,0.0027769,0.0011588,-0.0014945,0.0021642
-0.014885,0.032811,0.0010042,-0.0012952,0.0018756
-0.013845,0.030495,0.00060643,-0.00077679,0.0011283
-0.0054914,0.012091,0.027859,0.034853,-0.0057045
-0.00061837,0.0013615,0.057495,0.073153,-0.012772
0.0012189,-0.0026838,0.03267,0.041633,-0.0073111
0.0014536,-0.0032006,0.0088343,0.011255,-0.0019747
-0.0029668,0.0017653,-0.0019747,-0.0025224,0.00044672
-0.01835,0.017841,-0.005068,-0.0064736,0.0011465
-0.013832,0.013658,-0.0043921,-0.0056102,0.00099358
-0.004765,0.0046999,-0.0026432,-0.0033762,0.00059794
-4.7983e-05,1.6428e-05,-0.0012486,-0.0015949,0.00028246
0.0015818,-0.0016026,-0.00049021,-0.00062617,0.0001109
0.0016162,-0.0016282,-0.00016479,-0.0002105,3.7279e-05
0.0010648,-0.0010728,0.014557,0.018595,-0.0032931
0.00053688,-0.00054088,0.030398,0.038829,-0.0068767
-0.00060543,0.00060994,0.017287,0.022081,-0.0039106
-0.0090784,0.0091461,0.0046739,0.0059702,-0.0010573
-0.008475,0.0085381,-0.0010461,-0.0013362,0.00023665
-0.0033614,0.0033864,-0.0026848,-0.0034294,0.00060735
-0.00037927,0.00038209,-0.0023261,-0.0029712,0.00052621
0.0007476,-0.00075317,0.0063378,0.0080955,-0.0014337
0.00089154,-0.00089818,0.015442,0.019725,-0.0034933
0.00062836,-0.00063304,0.0088978,0.011366,-0.0020129
0.00033193,-0.00033441,0.0023881,0.0030504,-0.00054024
0.00014217,-0.00014323,-0.00058048,-0.00074147,0.00013132
-0.00068605,0.00069116,-0.0014223,-0.0018167,0.00032174
-0.0050989,0.0051369,-0.0012326,-0.0015744,0.00027883
-0.0042261,0.0042576,-0.00074175,-0.00094747,0.0001678
-0.0015653,0.0015769,-0.0003504,-0.00044758,7.9267e-05
-0.00010639,0.00010718,-0.00013757,-0.00017572,3.1121e-05
0.00042128,-0.00042442,-4.6246e-05,-5.9071e-05,1.0462e-05
0.00046383,-0.00046729,0.0040852,0.0052182,-0.00092416
0.00031581,-0.00031817,0.0085307,0.010897,-0.0019298
0.00016293,-0.00016415,0.0048512,0.0061966,-0.0010974
0.0038054,0.00052875,0.0013116,0.0016754,-0.00029672
0.017712,0.0028047,-0.00029357,-0.00037499,6.6411e-05
0.013175,0.0020986,-0.00075343,-0.00096239,0.00017044
0.0045421,0.00072408,-0.00065294,-0.00083403,0.00014771
6.9939e-05,1.1188e-05,-0.00039278,-0.00050171,8.8854e-05
-0.0014738,-0.00023577,0.0019859,0.0025367,-0.00044925
-0.0015132,-0.00024206,0.0044462,0.0056794,-0.0010058
-0.00099693,-0.00015948,0.0025452,0.0032511,-0.00057578
0.00080107,0.005404,0.00068746,0.00087812,-0.00015552
0.0088328,0.037998,-0.00015552,-0.00019865,3.5181e-05
0.0074039,0.031443,-0.00039913,-0.00050982,9.0291e-05
0.0027437,0.011634,-0.0003444,-0.00044031,7.8229e-05
0.00018171,0.00078997,0.01954,0.019802,-0.00021314
-0.00074454,-0.0031321,0.041,0.041637,-0.00051932
-0.00081975,-0.0034485,0.023333,0.0237,-0.00029924
-0.00055815,-0.002348,0.0063061,0.0064045,-8.0314e-05
-0.00028796,-0.0012113,-0.0014182,-0.0014422,1.9522e-05
0.00028918,0.0033343,-0.0036298,-0.0036885,4.7831e-05
0.0044981,0.042363,-0.0031457,-0.0031965,4.1452e-05
0.0042018,0.039434,-0.0018931,-0.0019237,2.4946e-05
0.0016667,0.015633,-0.00089427,-0.00090872,1.1784e-05
0.00018811,0.0017622,-0.00034936,-0.00035597,3.6655e-06
-0.00037079,-0.0034736,0.022909,0.01051,-0.012703
-0.00044218,-0.0041424,0.047888,0.022087,-0.026438
-0.00031165,-0.0029196,0.027253,0.012581,-0.015035
-0.00016463,-0.0015423,0.0073685,0.0034016,-0.0040651
-7.0512e-05,-0.00066057,-0.0016492,-0.00076134,0.00090984
-0.0023495,0.0017963,-0.0042326,-0.0019539,0.0023351
-0.025731,0.022462,-0.0036681,-0.0016933,0.0020236
-0.023879,0.020898,-0.0022075,-0.0010191,0.0012178
-0.0094617,0.0082902,-0.0010428,-0.00048139,0.00057528
-0.0010654,0.00093353,-0.00040848,-0.00018857,0.00022535
0.0021002,-0.0018401,0.012061,0.0055676,-0.0066536
0.0025045,-0.0021944,0.025346,0.011701,-0.013983
0.0017652,-0.0015466,0.014437,0.0066647,-0.0079646
0.00029735,-0.00058283,0.0039034,0.001802,-0.0021535
-0.026982,0.0097468,-0.00087366,-0.00040332,0.00048198
-0.033101,0.012132,-0.0022422,-0.0010351,0.001237
-0.015071,0.0055339,-0.0019432,-0.00089704,0.001072
-0.0027886,0.0010216,-0.0011694,-0.00053984,0.00064513
0.0022024,-0.00081212,-0.00055192,-0.00025479,0.00030448
0.0032221,-0.0011881,0.0062455,0.0028832,-0.0034456
0.0024475,-0.00090249,0.013375,0.0061747,-0.007379
0.0013586,-0.00050096,0.0076259,0.0035205,-0.0042071
0.00060427,-0.00022282,0.0020678,0.0009546,-0.0011408
0.00022617,-8.3396e-05,-0.00046282,-0.00021366,0.00025533
-0.0027467,0.00054428,-0.0011878,-0.00054834,0.00065529
-0.031196,0.0063171,-0.0010294,-0.0004752,0.00056789
-0.028976,0.0058708,-0.00061948,-0.00028598,0.00034176
-0.011483,0.0023265,-0.00029264,-0.00013509,0.00016144
-0.001293,0.00026198,-0.00011489,-5.3039e-05,6.3384e-05
0.0025487,-0.0005164,-3.8622e-05,-1.783e-05,2.1307e-05
0.0030395,-0.00061583,0.0034118,0.001575,-0.0018822
0.0021422,-0.00043403,0.0071245,0.003289,-0.0039305
-0.0003624,7.3426e-05,0.0040515,0.0018703,-0.0022351
-0.016053,0.0032524,0.0010954,0.0005057,-0.00060433
-0.015174,0.0030744,-0.00024518,-0.00011318,0.00013526
-0.006027,0.0012211,-0.00062923,-0.00029048,0.00034714
-0.00066911,0.00013557,-0.00054531,-0.00025174,0.00030084
0.0013502,-0.00027356,-0.00032803,-0.00015143,0.00018097
0.0016101,-0.00032623,0.0016585,0.00076565,-0.00091498
0.0011348,-0.00022993,0.0037133,0.0017142,-0.0020486
0.00059948,-0.00012146,0.0021256,0.00098129,-0.0011727
0.00025676,-5.2023e-05,0.00057413,0.00026504,-0.00031674
9.3239e-05,-1.8891e-05,-0.00012988,-5.9958e-05,7.1653e-05
2.9597e-05,-5.9965e-06,-0.00033333,-0.00015388,0.00018389
-0.00040001,0.00099899,-0.00028888,-0.00013336,0.00015937
-0.0081464,0.01996,-0.00017385,-8.0254e-05,9.5908e-05
-0.0085876,0.021041,-8.2123e-05,-3.7911e-05,4.5306e-05
-0.0036437,0.0089279,-3.2242e-05,-1.4884e-05,1.7787e-05
-0.0005511,0.0013503,-1.1637e-05,-5.0035e-06,5.181e-06
0.00066048,-0.0016183,-0.0095983,0.000442,-0.011084
0.00086449,-0.0021182,-0.019968,0.00092298,-0.023071
0.00063186,-0.0015482,-0.011355,0.00052487,-0.013119
0.00034202,-0.00083803,-0.0030702,0.00014191,-0.0035472
-0.0041213,0.0013636,0.00068717,-3.1763e-05,0.00079393
-0.029558,0.011857,0.0017632,-8.15e-05,0.0020371
-0.024475,0.0098744,-0.0035546,0.0001643,-0.0041068
-0.0090567,0.0036569,-0.0096583,0.00044643,-0.011159
-0.00061591,0.0002494,-0.0055809,0.00025796,-0.006448
0.0024388,-0.00098756,-0.0014558,6.7293e-05,-0.001682
0.0026852,-0.0010873,0.00042175,-1.9495e-05,0.00048728
0.0018283,-0.00074033,0.00095153,-4.3983e-05,0.0010994
0.00065144,-0.00026379,0.00080965,-3.7424e-05,0.00093544
-0.012183,0.0049334,0.00048725,-2.2522e-05,0.00056295
-0.015132,0.0061276,0.00023017,-1.0639e-05,0.00026593
-0.0069007,0.0027943,9.0366e-05,-4.177e-06,0.00010441
-0.0012747,0.00051615,3.0582e-05,-1.4136e-06,3.5333e-05
0.0010119,-0.00040973,8.9526e-06,-4.1381e-07,1.0344e-05
0.0014804,-0.00059944,-0.0026927,0.00012446,-0.003111
0.0011245,-0.00045533,-0.0056037,0.00025902,-0.0064743
0.00062417,-0.00025275,-0.0031866,0.0001473,-0.0036817
0.00050508,0.00037287,-0.0008616,3.9825e-05,-0.00099546
0.0016812,0.0033231,0.00019273,-8.9086e-06,0.00022268
0.0013384,0.0027695,-0.00093151,4.3057e-05,-0.0010762
0.00049246,0.0010258,-0.0025396,0.00011739,-0.0029342
3.2806e-05,6.999e-05,-0.00143,6.6098e-05,-0.0016522
-0.0001299,-0.00027714,-0.0003345,1.5461e-05,-0.00038647
-0.00014302,-0.00030514,0.00015003,-6.9347e-06,0.00017334
-9.7382e-05,-0.00020776,0.00027838,-1.2868e-05,0.00032163
-5.024e-05,-0.00010719,0.00023206,-1.0727e-05,0.00026812
0.0055746,0.00034527,0.00013674,-6.3203e-06,0.00015798
0.026478,0.0018315,6.4593e-05,-2.9857e-06,7.4628e-05
0.019715,0.0013704,2.5302e-05,-1.1695e-06,2.9234e-05
0.0067977,0.00047282,-0.00074706,3.4531e-05,-0.00086313
0.00010473,7.3058e-06,-0.00157,7.257e-05,-0.0018139
-0.002207,-0.00015395,-0.00089427,4.1336e-05,-0.0010332
0.00016456,-7.7158e-05,-0.00024179,1.1176e-05,-0.00027936
0.025409,0.00079138,5.4117e-05,-2.5014e-06,6.2525e-05
0.024218,0.00077871,0.00013886,-6.4184e-06,0.00016043
0.0095843,0.0003077,-0.00027994,1.2939e-05,-0.00032343
0.0010046,2.944e-05,-0.00076063,3.5158e-05,-0.0008788
-0.0022304,-7.5486e-05,-0.00043952,2.0316e-05,-0.0005078
-0.0026288,-8.7852e-05,-0.00011465,5.2996e-06,-0.00013247
-0.0018461,-6.1453e-05,3.3215e-05,-1.5353e-06,3.8375e-05
-0.00095834,1.0396e-05,7.4937e-05,-3.4638e-06,8.658e-05
-0.00023099,0.00046049,6.3763e-05,-2.9473e-06,7.3669e-05
2.1618e-05,0.00043529,3.8372e-05,-1.7737e-06,4.4334e-05
2.0527e-05,0.00017289,1.8127e-05,-8.3787e-07,2.0943e-05
-5.9301e-06,1.9195e-05,7.1167e-06,-3.2895e-07,8.2224e-06
-1.5243e-05,-3.8732e-05,2.3924e-06,-1.1058e-07,2.7641e-06
-1.8178e-05,-4.619e-05,-0.00021134,9.7686e-06,-0.00024417
-1.2812e-05,-3.2554e-05,-0.00044131,2.0399e-05,-0.00050988
-6.7679e-06,-1.7197e-05,-0.00025096,1.16e-05,-0.00028995
-2.8987e-06,-7.3656e-06,-6.7854e-05,3.1364e-06,-7.8396e-05
-0.0014119,3.5543e-05,1.5187e-05,-7.0198e-07,1.7546e-05
-0.0097838,0.00026417,3.8976e-05,-1.8016e-06,4.5032e-05
-0.0080917,0.00021895,3.377e-05,-1.5609e-06,3.9016e-05
-0.0029937,8.1096e-05,-9.2009e-05,4.2529e-06,-0.0001063
-0.00020348,5.5119e-06,-0.00022418,1.0362e-05,-0.00025901
0.00080573,-2.1826e-05,-0.00012917,5.9708e-06,-0.00014924
0.00088712,-2.4031e-05,-3.467e-05,1.6025e-06,-4.0056e-05
-0.00014338,0.0014298,8.4272e-06,-3.8953e-07,9.7365e-06
-0.0048711,0.01002,2.0648e-05,-9.5439e-07,2.3856e-05
-0.0041555,0.0082905,1.7319e-05,-1.3972e-06,2.0669e-05
-0.001539,0.0030674,-0.0075886,-0.0075376,-5.6314e-05
-9.3085e-05,0.00020817,-0.01581,-0.015686,-0.00013721
0.00043096,-0.00082599,-0.0089914,-0.0089198,-7.9061e-05
0.00046995,-0.00090931,-0.002431,-0.0024117,-2.122e-05
0.00031998,-0.00061913,0.00054444,0.00053977,5.1579e-06
0.00016508,-0.00031941,0.0013968,0.0013853,1.2637e-05
-0.0003265,0.0016299,0.0012105,0.0012006,1.0952e-05
-0.0027207,0.012186,0.00072846,0.0007225,6.5908e-06
-0.002263,0.010103,0.00034507,0.00033974,3.1107e-06
-0.00083795,0.0037393,0.012697,-0.020446,-3.5201e-05
-5.7103e-05,0.00025444,0.026188,-0.042784,-7.5386e-05
0.00022611,-0.0010075,0.01488,-0.024342,-4.2981e-05
0.00024895,-0.0011093,0.0040195,-0.0065853,-1.1655e-05
0.00016951,-0.0007553,-0.00089964,0.0014739,2.6085e-06
-0.00012229,-0.0030198,-0.0023089,0.0037827,6.6946e-06
-0.0014177,-0.018402,-0.0020009,0.0032782,5.8017e-06
-0.0011898,-0.015143,-0.0012027,0.0019729,3.49e-06
-0.00044093,-0.0055994,0.018652,0.0025959,-1.7646e-05
-2.9091e-05,-0.0003845,0.039777,0.0038289,-3.9507e-05
0.00011978,0.0015021,0.022671,0.0020931,-2.2615e-05
9.782e-05,0.0014889,0.0061277,0.00056952,-6.1084e-06
-0.00058961,-0.0021623,-0.0013765,-0.00011917,1.3818e-06
-0.00066988,-0.0028855,-0.0035328,-0.00030585,3.5464e-06
-0.0002844,-0.0012265,-0.0030616,-0.00026427,3.0727e-06
-3.899e-05,-0.00013502,-0.0012107,0.010272,-8.3718e-06
5.7271e-05,0.00029403,0.00044446,0.021634,-2.0398e-05
7.2713e-05,0.00035666,0.00040599,0.012316,-1.1754e-05
-0.0016765,8.5814e-05,8.652e-05,0.003328,-3.1546e-06
-0.019111,-0.0017353,-7.9872e-05,-0.0007501,7.6678e-07
-0.017753,-0.0016786,-0.0001161,-0.001917,1.8783e-06
-0.0070355,-0.00066686,0.00023406,0.0038646,-3.7866e-06
-0.00079129,-7.0456e-05,0.00063597,0.010501,-1.0289e-05
0.0015631,0.00015499,0.00036748,0.0060677,-5.9452e-06
-0.0025302,3.1478e-05,9.5863e-05,0.0015828,-1.5509e-06
-0.029154,-0.00091796,-2.7771e-05,-0.00045854,4.4929e-07
-0.024505,-0.00079764,-6.2655e-05,-0.0010345,1.0137e-06
-0.009026,-0.00029115,-5.3312e-05,-0.00088027,8.625e-07
-0.00052577,-1.1204e-05,-3.2083e-05,-0.00052974,5.1905e-07
0.0025435,8.954e-05,-1.5142e-05,-0.00025002,2.4498e-07
0.0027724,9.5845e-05,0.00017135,0.0028293,-2.7722e-06
0.001881,6.4611e-05,0.00036697,0.0060592,-5.9369e-06
0.00097045,3.3333e-05,0.00020923,0.0034546,-3.3849e-06
0.00040815,1.4019e-05,5.6733e-05,0.00093675,-9.1785e-07
0.00014606,5.0168e-06,-1.2698e-05,-0.00020966,2.0543e-07
4.5804e-05,1.5733e-06,-3.2589e-05,-0.00053808,5.2723e-07
1.2867e-05,4.4195e-07,-2.8242e-05,-0.00046632,4.5691e-07
0,0,-1.6996e-05,-0.00028063,2.7497e-07
0,0,-8.0288e-06,-0.00013257,1.2989e-07
0,0,-3.1522e-06,-5.2047e-05,5.0996e-08
0,0,-1.0667e-06,-1.7614e-05,1.7258e-08
0,0,-3.1939e-07,-5.2736e-06,5.1672e-09
0,0,0,0,0
0,0,0,0,0
