0,0,0,0,0
0,0,0,0,0
0,0,0,0,0
0,0,0,0,0
0,0,0,0,0
0,0,0,0,0
0,0,0,0,0
-0.00083319,0.0027605,0,0,0
-0.0057776,0.019142,0,0,0
-0.0047785,0.015832,2.1728e-06,-2.1823e-06,-2.5081e-14
-0.001768,0.0058576,0.028725,-0.02885,-3.3156e-10
-0.00012017,0.00039813,0.059778,-0.060039,-6.9001e-10
0.00047583,-0.0015765,0.033994,-0.034142,-3.9239e-10
0.00046036,0.0017531,0.0091913,-0.0092314,-1.0609e-10
-0.00091054,0.068409,-0.0020572,0.0020661,2.3746e-11
-0.0011519,0.07275,-0.0052796,0.0053026,6.0942e-11
-0.00048942,0.03087,-0.0045754,0.0045954,5.2814e-11
-5.8032e-05,0.004616,-0.0027558,0.0027621,3.1777e-11
0.00011143,-0.005671,-0.031855,-0.043569,-6.7458e-11
0.00013692,-0.0073931,-0.064097,-0.092877,-1.6574e-10
9.8293e-05,-0.0053977,-0.036332,-0.052934,-9.5607e-11
5.3205e-05,-0.0029218,-0.0098285,-0.014307,-2.5792e-11
-2.8333e-05,0.0017698,0.0021882,0.0032138,5.9064e-12
-0.00034891,0.020644,0.0056159,0.0082481,1.5159e-11
-0.0002929,0.017311,0.0048668,0.0071477,1.3135e-11
-0.0001086,0.0064174,0.0021147,-7.4651e-05,-1.2608e-11
-7.4348e-06,0.00043913,-0.00031078,-0.0070755,-3.8957e-11
2.944e-05,-0.0017388,-0.00042032,-0.0043814,-2.2811e-11
2.4796e-05,-0.0009563,-7.6688e-05,-0.0011303,-6.0679e-12
-6.2247e-05,0.0093023,0.00011335,0.00039426,1.6177e-12
-6.6877e-05,0.0091719,0.00014965,0.00080438,3.7705e-12
-2.6226e-05,0.0036183,0.00012969,0.0006971,3.2676e-12
-1.7788e-06,0.00033808,7.8046e-05,0.00041951,1.9665e-12
7.4215e-06,-0.00089766,3.613e-05,0.00019809,-2.2814e-07
8.3605e-06,-0.0010416,-0.0097385,-0.0010108,-0.0030159
5.7861e-06,-0.0007278,-0.020292,-0.0022391,-0.0062764
3.0565e-06,-0.00038447,-0.011541,-0.0012804,-0.0035692
1.3091e-06,-0.00016467,-0.0031207,-0.00034832,-0.00096504
3.5004e-07,-0.00011408,0.00069848,7.796e-05,0.00021599
-1.5571e-05,-0.0068273,0.0017926,0.00020008,0.00055433
-2.2315e-05,-0.0096874,0.0015535,0.00017339,0.0004804
-1.0916e-05,-0.0047273,0.00093491,0.00010435,0.0002891
-2.3576e-06,-0.001021,0.00044164,4.9293e-05,0.00013657
1.2468e-06,0.00053993,0.00017273,1.9332e-05,5.4037e-05
2.0932e-06,0.00090646,-0.0086504,-0.00026422,0.0055512
1.6564e-06,0.00071729,-0.018107,-0.00056153,0.01152
9.4365e-07,0.00040865,-0.010307,-0.00032044,0.006548
-0.00045947,0.00014104,-0.0027867,-8.664e-05,0.0017704
-0.019827,-0.00184,0.00062372,1.9392e-05,-0.00039626
-0.024074,-0.0022964,0.0016008,4.9768e-05,-0.001017
-0.010946,-0.0010479,0.0013873,4.313e-05,-0.00088134
-0.0020287,-0.00019547,0.00083468,2.595e-05,-0.00053028
0.0015948,0.00015366,-0.0017719,-5.5089e-05,0.0011257
0.0023332,0.00022481,-0.0043534,-0.00013535,0.0027658
0.0017722,0.00017076,-0.0025113,-7.8077e-05,0.0015955
0.00098375,9.4788e-05,-0.00067748,-2.1063e-05,0.00043041
-0.0017835,-8.6072e-06,0.00015514,4.8234e-06,-9.8564e-05
-0.024421,-0.00054615,0.00039817,1.2379e-05,-0.00025296
-0.022766,-0.00051645,0.00034506,1.0728e-05,-0.00021922
-0.0090275,-0.00020521,0.00020766,6.4561e-06,-0.00013193
-0.0010183,-2.3275e-05,9.8096e-05,3.0498e-06,-6.2321e-05
0.0020072,4.5879e-05,3.8472e-05,1.1961e-06,-2.4442e-05
0.0023937,5.4712e-05,-0.00052581,-1.6347e-05,0.00033405
0.0016871,3.8561e-05,-0.0011175,-3.4742e-05,0.00070995
0.0008912,2.037e-05,-0.00063769,-1.9826e-05,0.00040513
-0.0019742,-1.2531e-05,-0.00017242,-5.3605e-06,0.00010954
-0.016198,-0.00014423,3.858e-05,1.1995e-06,-2.451e-05
-0.013467,-0.0001209,-3.4991e-05,-1.0879e-06,2.223e-05
-0.0049865,-4.4818e-05,-0.0001931,-6.0035e-06,0.00012268
-0.00033977,-3.0656e-06,-0.00010697,-3.3256e-06,6.7956e-05
0.0013454,1.2139e-05,-1.8487e-05,-5.7476e-07,1.1745e-05
0.0014813,1.3365e-05,1.9179e-05,5.9626e-07,-1.2184e-05
0.00017328,7.4793e-06,2.7877e-05,8.667e-07,-1.7711e-05
-0.016141,-2.7635e-05,2.232e-05,6.9393e-07,-1.418e-05
-0.017345,-3.2106e-05,1.2848e-05,3.9945e-07,-8.1625e-06
-0.0073741,-1.3754e-05,6.0693e-06,1.8869e-07,-3.8559e-06
-0.0011026,-1.9655e-06,2.3828e-06,7.4083e-08,-1.5138e-06
0.0013578,2.6834e-06,8.064e-07,2.5071e-08,-5.1231e-07
0.0017681,3.4308e-06,2.3892e-07,7.428e-09,-1.5179e-07
0.0012923,2.5076e-06,-3.3339e-05,-1.0365e-06,2.118e-05
0.00069954,1.3574e-06,-6.9381e-05,-2.1571e-06,4.4078e-05
0.00030525,5.923e-07,-3.9454e-05,-1.2266e-06,2.5066e-05
-0.0019912,-1.0968e-06,-1.0668e-05,-3.3166e-07,6.7773e-06
-0.014552,-9.0494e-06,2.3876e-06,7.4231e-08,-1.5169e-06
-0.012055,-7.5225e-06,6.127e-06,1.9049e-07,-3.8926e-06
-0.0044638,-2.7906e-06,-2.9822e-06,-9.2716e-08,1.8946e-06
-0.0003034,-1.8967e-07,-1.4062e-05,-4.3718e-07,8.9336e-06
0.0012014,7.5106e-07,-8.3042e-06,-2.5818e-07,5.2757e-06
-0.0013394,4.998e-07,-2.0607e-06,-6.4069e-08,1.3092e-06
-0.017559,-1.7054e-06,7.9447e-07,2.47e-08,-5.0474e-07
-0.014803,-1.5857e-06,1.5841e-06,4.925e-08,-1.0064e-06
-0.0054534,-5.7196e-07,-7.4178e-07,-2.3062e-08,4.7126e-07
-0.00031401,-3.4617e-09,-3.4977e-06,-1.0874e-07,2.2221e-06
0.0015422,2.0053e-07,-2.0656e-06,-6.4219e-08,1.3123e-06
0.0010179,0.0004992,-5.1259e-07,-1.5936e-08,3.2565e-07
-0.003452,0.0034603,1.9762e-07,6.1439e-09,-1.2555e-07
-0.0032097,0.0028619,8.3128e-07,-4.2501e-07,-2.5033e-07
-0.0011578,0.0010588,0.0057803,-0.0057805,1.1722e-07
-7.0072e-06,7.1976e-05,0.012029,-0.01203,5.5273e-07
0.00040591,-0.00028496,0.0068405,-0.006841,3.2641e-07
0.00042415,-0.00031375,0.0018495,-0.0018497,8.1002e-08
0.00028349,-0.00021363,-0.00041393,0.00041399,-3.1228e-08
0.00014626,-0.00011021,-0.0010624,0.0010625,-6.2272e-08
-0.0013003,-8.3041e-06,-0.00092068,0.00092077,-5.1921e-08
-0.027142,0.00074235,-0.00055407,0.00055412,-3.1246e-08
-0.028628,0.00079484,-0.00026174,0.00026176,-1.476e-08
-0.012148,0.000338,-0.00010276,0.00010277,-5.795e-09
-0.0018376,5.1342e-05,-3.4776e-05,3.4779e-05,-1.9611e-09
0.0022024,-6.1532e-05,-1.0412e-05,1.0413e-05,-5.8717e-10
0.0028826,-8.0538e-05,0,0,0
0.0021069,-5.8866e-05,1.0875e-07,-1.0876e-07,6.1331e-12
0.0011405,-3.1864e-05,0.0014377,-0.0014378,8.1078e-08
0.00049767,-1.3904e-05,0.002992,-0.0029923,1.6873e-07
0.00018344,-5.1252e-06,0.0017015,-0.0017016,9.5952e-08
5.8953e-05,-1.6471e-06,0.00046004,-0.00046008,2.5943e-08
1.6904e-05,-4.7228e-07,-0.00010296,0.00010297,-5.8066e-09
0.00053549,9.4642e-06,-0.00026425,0.00026428,-1.4902e-08
0.010681,0.00018878,-0.00022901,0.00022903,-1.2915e-08
0.01126,0.000199,-0.00013782,0.00013783,-7.7721e-09
0.0047775,8.4436e-05,-6.5104e-05,6.511e-05,-3.6715e-09
0.00072258,1.2771e-05,-2.556e-05,2.5563e-05,-1.4414e-09
-0.000866,-1.5305e-05,-8.65e-06,8.6508e-06,-4.8781e-10
-0.0011335,-2.0033e-05,-2.5899e-06,2.5901e-06,-1.4605e-10
-0.00082847,-1.4642e-05,2.7051e-08,-2.7054e-08,1.5255e-12
-0.00044845,-7.9258e-06,0.00035761,-0.00035765,2.0167e-08
-0.00019569,-3.4585e-06,0.00074423,-0.0007443,4.197e-08
-7.2132e-05,-1.2748e-06,0.00042322,-0.00042326,2.3867e-08
-2.3181e-05,-4.0969e-07,0.00011443,-0.00011444,6.4531e-09
-6.6469e-06,-1.1748e-07,-2.5611e-05,2.5614e-05,-1.4443e-09
0.00025812,0.0021223,-6.573e-05,6.5736e-05,-3.7068e-09
0.0028571,0.023491,-5.6963e-05,5.6969e-05,-3.2124e-09
0.002652,0.021805,-3.4281e-05,3.4284e-05,-1.9332e-09
0.0010509,0.0086408,-1.5236e-05,1.5238e-05,-9.1285e-10
0.00011834,0.000973,0.012649,-0.012649,4.6578e-09
-0.00023327,-0.0019179,0.026335,-0.026335,1.0318e-08
-0.00027818,-0.0022872,0.014976,-0.014976,5.9003e-09
-8.7987e-05,-0.0037178,0.0040494,-0.0040494,1.6051e-09
0.00064587,-0.015454,-0.00090633,0.00090634,-3.5926e-10
0.00057548,-0.012442,-0.0023266,0.002325,-9.2192e-10
0.00021322,-0.0046008,-0.0094237,-0.011688,4.4872e-10
1.0474e-05,-0.00034575,-0.01663,-0.027305,2.1159e-09
-6.3172e-05,0.0011907,-0.0093399,-0.015644,1.2495e-09
-6.7956e-05,0.0013241,-0.0025954,-0.0041599,3.1008e-10
-4.627e-05,0.00090153,0.00045439,0.0010576,-1.1954e-10
-7.9007e-06,0.00015394,0.0013388,0.0025415,-2.3838e-10
0.00016673,-0.0032487,0.00118,0.0021828,-1.9875e-10
0.00016049,-0.003127,0.00070997,0.0013134,-1.1959e-10
6.3896e-05,-0.001245,-0.0015072,-0.0027881,2.5387e-10
7.0054e-06,-0.0001365,-0.003703,-0.00685,6.2372e-10
-1.4433e-05,0.00028121,-0.0021361,-0.0039515,3.598e-10
-1.7211e-05,0.00033535,-0.00057626,-0.001066,9.7064e-11
-1.1268e-05,-5.6324e-05,0.00013196,0.00024411,-2.2228e-11
3.0775e-05,-0.012493,0.00033868,0.00062651,-5.7046e-11
4.2403e-05,-0.015267,0.00029351,0.00054295,-4.9438e-11
1.9532e-05,-0.0069469,0.00017663,0.00032675,-2.9752e-11
3.4882e-06,-0.0012849,8.3439e-05,0.00015435,-1.4054e-11
-3.0806e-06,0.0010167,3.2759e-05,6.06e-05,-5.5178e-12
-4.3756e-06,0.0014848,1.1086e-05,2.0508e-05,-1.8673e-12
-3.3236e-06,0.0011279,2.7143e-06,5.5057e-06,-5.5325e-13
-1.8449e-06,0.00062606,-0.0079982,-0.0083877,7.72e-11
-8.2057e-07,0.00027846,-0.016645,-0.017456,1.6066e-10
-3.0713e-07,0.00010422,-0.0094654,-0.0099264,9.1363e-11
-9.9948e-08,3.3917e-05,-0.0025592,-0.0026839,2.4703e-11
-2.8962e-08,9.8283e-06,0.0005728,0.0006007,-5.5289e-12
0,0,0.0014701,0.0015417,-1.419e-11
0,0,0.001274,0.001336,-1.2297e-11
1.6633e-06,-0.00056442,0.0007667,0.00080404,-7.4004e-12
1.1534e-05,-0.0039139,0.00036203,0.00037966,-3.4944e-12
9.5392e-06,-0.0032371,-0.0018473,-0.0019372,1.783e-11
3.5293e-06,-0.0011977,-0.0040921,-0.0042914,3.9498e-11
6.536e-07,0.0013467,-0.00234,-0.002454,2.2586e-11
1.919e-06,0.010225,-0.00063658,-0.00066759,6.1445e-12
1.3269e-06,0.0085454,0.00014248,0.00014942,-1.3752e-12
1.658e-07,0.003272,0.00036566,0.00038347,-3.5295e-12
-3.077e-07,0.00033063,0.00031727,0.00033187,-3.0584e-12
-3.9078e-07,-0.00076314,0.0052251,-0.0058482,2.9357e-12
-3.1543e-07,-0.00087919,0.010567,-0.012492,9.0707e-12
-1.9446e-07,-0.00060551,0.0059933,-0.0071206,5.3113e-12
-9.6249e-08,-0.00031377,0.0016229,-0.0019227,1.4128e-12
-3.8432e-08,-0.00013266,-0.00035696,0.00043691,-3.7667e-13
-1.3753e-08,-4.7473e-05,-0.00092532,0.0011117,-8.7792e-13
5.6822e-08,0.00019614,-0.00080191,0.00096339,-7.6083e-13
6.7547e-07,0.0023317,-0.00048259,0.00057977,-4.5787e-13
6.281e-07,0.0021681,-0.00022797,0.00027388,-2.1629e-13
2.4891e-07,0.00085919,-8.9503e-05,0.00010753,-8.4918e-14
2.8028e-08,9.675e-05,-3.0289e-05,3.6389e-05,-2.8738e-14
-5.5248e-08,-0.00019071,-8.9741e-06,1.0781e-05,-8.5143e-15
-6.5886e-08,-0.00022743,0.0012522,-0.0015044,1.1881e-12
-4.6436e-08,-0.00016029,0.002606,-0.0031308,2.4725e-12
-2.453e-08,-8.4675e-05,0.001482,-0.0017804,1.406e-12
2.836e-08,0.0098408,0.00040069,-0.00048138,3.8016e-13
1.8015e-07,0.046737,-8.9681e-05,0.00010774,-8.5087e-14
1.3574e-07,0.034799,-0.00023016,0.00027651,-2.1837e-13
4.6876e-08,0.011999,-0.00019947,0.00023963,-1.8925e-13
7.2743e-10,0.00018486,-0.0001183,0.00014418,-1.711e-06
-1.5329e-08,-0.0038956,0.022874,-0.00030608,-0.022619
-1.5738e-08,-0.0039995,0.047699,-0.00075201,-0.047073
-1.0369e-08,-0.0026351,0.02713,-0.0004338,-0.026769
-5.228e-09,-0.0013286,0.0073352,-0.00011703,-0.0072378
-2.16e-09,-0.00054892,-0.0016422,2.6799e-05,0.0016199
-7.6193e-10,-0.00019363,-0.0042147,6.8779e-05,0.0041575
3.5463e-09,0.00090122,-0.0036526,5.9606e-05,0.003603
4.1801e-08,0.010623,-0.0021981,3.5871e-05,0.0021683
3.8861e-08,0.0098757,-0.0010384,1.6945e-05,0.0010243
1.54e-08,0.0039136,-0.00040768,6.6528e-06,0.00040214
1.7341e-09,0.00044069,-0.00013796,2.2514e-06,0.00013609
-3.4182e-09,-0.00086867,-4.1307e-05,6.7408e-07,4.0746e-05
-4.0764e-09,-0.0010359,0,0,0
-2.873e-09,-0.00073012,4.3146e-07,-7.0408e-09,-4.256e-07
-1.5177e-09,-0.00038569,0.0057038,-9.3079e-05,-0.0056263
-6.5004e-10,-0.00016519,0.01187,-0.00019371,-0.011709
-2.3605e-10,-5.9987e-05,0.0067502,-0.00011015,-0.0066585
1.5088e-09,0.00052602,0.0018251,-2.9783e-05,-0.0018003
1.0961e-08,0.0037742,-0.00040849,6.666e-06,0.00040294
9.0829e-09,0.003126,-0.0010484,1.7108e-05,0.0010341
3.3605e-09,0.0011566,-0.00090854,1.4826e-05,0.0008962
2.2841e-10,7.861e-05,-0.00054612,9.453e-06,0.00053923
-9.0444e-10,-0.00031128,0.0081976,0.0070182,-0.0011447
-9.958e-10,-0.00034272,0.017496,0.014598,-0.0028124
-6.7802e-10,-0.00023335,0.0099728,0.0083013,-0.0016224
-3.498e-10,-0.00012039,0.0026954,0.0022445,-0.00043767
-1.4712e-10,-5.0632e-05,-0.00060559,-0.00050232,0.00010023
-0.0032476,0.00018774,-0.0015542,-0.0012892,0.00025723
-0.015372,0.00096869,-0.0013469,-0.0011172,0.00022292
-0.011443,0.00072377,-0.00081058,-0.00067236,0.00013415
-0.0039456,0.0002501,-0.00038291,-0.00031761,6.3373e-05
-6.0783e-05,3.8529e-06,-0.00015017,-0.00012457,2.4854e-05
0.0012809,-8.1192e-05,0.0020524,0.0017025,-0.00033969
0.0013151,-8.3358e-05,0.004362,0.0036182,-0.00072192
0.00086642,-5.492e-05,0.0024892,0.0020647,-0.00041197
0.00043685,-2.7691e-05,0.00067302,0.00055825,-0.00011139
0.00018049,-1.1441e-05,-0.00015063,-0.00012495,2.493e-05
-4.9552e-06,-0.00038591,-0.00038659,-0.00032067,6.3982e-05
-0.0029387,-0.016465,-0.00033503,-0.0002779,5.5449e-05
-0.0035865,-0.01999,-0.00020162,-0.00016724,3.3369e-05
-0.0016333,-0.0090893,-9.4406e-05,-7.9769e-05,1.5757e-05
-0.0003027,-0.0016845,0.011042,-0.010153,-8.0399e-05
0.00023796,0.0013242,0.023044,-0.021075,-0.0001781
0.00034813,0.0019374,0.013108,-0.011982,-0.00010184
0.00026444,0.0014716,0.003545,-0.0032388,-2.7706e-05
-5.415e-05,-0.00030135,-0.00079344,0.00072489,6.2011e-06
-0.00088577,-0.0049293,-0.0020363,0.0018604,1.5915e-05
-0.00068358,-0.0038041,-0.0017645,0.0016121,1.3791e-05
-0.00023617,-0.0013143,0.0016937,-0.0015474,-1.3237e-05
-1.4564e-06,-8.1048e-06,0.0052333,-0.0047812,-4.0901e-05
7.9249e-05,0.00044102,0.0030643,-0.0027996,-2.3949e-05
6.1809e-05,0.0030123,0.00081513,-0.00074471,-6.3706e-06
-0.00016284,0.028629,-0.00021732,0.00019854,1.6984e-06
-0.00017388,0.026447,-0.00050651,0.00046275,3.9586e-06
-6.8449e-05,0.010483,-0.00043896,0.00040103,3.4307e-06
-5.0261e-06,0.0011954,-0.00026291,0.00024249,2.0642e-06
1.8893e-05,-0.0023063,0.016394,0.015321,-4.3819e-06
2.1414e-05,-0.0027565,0.034329,0.031693,-1.0766e-05
1.4853e-05,-0.0019441,0.019533,0.018012,-6.2104e-06
7.8463e-06,-0.001027,0.0052808,0.0048706,-1.6754e-06
3.3062e-06,-0.00041949,-0.001183,-0.0010891,3.8367e-07
-3.3509e-05,0.012854,-0.0030362,-0.0027951,9.8467e-07
-5.8633e-05,0.022065,-0.0026313,-0.0024223,8.5334e-07
-3.0927e-05,0.011615,-0.0015835,-0.0014578,5.1354e-07
-7.5753e-06,0.0028385,-0.00074803,-0.00068863,2.4259e-07
2.6705e-06,-0.0010006,-0.00029368,-0.00027036,9.5243e-08
5.3569e-06,-0.0020073,-9.9387e-05,-9.1495e-05,3.2232e-08
4.4286e-06,-0.0016594,-2.9979e-05,-2.6576e-05,9.5496e-09
2.5918e-06,-0.00097119,-0.0029282,0.01082,-1.3325e-06
1.1994e-06,-0.00044943,-0.0060939,0.022517,-2.7732e-06
4.633e-07,-0.0001736,-0.0034654,0.012805,-1.577e-06
-0.0021188,0.00039537,-0.00093698,0.0034621,-4.2639e-07
-0.023454,0.0050008,0.00020971,-0.00077488,9.5433e-08
-0.02177,0.0046577,0.00053821,-0.0019887,2.4492e-07
-0.0086271,0.0018458,0.00046643,-0.0017235,2.1226e-07
-0.00097147,0.00020784,0.00028064,-0.001037,1.2771e-07
0.0019149,-0.0004097,-0.00059577,0.0022014,-2.7111e-07
0.0022836,-0.00048858,-0.0014637,0.0054085,-6.661e-07
0.0016095,-0.00034435,-0.00084437,0.0031199,-3.8424e-07
0.00085022,-0.0001819,-0.00022779,0.00084167,-1.0366e-07
-0.00052305,0.0032489,5.2163e-05,-0.00019274,2.3738e-08
-0.0060199,0.023041,0.00013387,-0.00049467,6.0922e-08
-0.0050463,0.019071,0.00011517,-0.00042948,5.279e-08
-0.0018707,0.0070567,-0.01117,-0.010647,-5.0673e-08
-0.00012796,0.0004798,-0.023358,-0.021742,-1.5657e-07
0.00050667,-0.0018999,-0.013289,-0.012343,-9.1678e-08
0.00022277,-0.00083533,-0.0035921,-0.0033405,-2.4387e-08
-0.0012062,0.0045229,0.00080626,0.00073918,6.5016e-09
-0.00098474,0.0036926,0.0020659,0.0019095,1.5154e-08
-0.00032468,0.0012175,0.0017901,0.0016546,1.3131e-08
2.3221e-05,-8.7073e-05,-0.0017183,-0.0015883,-1.2604e-08
0.00014141,-0.00053024,-0.0053092,-0.0049074,-3.8945e-08
0.00013828,-0.00051853,-0.0031088,-0.0028735,-2.2804e-08
8.9395e-05,-0.00033521,-0.00082695,-0.00076437,-6.0659e-09
-3.8275e-05,0.0037159,0.00022047,0.00020378,1.6172e-09
-0.00037588,0.018318,0.00051386,0.00047497,3.7693e-09
-0.00028712,0.013664,0.00044464,0.00041094,3.2662e-09
-9.9226e-05,0.0047123,-0.0087212,-0.0086889,-3.1352e-09
-9.9381e-07,7.0588e-05,-0.018581,-0.018481,-9.687e-09
3.2873e-05,-0.0015322,-0.010589,-0.01053,-5.6722e-09
3.375e-05,-0.0015731,-0.0028595,-0.002844,-1.5088e-09
2.2236e-05,-0.0010364,0.00064882,0.00064466,4.0226e-10
0.0016973,-0.00014449,0.0016522,0.0016426,9.3757e-10
0.018667,0.003969,0.0014319,0.0014235,8.1252e-10
0.017325,0.0038082,0.0008617,0.00085665,4.8898e-10
0.0068652,0.0015157,0.00040706,0.00040467,2.3099e-10
0.00077315,0.00016677,0.00015981,0.00015888,9.0687e-11
-0.0015237,-0.00034167,5.4084e-05,5.3767e-05,3.069e-11
-0.0018171,-0.00040746,1.6024e-05,1.593e-05,9.0929e-12
-0.0012807,-0.00028718,-0.002236,-0.0022229,-1.2688e-09
-0.00067654,-0.0001517,-0.0046532,-0.004626,-2.6405e-09
-0.00028976,-6.4976e-05,-0.0026461,-0.0026307,-1.5016e-09
-0.00010522,-2.3595e-05,-0.00071546,-0.00071127,-4.0599e-10
-0.00088465,8.6553e-05,0.00016013,0.0001592,9.0868e-11
-0.0094318,0.0010388,0.00041097,0.00040857,2.3321e-10
-0.0087458,0.0009662,0.00035616,0.00035407,2.0211e-10
-0.0034658,0.00038289,0.00021434,0.00021308,1.2163e-10
-0.00039027,4.3115e-05,0.00010121,0.00010062,5.7432e-11
0.00076928,-8.4988e-05,-0.00051642,-0.00051339,-2.9305e-10
0.0009174,-0.00010135,-0.001144,-0.0011373,-6.4916e-10
0.00064658,-7.1432e-05,-0.00065417,-0.00065034,-3.7121e-10
-1.4855e-05,0.0026396,-0.00017796,-0.00017692,-1.0099e-10
-0.0023252,0.018549,3.9831e-05,3.9598e-05,2.2602e-11
-0.001991,0.015349,0.00010222,0.00010163,5.8008e-11
-0.00073943,0.0056792,8.8591e-05,8.8072e-05,5.0271e-11
-4.6618e-05,0.0003856,5.26e-05,5.2991e-05,-7.0339e-07
0.00020355,-0.001529,-0.0094123,-0.00011249,-0.0092991
0.00022411,-0.0016834,-0.01963,-0.00027638,-0.019352
0.00015259,-0.0011462,-0.011165,-0.00015943,-0.011005
7.8722e-05,-0.00059134,-0.0030188,-4.3011e-05,-0.0029755
3.3109e-05,-0.0002487,0.00067588,9.8495e-06,0.00066597
1.1848e-05,-8.8998e-05,0.0017346,2.5278e-05,0.0017092
-0.0015108,0.00063804,0.0015033,2.1907e-05,0.0014812
-0.010501,0.0046101,0.00090449,1.3181e-05,0.00089123
-0.0086863,0.0038194,-0.0019201,-2.7981e-05,-0.001892
-0.0032138,0.0014131,-0.0047175,-6.8747e-05,-0.0046483
-0.00021844,9.6045e-05,-0.0027213,-3.9657e-05,-0.0026814
0.0047659,-0.00021467,-0.00073414,-1.0699e-05,-0.00072338
0.028003,0.00072992,0.00016812,2.45e-06,0.00016565
0.023021,0.00066492,0.00043147,6.2877e-06,0.00042514
0.0086121,0.0002044,0.00037392,5.4491e-06,0.00036844
0.00070331,-3.7972e-05,0.00022503,3.2793e-06,0.00022173
-0.0021775,-0.00011674,0.0001063,1.5491e-06,0.00010474
-0.0024371,-0.0001111,4.169e-05,6.0754e-07,4.1079e-05
-0.0016657,-7.2867e-05,-0.00056978,-8.3033e-06,-0.00056143
-0.00086162,-3.6587e-05,-0.0012109,-1.7647e-05,-0.0011932
-0.00036238,-1.5388e-05,-0.00069102,-1.007e-05,-0.00068089
-0.00012968,-5.5064e-06,-0.00018684,-2.7228e-06,-0.0001841
-4.0667e-05,-1.7268e-06,4.1817e-05,6.094e-07,4.1204e-05
0.0030978,4.0718e-05,0.00010732,1.564e-06,0.00010575
0.02156,0.00028571,9.3008e-05,1.3554e-06,9.1645e-05
0.017832,0.00023631,5.5972e-05,8.1568e-07,5.5152e-05
0.0065974,8.7429e-05,2.6441e-05,3.8532e-07,2.6053e-05
0.00044842,5.9424e-06,1.037e-05,1.5112e-07,1.0218e-05
-0.0017756,-2.353e-05,-0.00014173,-2.0654e-06,-0.00013965
-0.001955,-2.5907e-05,-0.0003012,-4.3894e-06,-0.00029679
-0.0013311,-1.764e-05,-0.00017188,-2.5048e-06,-0.00016936
-0.00068673,-9.1005e-06,-4.6474e-05,-6.7725e-07,-4.5792e-05
0.00017062,0.0026282,1.0402e-05,1.5158e-07,1.0249e-05
0.0049821,0.029133,2.6695e-05,3.8903e-07,2.6304e-05
0.0046879,0.027042,2.3135e-05,3.3714e-07,2.2796e-05
0.0018615,0.010716,1.3922e-05,2.0289e-07,1.3718e-05
0.00021064,0.0012067,5.3954e-06,9.5804e-08,5.299e-06
-0.0004152,-0.0023786,-0.015616,-4.8884e-07,-0.015615
-0.00049515,-0.0028366,-0.032503,-1.0829e-06,-0.032501
-0.00034898,-0.0019992,-0.018483,-6.1924e-07,-0.018483
-0.00018435,-0.0010561,-0.0049976,-1.6846e-07,-0.0049974
0.0015393,0.00064971,0.0011185,3.7704e-08,0.0011185
0.011193,0.0074777,0.0028707,9.6766e-08,0.0028706
0.0092721,0.0062684,0.0024878,8.386e-08,0.0024877
0.0034313,0.0023237,0.0014969,5.0457e-08,0.0014968
0.00023339,0.00015894,-0.0031777,-1.0711e-07,-0.0031776
-0.00092418,-0.00062937,-0.0078072,-2.6317e-07,-0.0078069
-0.0010175,-0.00069294,-0.0045036,-1.5181e-07,-0.0045035
-0.00069281,-0.00047181,-0.001215,-4.0954e-08,-0.0012149
-0.0035197,3.0711e-05,0.00027822,9.3784e-09,0.00027822
-0.022078,0.0017985,0.00071405,2.4069e-08,0.00071403
-0.01819,0.0015355,0.00061882,2.0859e-08,0.00061879
-0.0067269,0.00057018,0.0003724,1.2553e-08,0.00037239
-0.00046081,3.6308e-05,0.00017585,5.9274e-09,0.00017584
0.0018059,-0.00015655,-0.00089726,-3.0245e-08,-0.00089723
0.0019883,-0.00017236,-0.0019876,-6.7e-08,-0.0019876
0.0013538,-0.00011736,-0.0011366,-3.8313e-08,-0.0011366
0.00069845,-6.0546e-05,-0.0003092,-1.0423e-08,-0.00030919
5.2626e-05,-4.5619e-06,6.9205e-05,2.3328e-09,6.9203e-05
-0.0047045,0.00040782,0.00017761,5.987e-09,0.00017761
-0.0050372,0.00043665,0.00015392,5.1885e-09,0.00015392
-0.002142,0.00018568,9.2631e-05,3.1224e-09,9.2628e-05
-0.00032537,2.8205e-05,4.3758e-05,1.475e-09,4.3756e-05
0.00038995,-3.3803e-05,1.7162e-05,5.7848e-10,1.7161e-05
0.0005104,-4.4244e-05,-0.00023455,-7.9062e-09,-0.00023454
0.00037305,-3.2339e-05,-0.00049848,-1.6803e-08,-0.00049846
0.00020193,-1.7505e-05,-0.00028446,-9.5885e-09,-0.00028445
8.8116e-05,-7.6385e-06,-7.6911e-05,-2.5925e-09,-7.6908e-05
-8.375e-05,7.26e-06,1.7214e-05,5.8025e-10,1.7213e-05
-0.0012761,0.00011062,4.4179e-05,1.4892e-09,4.4177e-05
-0.0011912,0.00010326,3.8287e-05,1.2906e-09,3.8285e-05
-0.00047323,4.1022e-05,2.3041e-05,7.7667e-10,2.304e-05
-5.3288e-05,4.6193e-06,1.0884e-05,3.6689e-10,1.0884e-05
0.00010504,-9.1055e-06,4.2687e-06,1.4389e-10,4.2686e-06
0.00012526,-1.0859e-05,-5.8341e-05,-1.9666e-09,-5.8339e-05
8.8285e-05,-7.6531e-06,-0.00012399,-4.1795e-09,-0.00012399
4.6637e-05,-4.0428e-06,-7.0755e-05,-2.385e-09,-7.0753e-05
1.9975e-05,-1.7316e-06,-1.9131e-05,-6.4486e-10,-1.913e-05
7.2536e-06,-6.2879e-07,4.2818e-06,1.4433e-10,4.2816e-06
2.3025e-06,-1.9959e-07,1.0989e-05,3.7042e-10,1.0989e-05
0.00081884,2.4495e-06,9.5234e-06,3.2101e-10,9.523e-06
0.0090563,2.774e-05,5.7312e-06,1.9319e-10,5.731e-06
0.0084061,2.5749e-05,2.7062e-06,9.1221e-11,2.7061e-06
0.0033312,1.0204e-05,-1.3808e-05,-4.6546e-10,-1.3808e-05
0.00037511,1.149e-06,-3.0589e-05,-1.0311e-09,-3.0588e-05
-0.0007394,-2.2649e-06,-1.7492e-05,-5.8962e-10,-1.7491e-05
-0.00088177,-2.701e-06,-4.7585e-06,-1.604e-10,-4.7584e-06
0.00013923,-1.5819e-06,1.065e-06,3.5901e-11,1.065e-06
0.014845,5.4108e-06,2.7334e-06,9.2137e-11,2.7333e-06
0.015854,6.3332e-06,2.3688e-06,7.9849e-11,2.3687e-06
0.0067356,2.7135e-06,1.4256e-06,4.8053e-11,1.4255e-06
0.0010103,3.8442e-07,6.7342e-07,2.27e-11,6.734e-07
-0.0012348,-5.3431e-07,2.6411e-07,8.9027e-12,2.641e-07
-0.0016102,-6.8091e-07,-3.6096e-06,-1.2167e-10,-3.6095e-06
-0.0011769,-4.9768e-07,-7.6714e-06,-2.5859e-10,-7.6711e-06
-0.00063704,-2.6939e-07,-4.3777e-06,-1.4756e-10,-4.3775e-06
-0.00027798,-1.1755e-07,-1.1836e-06,-3.9898e-11,-1.1836e-06
-0.00010247,-4.3331e-08,2.6492e-07,8.9299e-12,2.6491e-07
-3.293e-05,-1.3925e-08,6.799e-07,2.2918e-11,6.7988e-07
-0.0036699,2.5702e-07,5.8922e-07,1.9861e-11,5.892e-07
-0.025383,1.8099e-06,3.5452e-07,1.195e-11,3.5451e-07
-0.020994,1.497e-06,-7.526e-07,-2.5369e-11,-7.5258e-07
-0.0077673,5.5385e-07,-1.8491e-06,-6.2328e-11,-1.849e-06
-0.00052793,3.7644e-08,-1.0666e-06,-3.5955e-11,-1.0666e-06
0.0020905,-1.4906e-07,-2.8775e-07,-9.6996e-12,-2.8774e-07
0.0020225,-0.0010929,6.5895e-08,2.2212e-12,6.5893e-08
-0.0040003,-0.021797,1.6912e-07,5.7006e-12,1.6911e-07
-0.0050605,-0.022978,1.4656e-07,4.9403e-12,1.4656e-07
-0.0021502,-0.0097494,8.8201e-08,2.9731e-12,8.8198e-08
-0.00025496,-0.0014746,-9.0892e-07,9.5057e-07,4.1646e-08
0.00048955,0.0017672,-0.012567,0.012566,-2.125e-07
0.00060154,0.0023131,-0.026152,0.026152,-4.7074e-07
0.00043183,0.0016907,-0.014872,0.014872,-2.6918e-07
0.00023375,0.00091515,-0.0040211,0.004021,-7.323e-08
0.000102,0.00039934,0.00089998,-0.00089996,1.639e-08
-0.00045141,3.2833e-05,0.0023098,-0.0023097,4.2064e-08
-0.02107,-0.0048833,0.0020017,-0.0020017,3.6454e-08
-0.025594,-0.005973,0.0012046,-0.0012046,2.1938e-08
-0.011639,-0.0027221,0.00056905,-0.00056904,1.0363e-08
-0.0021571,-0.00050449,0.00022318,-0.00022317,4.0644e-09
0.0016957,0.00039659,-0.0030502,0.0030501,-5.5549e-08
0.0024808,0.00058021,-0.0064824,0.0064823,-1.1806e-07
0.0018844,0.00044072,-0.0036992,0.0036992,-6.7369e-08
0.001046,0.00024464,-0.0010002,0.0010002,-1.8215e-08
0.0037999,-0.00011174,0.00022386,-0.00022386,4.0768e-09
0.023298,-0.0014887,0.00057453,-0.00057452,1.0463e-08
0.019182,-0.0012517,0.0004979,-0.00049789,9.0676e-09
0.0070924,-0.00046415,0.00029964,-0.00029963,5.4569e-09
0.00048094,-3.1809e-05,0.00014149,-0.00014148,2.5767e-09
-0.0019044,0.00012595,-0.00072193,0.00072192,-1.3148e-08
-0.0020968,0.00013868,-0.0015993,0.0015992,-2.9125e-08
-0.0014276,9.4422e-05,-0.00091451,0.00091449,-1.6655e-08
-0.00073654,4.8713e-05,-0.00024879,0.00024878,-4.5308e-09
-0.00030977,2.0488e-05,5.5683e-05,-5.5682e-05,1.0141e-09
-0.00011085,7.3315e-06,0.00014291,-0.0001429,2.6026e-09
0.0007947,-5.256e-05,0.00012385,-0.00012384,2.2554e-09
0.005742,-0.00037977,7.4531e-05,-7.453e-05,1.3573e-09
0.0047572,-0.00031463,3.5208e-05,-3.5207e-05,6.4119e-10
0.0017601,-0.00011641,1.3823e-05,-1.3823e-05,2.5174e-10
0.00011963,-7.912e-06,4.6779e-06,-4.6778e-06,8.5192e-11
-0.0004737,3.133e-05,1.4006e-06,-1.4006e-06,2.5507e-11
-0.00052155,3.4494e-05,-1.4629e-08,1.4629e-08,-2.6642e-13
-0.00035511,2.3486e-05,-0.0001934,0.00019339,-3.522e-09
-0.00018321,1.2117e-05,-0.00040247,0.00040247,-7.3297e-09
4.5517e-05,0.0011406,-0.00022887,0.00022887,-4.1682e-09
0.0013291,0.01257,-6.1883e-05,6.1882e-05,-1.127e-09
0.0012506,0.011666,1.5425e-05,-1.2269e-05,2.5217e-10
0.0004966,0.0046231,0.020848,0.020873,-2.2871e-10
5.6194e-05,0.00052058,0.043343,0.043481,-1.2622e-09
-0.00011077,-0.0010261,0.024649,0.024725,-6.9916e-10
-0.00013209,-0.0012237,0.0066682,0.0066815,-1.2084e-10
-9.31e-05,-0.00086247,-0.0014871,-0.0015008,1.2536e-10
-4.2561e-05,-0.00055061,-0.0038241,-0.0038441,1.8221e-10
0.00026431,-0.0042912,-0.0033147,-0.0033308,1.4589e-10
0.00033885,-0.0050442,-0.001995,-0.0020042,8.3979e-11
0.00015512,-0.0022839,-0.00094243,-0.00094679,3.9671e-11
2.851e-05,-0.00042548,-0.00037001,-0.00037172,1.5575e-11
-2.2954e-05,0.00032946,-0.00012522,-0.0001258,5.2709e-12
-3.3582e-05,0.000482,-3.6776e-05,-3.7594e-05,1.5616e-12
-2.5508e-05,0.00036612,0.0094493,0.00092813,-2.1791e-10
-1.4159e-05,0.00020323,0.019665,0.0019315,-4.535e-10
-6.2977e-06,9.0392e-05,0.011183,0.0010984,-2.5789e-10
1.5561e-06,-2.2335e-05,0.0030236,0.00029698,-6.9727e-11
7.7288e-05,-0.0011093,-0.00067673,-6.647e-05,1.5606e-11
8.206e-05,-0.0011778,-0.0017368,-0.00017059,4.0053e-11
3.4913e-05,-0.0005011,-0.0015052,-0.00014784,3.4711e-11
5.2804e-06,-7.579e-05,-0.0009058,-8.8969e-05,2.0889e-11
-6.3285e-06,9.0833e-05,-0.00042771,-4.2011e-05,9.8636e-12
-8.2832e-06,0.00011889,0.0021824,0.00021436,-5.0329e-11
-6.0543e-06,8.6898e-05,0.0048346,0.00047486,-1.1149e-10
-3.2771e-06,4.7037e-05,0.0027646,0.00027154,-6.3754e-11
-1.43e-06,2.0525e-05,0.00075208,7.3871e-05,-1.7344e-11
2.6481e-06,0.0089452,-0.00016833,-1.6534e-05,3.8819e-12
2.1849e-05,0.061979,-0.00043201,-4.2433e-05,9.9626e-12
1.8162e-05,0.05126,-0.00037674,-3.4373e-05,8.6328e-12
6.7375e-06,0.018965,-0.031308,0.031703,-8.2865e-12
4.5794e-07,0.001289,-0.064792,0.066012,-2.5604e-11
-1.3441e-06,-0.0037835,-0.036826,0.03754,-1.4992e-11
3.1969e-06,0.0089988,-0.0099599,0.01015,-3.988e-12
3.4612e-06,0.0097427,0.0022218,-0.0022724,1.0632e-12
1.209e-06,0.0034031,0.005713,-0.005831,2.4781e-12
-7.9845e-08,-0.00022475,0.0049505,-0.0050527,2.1473e-12
-5.2957e-07,-0.0014906,-0.0047519,0.0048501,-2.0612e-12
-5.3876e-07,-0.0015165,-0.014682,0.014986,-6.3686e-12
-3.6569e-07,-0.0010293,-0.0085972,0.0087748,-3.7291e-12
-1.8826e-07,-0.00052993,-0.0022869,0.0023341,-9.9196e-13
-8.0635e-08,-0.00022697,0.00060969,-0.00062229,2.6446e-13
3.0942e-08,8.7097e-05,0.0014211,-0.0014504,6.1639e-13
1.1919e-06,0.0033551,0.0012315,-0.001257,5.3418e-13
1.2637e-06,0.003557,0.00074113,-0.00075644,3.2147e-13
5.3729e-07,0.0015124,0.0003501,-0.00035733,1.5186e-13
8.1264e-08,0.00022874,0.00013745,-0.00014029,5.9621e-14
-9.7393e-08,-0.00027414,4.6371e-05,-4.7329e-05,2.0114e-14
-1.2748e-07,-0.00035882,-0.0019092,0.0019486,-8.2813e-13
-9.3173e-08,-0.00026227,-0.0040022,0.0040848,-1.736e-12
-5.0434e-08,-0.00014196,-0.0022759,0.0023229,-9.8719e-13
2.6857e-08,7.5599e-05,-0.00061536,0.00062807,-2.6692e-13
3.3074e-07,0.00093097,0.00013773,-0.00014057,5.974e-14
2.7765e-07,0.00078153,0.00035343,-0.00036073,1.5331e-13
1.0294e-07,0.00028976,-0.00017202,0.00017558,-7.4617e-14
7.0475e-09,1.9838e-05,-0.00081115,0.0008279,-3.5184e-13
-2.7906e-08,-7.8551e-05,-0.00047902,0.00048892,-2.0778e-13
-3.0725e-08,-8.6486e-05,-0.00011887,0.00012133,-5.1562e-14
-2.092e-08,-5.8887e-05,4.5828e-05,-4.6775e-05,1.9879e-14
-7.0669e-09,4.5676e-05,9.1386e-05,-9.3274e-05,3.964e-14
6.9783e-08,0.0015043,7.6195e-05,-7.7769e-05,3.305e-14
7.6723e-08,0.0015946,4.5854e-05,-4.6801e-05,1.989e-14
3.2733e-08,0.00067711,2.1661e-05,-2.2109e-05,9.3957e-15
4.8848e-09,0.00010223,9.0086e-06,-8.1575e-06,3.6849e-15
-6.0258e-09,-0.000123,0.0066697,0.0069043,-5.0362e-14
-7.887e-09,-0.00016099,0.013875,0.014374,-1.0703e-13
-5.7647e-09,-0.00011767,0.0078899,0.0081744,-6.1079e-14
-3.1204e-09,-6.3693e-05,0.0021333,0.0022102,-1.6514e-14
-1.3616e-09,-2.7794e-05,-0.00047746,-0.00049468,3.6962e-15
0.0042777,5.1467e-05,-0.0012254,-0.0012696,9.4861e-15
0.029663,0.00042464,-0.0010618,-0.0011001,8.2199e-15
0.024534,0.00035299,0.0010192,0.001056,-7.8902e-15
0.009077,0.00013095,0.0031492,0.0032628,-2.4379e-14
0.00061695,8.9003e-06,0.001844,0.0019105,-1.4275e-14
-0.002443,-3.5243e-05,0.00049051,0.0005082,-3.7972e-15
-0.0026897,-3.8803e-05,-0.00013077,-0.00013549,1.0124e-15
-0.0018314,-2.642e-05,-0.0003048,-0.00031579,2.3596e-15
-0.00094483,-1.363e-05,-0.00026415,-0.00027367,2.0449e-15
-0.00039737,-5.7326e-06,-0.00015896,-0.0001647,1.2306e-15
-0.0001422,-2.0514e-06,-7.5093e-05,-7.7801e-05,5.8132e-16
-4.4594e-05,-6.4333e-07,-2.9482e-05,-3.0545e-05,2.2823e-16
-1.2527e-05,-1.8072e-07,-9.9772e-06,-1.0337e-05,7.7237e-17
0,0,-2.9872e-06,-3.095e-06,2.3125e-17
0,0,0,0,0
0,0,0,0,0
0,0,0,0,0
0,0,0,0,0
0,0,0,0,0
