0,0,0,0,0
0,0,0,0,0
0,0,0,0,0
0,0,0,0,0
0,0,0,0,0
0,0,0,0,0
0,0,0,0,0
0,0,0,0,0
0,0,0,0,0
0,-5.6041e-06,0,0,0
0,-0.00070287,0,0,0
0,-0.00099954,0,0,0
0,-0.00048803,0,0,0
0,-0.0001054,0,0,0
0,5.574e-05,0,0,0
0,9.358e-05,0,0,0
0,7.4051e-05,0,0,0
0,4.2188e-05,-6.0836e-07,-6.0836e-07,0
0,1.9135e-05,-0.0080425,-0.0080425,0
0,7.2745e-06,-0.016737,-0.016737,0
0,2.3978e-06,-0.0095179,-0.0095179,0
0,7.0231e-07,-0.0025734,-0.0025734,0
0,-1.4259e-06,0.00057598,0.00057598,0
0,-9.8877e-06,0.0014782,0.0014782,0
0,-8.1779e-06,0.0012811,0.0012811,0
0,-3.0257e-06,0.00077094,0.00077094,0
0,-2.0565e-07,0.00036419,0.00036419,0
0,8.1432e-07,0.00014298,0.00014298,0
0,8.9658e-07,4.8388e-05,4.8388e-05,0
0,6.1046e-07,1.4488e-05,1.4488e-05,0
0,3.1494e-07,-6.0836e-09,-6.0836e-09,0
0,1.3246e-07,-8.0425e-05,-8.0425e-05,0
0,4.74e-08,-0.00016737,-0.00016737,0
0,1.4865e-08,-9.5179e-05,-9.5179e-05,0
0,4.1757e-09,-2.5734e-05,-2.5734e-05,0
0,0,5.7598e-06,5.7598e-06,0
0,0,1.4782e-05,1.4782e-05,0
0,0,1.2811e-05,1.2811e-05,0
0,0,7.7094e-06,7.7094e-06,0
0,0,3.6419e-06,3.6419e-06,0
0.00045979,-1.8392e-09,1.4298e-06,1.4298e-06,0
0.019823,-7.9291e-08,4.8388e-07,4.8388e-07,0
0.024068,-9.6273e-08,1.4488e-07,1.4488e-07,0
0.010944,-4.3775e-08,-6.0836e-11,-6.0836e-11,0
0.0020282,-8.1129e-09,-8.0425e-07,-8.0425e-07,0
-0.0015944,6.3777e-09,-1.6737e-06,-1.6737e-06,0
-0.0023326,9.3306e-09,-9.5179e-07,-9.5179e-07,0
-0.0017718,7.0874e-09,-2.5734e-07,-2.5734e-07,0
-0.00098353,3.9341e-09,5.7598e-08,5.7598e-08,0
-0.00054813,1.7442e-09,1.4782e-07,1.4782e-07,0
-0.014045,-4.7949e-11,1.2811e-07,1.2811e-07,0
-0.019794,-7.8641e-10,7.7094e-08,7.7094e-08,0
-0.009654,-4.2627e-10,3.6419e-08,3.6419e-08,0
-0.0020817,-1.054e-10,1.4298e-08,1.4298e-08,0
0.0011009,5.574e-11,4.8388e-09,4.8388e-09,0
0.0018482,9.358e-11,1.4481e-09,1.4481e-09,0
0.0014625,7.4051e-11,-8.0425e-09,-8.0425e-09,0
0.0008332,4.2188e-11,-1.6737e-08,-1.6737e-08,0
0.00037792,1.9135e-11,-9.5179e-09,-9.5179e-09,0
0.00014367,7.2745e-12,-2.5734e-09,-2.5734e-09,0
4.7357e-05,2.3978e-12,5.7598e-10,5.7598e-10,0
1.3871e-05,7.0231e-13,1.4782e-09,1.4782e-09,0
-1.673e-05,8.4709e-05,1.2811e-09,1.2811e-09,0
-0.00018518,0.00093763,7.7094e-10,7.7094e-10,0
-0.00017189,0.00087031,5.3268e-07,-5.3195e-07,0
-6.8115e-05,0.00034489,0.0070372,-0.0070372,0
-7.6702e-06,3.8836e-05,0.014645,-0.014645,0
1.5119e-05,-7.6553e-05,0.0083281,-0.0083281,0
1.7863e-05,-0.0022082,0.0022518,-0.0022518,0
1.0856e-05,-0.023496,-0.00050398,0.00050398,0
4.9941e-06,-0.021783,-0.0012934,0.0012934,0
2.194e-06,-0.0086333,-0.0011209,0.0011209,0
9.6737e-07,-0.00097581,-0.00067552,0.00067362,0
4.8261e-07,0.0019114,-0.012815,-0.012318,0
2.7435e-07,0.0022809,-0.02613,-0.026173,0
1.2708e-07,0.0016079,-0.014831,-0.014913,0
6.7129e-08,0.0008494,-0.0040111,-0.0040308,0
2.8752e-08,0.0003638,0.00089492,0.000905,0
1.0441e-08,0.00013211,0.0022968,0.0023227,0
-2.687e-09,0.011361,0.0019905,0.0020129,0
-1.9714e-08,0.038968,0.0011979,0.0012113,0
-1.3959e-08,0.026328,0.00056585,0.00057223,0
-4.4693e-09,0.0084295,0.00022216,0.00022466,0
2.1353e-10,-0.00040274,7.5182e-05,7.6029e-05,0
1.7478e-09,-0.0032966,2.251e-05,2.2764e-05,0
1.6863e-09,-0.0031804,1.4164e-06,-9.5589e-09,-1.4259e-06
1.0766e-09,-0.0020305,0.018725,-0.00012637,-0.01885
5.3083e-10,-0.0010012,0.038968,-0.00026298,-0.039228
2.1554e-10,-0.00040652,0.02216,-0.00014955,-0.022307
7.4965e-11,-0.00014139,0.0059915,-4.0435e-05,-0.0060315
2.2962e-11,-4.3308e-05,-0.001341,9.05e-06,0.0013499
-8.6331e-12,0.0022019,-0.0034416,2.3227e-05,0.0034646
-1.722e-10,0.04392,-0.0029826,2.0129e-05,0.0030025
-1.8153e-10,0.046298,-0.0017949,1.2113e-05,0.0018069
-7.7021e-11,0.019644,-0.0008479,5.7223e-06,0.00085356
-1.1649e-11,0.0029712,-0.00033289,2.2466e-06,0.00033511
1.3961e-11,-0.0035609,-0.00011454,-1.1409e-06,0.00011339
1.8274e-11,-0.0046608,-0.024979,-0.025134,-0.00015454
1.3356e-11,-0.0034066,-0.051914,-0.052306,-0.00039228
7.2298e-12,-0.001844,-0.029522,-0.029745,-0.00022307
3.1548e-12,-0.00080464,-0.007982,-0.0080424,-6.0315e-05
1.1629e-12,-0.0002966,0.0017865,0.0018,1.3499e-05
3.7372e-13,-9.5317e-05,0.004585,0.0046197,3.4646e-05
1.0716e-13,-2.7331e-05,0.0039735,0.0040035,3.0025e-05
-3.6324e-14,0.00016559,0.0023913,0.0024093,1.8069e-05
-1.566e-12,0.0071391,0.0011296,0.0011381,8.5356e-06
-1.9014e-12,0.0086681,0.00044349,0.00044684,3.3511e-06
-8.6456e-13,0.0039414,0.00015009,0.00015122,1.1341e-06
-1.6023e-13,0.00073047,4.4936e-05,4.5276e-05,3.3955e-07
1.2596e-13,-0.00057423,-3.4206e-07,-1.9012e-08,-3.2334e-07
1.8428e-13,-0.0008401,-0.004522,-0.00025134,-0.0042745
1.3998e-13,-0.00063813,-0.0094107,-0.00052306,-0.0088955
7.7699e-14,-0.00035422,-0.0053516,-0.00029745,-0.0050586
3.4559e-14,-0.00015755,-0.001447,-8.0424e-05,-0.0013677
-2.369e-05,-5.8882e-05,0.00032385,1.8e-05,0.00030612
-0.015121,3.5268e-05,0.00083115,4.6197e-05,0.00078565
-0.025697,8.6987e-05,0.0007203,4.0035e-05,0.00068087
-0.013513,4.8668e-05,0.00043348,2.4093e-05,0.00040974
-0.0032982,1.1878e-05,0.00020477,1.1381e-05,0.00019356
0.0011627,-4.1874e-06,8.0394e-05,4.4684e-06,7.5993e-05
0.0023323,-8.3998e-06,2.7203e-05,1.512e-06,2.5714e-05
0.0019282,-6.9443e-06,-3.7074e-05,-2.0606e-06,-3.5045e-05
0.0011285,-4.0641e-06,-9.4107e-05,-5.2306e-06,-8.8955e-05
0.00052221,-1.8807e-06,-5.3516e-05,-2.9745e-06,-5.0586e-05
0.00020171,-7.2647e-07,-1.447e-05,-8.0424e-07,-1.3677e-05
6.7362e-05,-2.426e-07,3.2385e-06,1.8e-07,3.0612e-06
1.9946e-05,-7.1836e-08,8.3115e-06,4.6197e-07,7.8565e-06
-2.1177e-05,0.0045744,7.203e-06,4.0035e-07,6.8087e-06
-0.00023441,0.050633,4.3348e-06,2.4093e-07,4.0974e-06
-0.00021758,0.046998,-5.5621e-09,-1.9394e-06,1.9356e-06
-8.6222e-05,0.018624,-0.027143,-0.027143,3.3248e-07
-9.7091e-06,0.0020972,-0.056489,-0.056488,-6.3238e-07
1.9138e-05,-0.0041339,-0.032123,-0.032123,-4.2886e-07
2.2611e-05,-0.0048841,-0.0086855,-0.0086853,-1.3677e-07
1.3742e-05,-0.0029682,0.001944,0.0019439,3.0612e-08
6.3216e-06,-0.0013655,0.0049891,0.004989,7.8565e-08
2.7773e-06,-0.0005999,0.0043237,0.0043236,6.8087e-08
1.2245e-06,-0.0002645,0.002602,0.0026019,4.0974e-08
6.109e-07,-0.00013196,0.0012291,0.0012291,1.9356e-08
3.4728e-07,-7.5015e-05,0.00021114,0.00021113,3.3248e-09
1.6086e-07,-3.4746e-05,-0.00040158,-0.00040157,-6.3238e-09
8.4974e-08,-1.8355e-05,-0.00027234,-0.00027233,-4.2886e-09
3.6395e-08,-7.8614e-06,-8.6855e-05,-8.6853e-05,-1.3677e-09
1.3216e-08,-2.8547e-06,1.944e-05,1.9439e-05,3.0612e-10
4.1952e-09,-9.0617e-07,4.9891e-05,4.989e-05,7.8565e-10
-2.3742e-09,0.00049958,4.3237e-05,4.3236e-05,6.8087e-10
-2.4719e-08,0.003466,2.602e-05,2.6019e-05,4.0974e-10
-2.0445e-08,0.0028667,1.2291e-05,1.2291e-05,1.9356e-10
-7.5642e-09,0.0010606,4.8257e-06,4.8257e-06,7.5993e-11
-5.1412e-10,7.2088e-05,1.1956e-06,1.6329e-06,-1.3305e-07
2.0358e-09,-0.00028545,-0.0057828,-2.2254e-06,-0.0017593
2.2414e-09,-0.00031429,-0.012035,-5.6488e-06,-0.0036613
1.5261e-09,-0.00021399,-0.0068442,-3.2123e-06,-0.002082
7.8736e-10,-0.0001104,-0.0018505,-8.6853e-07,-0.00056294
3.3114e-10,-4.6432e-05,0.00041418,1.9439e-07,0.000126
0.0054127,-9.0259e-06,0.001063,4.989e-07,0.00032336
0.02562,3.0712e-05,0.0009212,4.3236e-07,0.00028023
0.019072,2.5279e-05,0.00055438,2.6019e-07,0.00016864
0.0065761,9.2207e-06,0.00026188,1.2291e-07,7.9666e-05
0.00010131,1.4205e-07,0.00010282,4.8257e-08,3.1277e-05
-0.0021348,-2.9933e-06,3.4795e-05,1.6331e-08,1.0585e-05
-0.0021918,-3.0732e-06,1.0413e-05,4.8875e-09,3.1678e-06
-0.001444,-2.0248e-06,-5.7832e-05,-2.7143e-08,-1.7593e-05
-0.00072808,-1.0209e-06,-0.00012035,-5.6488e-08,-3.6613e-05
-0.00030081,-4.2179e-07,-6.8442e-05,-3.2123e-08,-2.082e-05
-0.00010611,-1.4878e-07,-1.8505e-05,-8.6853e-09,-5.6294e-06
-3.2883e-05,-4.6107e-08,4.1418e-06,1.9439e-09,1.2599e-06
-0.0053678,6.3072e-08,1.063e-05,4.989e-09,3.2336e-06
-0.025363,3.5923e-07,9.212e-06,4.3236e-09,2.8023e-06
-0.018882,2.6743e-07,5.5438e-06,2.6019e-09,1.6864e-06
-0.0065103,9.2207e-08,2.6188e-06,1.2291e-09,7.9666e-07
-0.00010029,1.4205e-09,1.0281e-06,4.8255e-10,3.1276e-07
0.0021135,-2.9933e-08,-2.3037e-07,-1.0813e-10,-7.0081e-08
0.0021699,-3.0732e-08,-1.0994e-06,-5.1598e-10,-3.3443e-07
0.0014296,-2.0248e-08,-6.8442e-07,-3.2123e-10,-2.082e-07
0.0007208,-1.0209e-08,-1.8505e-07,-8.6853e-11,-5.6294e-08
0.00027684,0.0019907,4.1418e-08,1.9439e-11,1.2599e-08
-0.00012702,0.022034,1.063e-07,4.989e-11,3.2336e-08
-0.00018285,0.020452,9.212e-08,4.3236e-11,2.8023e-08
-7.6306e-05,0.0081049,9.4897e-07,8.9356e-07,1.6864e-08
-9.612e-06,0.00091266,0.011812,0.011812,6.2073e-09
1.8947e-05,-0.001799,0.024583,0.024583,-5.3351e-10
2.2595e-05,-0.0021454,0.013979,0.013979,-1.0236e-09
1.5925e-05,-0.0015121,0.0037797,0.0037797,-2.4602e-10
8.4124e-06,-0.00079875,-0.00084597,-0.00084597,1.2599e-10
3.6031e-06,-0.00034211,-0.0021711,-0.0021711,3.2336e-10
7.7254e-07,0.011293,-0.0018816,-0.0018816,2.8023e-10
-2.121e-06,0.054002,-0.0011323,-0.0011323,1.6864e-10
-1.7703e-06,0.04022,-0.0005349,-0.0005349,7.9666e-11
-6.5103e-07,0.013872,-0.00021199,-0.00021,-1.9962e-06
-1.0029e-08,0.00021369,-0.026342,4.7054e-05,-0.026389
2.1135e-07,-0.0045032,-0.054694,0.00022455,-0.054919
2.1699e-07,-0.0046233,-0.031091,0.00013979,-0.03123
1.4296e-07,-0.003046,-0.0084063,3.7797e-05,-0.0084441
7.0998e-08,-0.00254,0.0018815,-8.4597e-06,0.0018899
8.2012e-09,-0.020664,0.0048287,-2.1711e-05,0.0048504
-1.2243e-08,-0.021338,0.0041847,-1.8816e-05,0.0042035
-6.3966e-09,-0.0090283,0.0025183,-1.1323e-05,0.0025297
-5.5448e-10,-0.0013743,0.0011896,-5.349e-06,0.001195
1.7496e-09,0.0016239,0.00046793,-2.1e-06,0.00047003
2.29e-09,0.0021256,0.011708,4.7054e-07,0.011707
1.6738e-09,0.0015536,0.024083,2.2455e-06,0.024081
9.0601e-10,0.00084095,0.013668,1.3979e-06,0.013667
3.9535e-10,0.00036696,0.0036957,3.7797e-07,0.0036953
-0.0001401,0.00013398,-0.00082715,-8.4597e-08,-0.00082707
-0.017572,-0.000118,-0.0021228,-2.1711e-07,-0.0021226
-0.024988,-0.00021716,-0.0018397,-1.8816e-07,-0.0018395
-0.012201,-0.00011211,-0.0011071,-1.1323e-07,-0.001107
-0.002635,-2.4213e-05,-0.000523,-5.349e-08,-0.00052295
0.0013935,1.2805e-05,-0.00020533,-2.1001e-08,-0.00020531
0.0023395,2.1498e-05,-6.948e-05,-7.1061e-09,-6.9473e-05
0.0018513,1.7012e-05,9.4691e-05,9.6845e-09,9.4682e-05
0.0010547,9.6916e-06,0.00024036,2.4583e-08,0.00024033
0.00047838,4.3958e-06,0.00013668,1.3979e-08,0.00013667
-0.0041315,1.3436e-06,3.6957e-05,3.7797e-09,3.6953e-05
-0.02985,-1.7206e-06,-8.2715e-06,-8.4597e-10,-8.2707e-06
-0.024721,-1.7173e-06,-2.1228e-05,-2.1711e-09,-2.1226e-05
-0.0091526,-6.9507e-07,-1.7242e-05,-1.7634e-09,-1.724e-05
-0.00062209,-4.7243e-08,-8.6678e-06,-8.865e-10,-8.6669e-06
0.0024633,1.8707e-07,-3.8632e-06,-3.951e-10,-3.8628e-06
0.0027121,2.0597e-07,-1.6838e-06,-1.7221e-10,-1.6836e-06
0.0018466,1.4024e-07,-7.776e-07,-7.9529e-11,-7.7752e-07
-0.00037188,7.1346e-08,-4.2034e-07,-4.299e-11,-4.203e-07
-0.02602,1.0399e-08,-1.8397e-07,-1.8816e-11,-1.8395e-07
-0.027708,-1.0226e-08,-1.1071e-07,-1.1323e-11,-1.107e-07
-0.011772,-5.5441e-09,-4.075e-08,-4.1677e-12,-4.0746e-08
-0.0017747,-3.9575e-10,3.5025e-09,3.5822e-13,3.5021e-09
0.0021421,1.6239e-09,6.7196e-09,6.8724e-13,6.7189e-09
0.0028038,2.1256e-09,1.6151e-09,1.6519e-13,1.615e-09
0.0020493,1.5536e-09,-8.2715e-10,-8.4597e-14,-8.2707e-10
-0.00035985,8.0819e-10,-2.1228e-09,-2.1711e-13,-2.1226e-09
-0.0097033,1.3981e-10,-1.8397e-09,-1.8816e-13,-1.8395e-09
-0.0082473,-5.2603e-11,-1.1071e-09,-1.1323e-13,-1.107e-09
-0.00306,-2.6038e-11,-5.2299e-10,-5.3489e-14,-5.2294e-10
-0.00019544,7.7402e-12,-8.9838e-11,-9.1881e-15,-8.9829e-11
0.00083899,1.8707e-11,1.7087e-10,1.7476e-14,1.7085e-10
0.00092374,2.0597e-11,1.1588e-10,1.1852e-14,1.1587e-10
0.00062896,1.4024e-11,3.6957e-11,3.7797e-15,3.6953e-11
0.00032449,7.2351e-12,-8.2715e-12,-8.4597e-16,-8.2707e-12
0.00013647,3.0429e-12,-2.1228e-11,-2.1711e-15,-2.1226e-11
4.8836e-05,1.0889e-12,-1.8397e-11,-1.8816e-15,-1.8395e-11
6.5876e-06,0.0044472,-1.1071e-11,-1.1323e-15,-1.107e-11
-9.2302e-05,0.049226,-5.23e-12,-5.349e-16,-5.2295e-12
-8.9668e-05,0.045691,-1.9962e-06,-1.9962e-06,-2.053e-12
-3.5534e-05,0.018107,-0.026389,-0.026389,4.6003e-13
-4.0013e-06,0.0020389,-0.054919,-0.054919,2.1953e-12
7.8873e-06,-0.004019,-0.03123,-0.03123,1.3667e-12
9.4059e-06,-0.0047928,-0.0084441,-0.0084441,3.6953e-13
6.6292e-06,-0.003378,0.0018899,0.0018899,-8.2707e-14
3.4962e-06,-0.0017311,0.0048504,0.0048504,-2.1226e-13
7.7574e-07,0.0059306,0.0042035,0.0042035,-1.8395e-13
-4.8516e-07,0.0092431,0.0025297,0.0025297,-1.107e-13
-3.2993e-07,0.0045604,0.001195,0.001195,-5.2295e-14
-5.9531e-08,0.00097894,0.00046916,0.00046916,-2.0531e-14
5.743e-08,-0.00053093,0.00015877,0.00015877,-6.9482e-15
9.6416e-08,-0.00089135,4.786e-05,4.7517e-05,-3.422e-07
7.6295e-08,-0.00070534,0.00426,-0.00026389,-0.0045239
4.3466e-08,-0.00040184,0.0088655,-0.00054919,-0.0094146
1.9715e-08,-0.00018226,0.0050415,-0.0003123,-0.0053538
7.4949e-09,-6.9289e-05,0.0013631,-8.4441e-05,-0.0014476
2.4705e-09,-2.2839e-05,-0.00030509,1.8899e-05,0.00032399
7.236e-10,-6.6895e-06,-0.00078299,4.8504e-05,0.0008315
-4.129e-09,0.0060495,-0.00067856,4.2035e-05,0.0007206
-1.0844e-08,0.015888,-0.00040836,2.5297e-05,0.00043366
-6.7023e-09,0.0098197,-0.0001929,1.195e-05,0.00020485
-1.9808e-09,0.0029022,-7.5736e-05,4.6916e-06,8.0428e-05
2.4861e-10,-0.00036425,-2.563e-05,1.5877e-06,2.7218e-05
9.3562e-10,-0.0013708,-8.241e-06,-9.5167e-08,8.1458e-06
8.5341e-10,-0.0012504,-0.0074972,-0.0075425,-4.5239e-05
5.2868e-10,-0.00077458,-0.015602,-0.015697,-9.4146e-05
2.5508e-10,-0.00037372,-0.0088726,-0.0089261,-5.3538e-05
9.3097e-11,-0.0001364,-0.002399,-0.0024134,-1.4476e-05
-6.1675e-11,9.0362e-05,0.00053693,0.00054017,3.2399e-06
-7.9092e-11,0.00011588,0.001378,0.0013863,8.315e-06
-3.5534e-11,5.2062e-05,0.0011942,0.0012014,7.206e-06
-4.0013e-12,5.8625e-06,0.00071868,0.00072301,4.3366e-06
7.8873e-12,-1.1556e-05,0.0003395,0.00034154,2.0485e-06
9.4059e-12,-1.3781e-05,0.00013613,0.00013124,8.0424e-07
6.6292e-12,-9.7127e-06,0.037669,-0.037729,-1.8021e-07
3.5019e-12,-5.1308e-06,0.078313,-0.078599,-8.5997e-07
1.4999e-12,-2.1976e-06,0.044526,-0.044704,-5.3538e-07
5.4467e-13,-7.98e-07,0.012039,-0.012087,-1.4476e-07
1.7289e-13,-2.5331e-07,-0.0026945,0.0027053,3.2399e-08
4.9064e-14,-7.1885e-08,-0.0069154,0.006943,8.315e-08
-5.7739e-15,0.00015692,-0.005993,0.006017,7.206e-08
-7.2417e-13,0.019681,-0.0036066,0.003621,4.3366e-08
-1.0298e-12,0.027989,-0.0017037,0.0017105,2.0485e-08
-5.0282e-13,0.013666,-0.00066993,0.00067261,8.0424e-09
-1.0859e-13,0.0029514,-0.013924,0.013924,-1.8021e-09
5.743e-14,-0.0015608,-0.028575,0.028572,-8.5997e-09
9.6416e-14,-0.0026204,-0.016211,0.016209,-5.3538e-09
-3.8023e-07,-0.0020735,-0.0043831,0.0043826,-1.4476e-09
-0.0050266,-0.0010406,0.00098101,-0.00098091,3.2399e-10
-0.010461,-0.00024289,0.0025177,-0.0025175,8.315e-10
-0.0059487,-3.7124e-05,0.0021819,-0.0021817,7.206e-10
-0.0016084,-2.2105e-05,0.0013131,-0.0013129,4.3366e-10
0.00035999,-2.9746e-05,0.00062029,-0.00062022,2.0485e-10
0.00092389,-2.587e-05,0.00024352,-0.00024349,8.0424e-11
0.00080066,-2.242e-05,-5.4566e-05,5.456e-05,-1.8021e-11
0.00048184,-1.3492e-05,-0.00026039,0.00026037,-8.5997e-11
0.00022762,-6.3736e-06,-0.00016211,0.00016209,-5.3538e-11
8.9364e-05,-2.5023e-06,-4.3831e-05,4.3826e-05,-1.4476e-11
3.0242e-05,-8.4683e-07,9.8101e-06,-9.8091e-06,3.2399e-12
9.0547e-06,-2.5355e-07,2.5177e-05,-2.5175e-05,8.315e-12
0,0,2.1819e-05,-2.1817e-05,7.206e-12
0,0,1.3131e-05,-1.3129e-05,4.3366e-12
0,0,6.2029e-06,-6.2022e-06,2.0485e-12
-0.00014066,1.5692e-08,2.4353e-06,-2.435e-06,8.0428e-13
-0.017642,1.9681e-06,8.2415e-07,-8.2406e-07,2.7218e-13
-0.025088,2.7989e-06,2.4675e-07,-2.4673e-07,8.1493e-14
-0.01225,1.3666e-06,0,0,0
-0.0026456,2.9514e-07,0,0,0
0.0013991,-1.5608e-07,0,0,0
0.0023489,-2.6204e-07,-1.0362e-10,1.0361e-10,-3.422e-17
0.0018587,-2.0735e-07,-1.3698e-06,1.3697e-06,-4.5239e-13
0.0010589,-1.1813e-07,-2.8507e-06,2.8504e-06,-9.4146e-13
0.00048029,-5.3581e-08,-1.6211e-06,1.6209e-06,-5.3538e-13
-0.0012791,-1.6377e-08,-4.3831e-07,4.3826e-07,-1.4476e-13
-0.010076,2.0973e-08,9.8101e-08,-9.8091e-08,3.2399e-14
-0.0083655,2.0933e-08,2.5177e-07,-2.5174e-07,8.315e-14
-0.0031016,8.4723e-09,2.0449e-07,-2.0447e-07,6.7536e-14
-0.00021081,5.7585e-10,1.028e-07,-1.0279e-07,3.3951e-14
0.00083476,-2.2802e-09,4.5818e-08,-4.5813e-08,1.5132e-14
0.00091908,-2.5105e-09,1.997e-08,-1.9968e-08,6.5952e-15
0.00062578,-1.7094e-09,9.2225e-09,-9.2215e-09,3.0458e-15
0.00032285,-8.8189e-10,4.9853e-09,-4.9847e-09,1.6464e-15
0.0081098,-2.5868e-10,2.1819e-09,-2.1817e-09,7.206e-16
0.020991,1.6199e-10,1.3131e-09,-1.3129e-09,4.3366e-16
0.012959,1.4053e-10,6.2029e-10,-6.2022e-10,2.0485e-16
0.0038297,4.2143e-11,2.4353e-10,-2.435e-10,8.0428e-17
-0.00048013,-6.7567e-12,8.2404e-11,-8.2395e-11,2.7215e-17
-0.0018069,-2.5428e-11,-1.1231e-10,1.1229e-10,-3.709e-17
-0.0016481,-2.3194e-11,-2.8507e-10,2.8504e-10,-9.4146e-17
-0.001021,-1.4368e-11,-1.6211e-10,1.6209e-10,-5.3538e-17
-0.00049261,-6.9324e-12,-4.3831e-11,4.3826e-11,-1.4476e-17
-0.00056082,-2.7159e-12,9.8101e-12,-9.8091e-12,3.2399e-18
-0.015768,1.271e-12,2.5177e-11,-2.5175e-11,8.315e-18
-0.019083,2.4083e-12,2.1819e-11,-2.1817e-11,7.206e-18
-0.008668,1.2258e-12,1.3131e-11,-1.3129e-11,4.3366e-18
-0.0016064,2.2717e-13,6.2029e-12,-6.2022e-12,2.0485e-18
0.0012628,-1.7858e-13,2.4352e-12,-2.4349e-12,8.0424e-19
0.0018476,-2.6127e-13,-5.4566e-13,5.456e-13,-1.8021e-19
0.0014034,-1.9846e-13,-2.6039e-12,2.6037e-12,-8.5997e-19
0.00077899,-1.1016e-13,-1.6211e-12,1.6209e-12,-5.3538e-19
0.00034648,-4.8997e-14,-4.3831e-13,4.3826e-13,-1.4476e-19
0.00012968,-1.8339e-14,9.8101e-14,-9.8091e-14,3.2399e-20
-0.00051319,-5.453e-15,2.5177e-13,-2.5175e-13,8.315e-20
-0.023932,2.0473e-14,2.1819e-13,-2.1817e-13,7.206e-20
-0.029073,2.6958e-14,1.3131e-13,-1.3129e-13,4.3366e-20
-0.013219,1.2258e-14,6.2028e-14,-6.2021e-14,2.0485e-20
-0.0024499,2.2717e-15,1.0655e-14,-1.0654e-14,3.5189e-21
0.0019259,-1.7858e-15,-2.0266e-14,2.0263e-14,-6.6928e-21
0.0028177,-2.6127e-15,-1.3743e-14,1.3742e-14,-4.5389e-21
0.0020972,-1.9446e-15,-4.3831e-15,4.3826e-15,-1.4476e-21
0.00088943,-8.2474e-16,9.8101e-16,-9.8091e-16,3.2399e-22
0.00028145,-2.6098e-16,2.5177e-15,-2.5175e-15,8.315e-22
0.0001064,-9.8665e-17,-9.5057e-07,-9.5057e-07,7.2059e-22
5.8151e-05,-5.3921e-17,-0.012566,-0.012566,3.8842e-22
4.3241e-05,-4.0096e-17,-0.026152,-0.026152,1.1071e-22
2.7075e-05,-2.5105e-17,-0.014872,-0.014872,2.689e-23
1.8435e-05,-1.7094e-17,-0.004021,-0.004021,1.2743e-23
9.5106e-06,-8.8189e-18,0.00089996,0.00089996,1.1389e-23
4e-06,-3.709e-18,0.0023097,0.0023097,8.315e-24
1.0008e-06,-0.00099814,0.0020017,0.0020017,7.206e-24
-2.537e-06,-0.0069214,0.0012046,0.0012046,4.3366e-24
-2.3435e-06,-0.0057245,0.00056904,0.00056904,2.0485e-24
-9.1369e-07,-0.002118,0.00022341,0.00022341,8.0428e-25
-6.2102e-08,-0.00014395,7.3809e-05,7.3809e-05,2.7215e-25
2.4591e-07,0.00057002,-0.023728,-0.023728,-3.709e-25
2.7075e-07,0.0006276,-0.049427,-0.049427,-9.4146e-25
1.8435e-07,0.00042732,-0.028107,-0.028107,-5.3538e-25
9.5106e-08,0.00022046,-0.0075997,-0.0075997,-1.4476e-25
4e-08,9.2721e-05,0.0017009,0.0017009,3.2399e-26
1.0008e-08,0.00066486,0.0043654,0.0043654,8.315e-26
-2.537e-08,0.0043907,0.0037831,0.0037831,7.206e-26
-2.3435e-08,0.0036257,0.0022767,0.0022767,4.3366e-26
-9.1369e-09,0.0013404,0.0010768,0.0010755,-1.711e-07
-6.2102e-10,9.1103e-05,0.018029,0.00018474,-0.0022619
2.4591e-09,-0.00036074,0.036784,-0.00035137,-0.0047073
2.7075e-09,-0.00039718,0.020879,-0.00023829,-0.0026769
1.8435e-09,-0.00027043,0.0056338,-7.5997e-05,-0.00072378
9.5106e-10,-0.00013952,-0.0012609,1.7009e-05,0.00016199
3.5694e-10,-5.2362e-05,-0.0032361,4.3654e-05,0.00041575
-1.5545e-10,2.2805e-05,-0.0028045,3.7831e-05,0.0003603
-2.0207e-10,2.9643e-05,-0.0016878,2.2767e-05,0.00021683
-7.8759e-11,1.1554e-05,-0.00062122,8.3798e-06,7.9808e-05
-6.2102e-12,9.1103e-07,5.3393e-05,-7.2024e-07,-6.8594e-06
2.416e-11,0.010691,0.00010244,-1.3818e-06,-1.316e-05
2.4089e-11,0.074154,2.4622e-05,-3.3213e-07,-3.1631e-06
1.5965e-11,0.061332,-9.7576e-06,3.0218e-06,1.6199e-06
8.5969e-12,0.022691,0.037669,0.0377,3.9313e-06
3.9379e-12,0.0015418,0.078431,0.078456,3.1323e-06
1.6773e-12,-0.0061076,0.0446,0.044615,1.9006e-06
7.1964e-13,-0.0067244,0.012056,0.012063,9.519e-07
3.1044e-13,-0.0045785,-0.0027031,-0.0026998,4.1834e-07
9.08e-14,0.0013096,-0.0069305,-0.0069291,1.7767e-07
1.0141e-14,0.024467,-0.0060056,-0.006005,7.6776e-08
-1.0382e-14,0.020703,-0.003614,-0.0036138,2.1683e-08
-4.648e-15,0.0076796,-0.0017072,-0.0017071,1.0243e-08
6.3995e-16,0.00049823,-0.00067118,-0.0006702,-9.4655e-07
2.4591e-15,-0.0020969,-0.012416,0.00015017,-0.012566
2.7075e-15,-0.0023087,-0.025435,0.00071664,-0.026152
1.8435e-15,-0.0015719,-0.014425,0.00044615,-0.014872
9.5106e-16,-0.00081098,-0.0039003,0.00012063,-0.004021
4e-16,-0.00034108,0.00087296,-2.6999e-05,0.00089996
1.4314e-16,-0.00012205,0.0022404,-6.9292e-05,0.0023097
1.9308e-17,-0.002346,0.0019416,-6.005e-05,0.0020017
-2.7054e-16,-0.025554,0.0011685,-3.6138e-05,0.0012046
-2.6282e-16,-0.023709,0.00055197,-1.7071e-05,0.00056904
-1.0415e-16,-0.0093956,0.00021671,-6.7023e-06,0.00022341
-1.1728e-17,-0.001058,7.3338e-05,-2.2682e-06,7.5606e-05
2.3117e-17,0.0020855,1.8812e-05,-6.7882e-07,2.3673e-05
2.7568e-17,0.002487,-0.041591,3.7699e-06,0.013697
1.943e-17,0.0017529,-0.086555,7.8455e-06,0.028505
1.0264e-17,0.00092596,-0.049221,4.4615e-06,0.01621
4.3962e-18,0.00039659,-0.013308,1.2063e-06,0.0043829
1.5964e-18,0.00014402,0.0029786,-2.6999e-07,-0.00098096
2.5094e-19,0.00086973,0.0076445,-6.9292e-07,-0.0025176
-2.6877e-18,0.0091338,0.0066249,-6.005e-07,-0.0021818
-2.6282e-18,0.008466,0.0039885,-2.0724e-06,-0.001313
-1.0415e-18,0.0033549,0.024087,-0.02262,-0.00048328
-1.1728e-19,0.00037778,0.046947,-0.047073,4.1538e-05
2.3117e-19,-0.00074467,0.026527,-0.026769,7.9691e-05
0.00036783,-0.00088626,0.0071796,-0.0072378,1.9155e-05
0.015858,-0.00054877,-0.0015901,0.0016199,-9.8096e-06
0.019255,-0.00023699,-0.004081,0.0041575,-2.5176e-05
0.0087551,-9.9031e-05,-0.0035367,0.003603,-2.1818e-05
0.0016226,-4.3533e-05,-0.0021284,0.0021683,-1.313e-05
-0.0012755,-2.2527e-05,-0.0010054,0.0010243,-6.2024e-06
-0.0018661,-1.3709e-05,-0.00017271,0.00017594,-1.0654e-06
-0.0014175,-6.8943e-06,0.00032849,-0.00033464,2.0264e-06
-0.00078682,-3.8269e-06,0.00022277,-0.00022694,1.3743e-06
-0.00034996,-1.7021e-06,7.1047e-05,-7.2378e-05,4.3829e-07
-0.00013098,-6.3708e-07,-1.5901e-05,1.6199e-05,-9.8096e-08
-4.2626e-05,-2.0732e-07,-4.081e-05,4.1575e-05,-2.5176e-07
-1.2352e-05,-6.0078e-08,-3.5367e-05,3.603e-05,-2.1818e-07
2.8518e-05,0.00035662,-2.1284e-05,2.1683e-05,-1.313e-07
0.00019775,0.0024729,-9.5789e-06,9.7673e-06,-6.2024e-08
0.00016356,0.0020453,0.0062815,-0.0062814,-1.0654e-08
6.0513e-05,0.00075671,0.013079,-0.013079,2.0264e-08
4.113e-06,5.1432e-05,0.0074381,-0.0074381,1.3743e-08
-1.6286e-05,-0.00020366,0.0020112,-0.0020112,4.3829e-09
-1.793e-05,-0.00023605,-0.00045014,0.00045014,-9.8096e-10
-1.0999e-05,-0.007698,-0.0011553,0.0011553,-2.5176e-09
-4.2431e-06,-0.012902,-0.0010012,0.0010012,-2.1818e-09
-1.5681e-06,-0.0067762,-0.00060251,0.00060252,-1.313e-09
-6.8414e-07,-0.0016577,-0.00028462,0.00028462,-6.2025e-10
-3.9031e-07,0.00057646,-0.00011174,0.00011175,-2.4352e-10
-2.701e-07,0.0011628,-3.7816e-05,3.7817e-05,-8.241e-11
-1.5425e-07,0.00096216,-1.0842e-05,1.0842e-05,-2.4664e-11
-9.0277e-08,0.0005631,0.006346,-0.006346,1.3697e-10
-4.1777e-08,0.00026058,0.013207,-0.013207,2.8505e-10
-1.6137e-08,0.00010066,0.0075102,-0.0075102,1.621e-10
-5.389e-09,3.3614e-05,0.0020306,-0.0020306,4.3829e-11
-1.5957e-09,9.9532e-06,-0.00045448,0.00045448,-9.8096e-12
0,0,-0.0011664,0.0011664,-2.5176e-11
0,0,-0.0010108,0.0010108,-2.1818e-11
0,0,-0.00060833,0.00060833,-1.313e-11
-0.0021651,-2.701e-05,-0.00028737,0.00028737,-6.2025e-12
-0.010248,-0.00012784,-0.00011282,0.00011282,-2.4352e-12
-0.0076289,-9.5171e-05,-3.8181e-05,3.8181e-05,-8.241e-13
-0.0026304,-3.2815e-05,-1.1432e-05,1.1432e-05,-2.4674e-13
-4.0522e-05,-5.0551e-07,0,0,0
0.00085392,1.0653e-05,0,0,0
0.00087671,1.0937e-05,0,0,0
0.00057761,7.2057e-06,0,0,0
0.00029123,3.6331e-06,4.8004e-09,-4.8004e-09,1.0361e-16
0.00012033,1.5011e-06,6.346e-05,-6.346e-05,1.3697e-12
4.2444e-05,5.2949e-07,0.00013207,-0.00013207,2.8505e-12
1.3153e-05,1.6409e-07,7.5102e-05,-7.5102e-05,1.621e-12
3.658e-06,4.5634e-08,2.0306e-05,-2.0306e-05,4.3829e-13
1.8857e-05,-1.1821e-09,-4.5448e-06,4.5448e-06,-9.8096e-14
0.012036,-7.5453e-07,-1.1664e-05,1.1664e-05,-2.5176e-13
0.020455,-1.2823e-06,-1.0108e-05,1.0108e-05,-2.1818e-13
0.010757,-6.7431e-07,-6.0833e-06,6.0833e-06,-1.313e-13
0.0026254,-1.6458e-07,-2.8737e-06,2.8737e-06,-6.2025e-14
-0.0009255,5.8018e-08,-1.1282e-06,1.1282e-06,-2.4352e-14
-0.0018565,1.1638e-07,-3.8181e-07,3.8181e-07,-8.241e-15
-0.0015348,9.6216e-08,-1.1427e-07,1.1427e-07,-2.4664e-15
-0.00089825,5.631e-08,6.346e-07,-6.346e-07,1.3697e-14
-0.00041568,2.6058e-08,1.3207e-06,-1.3207e-06,2.8505e-14
-0.00016056,1.0066e-08,7.5102e-07,-7.5102e-07,1.621e-14
-5.362e-05,3.3614e-09,2.0306e-07,-2.0306e-07,4.3829e-15
-1.5877e-05,9.9532e-10,-4.5448e-08,4.5448e-08,-9.8096e-16
2.8376e-05,0.0014259,-1.1664e-07,1.1664e-07,-2.5176e-15
0.00019677,0.0098877,-6.7142e-07,6.7142e-07,-2.1818e-15
0.00016274,0.0081779,-0.0075399,0.0075399,-1.176e-15
6.0211e-05,0.0030257,-0.015691,0.015691,-3.352e-16
4.0924e-06,0.00020565,-0.008923,0.008923,-8.1416e-17
-1.6205e-05,-0.00081432,-0.0024126,0.0024126,-3.8582e-17
-1.7831e-05,-0.00082036,0.00053998,-0.00053998,-3.4484e-17
-1.0749e-05,0.0089486,0.0013858,-0.0013858,-2.5176e-17
-4.2783e-06,0.013279,0.001201,-0.001201,-2.1818e-17
-1.6647e-06,0.0065047,0.00072276,-0.00072276,-1.313e-17
-7.3351e-07,0.0013861,0.00034142,-0.00034142,-6.2025e-18
-4.0673e-07,-0.00077294,0.00013405,-0.00013405,-2.4352e-18
-2.6932e-07,-0.0012769,4.5363e-05,-4.5363e-05,-8.241e-19
-1.4736e-07,-0.0010071,1.3582e-05,-1.3582e-05,-2.4674e-19
-8.3953e-08,-0.00057375,1.5722e-06,5.7034e-09,-5.1331e-07
-3.8079e-08,-0.00026024,0.020785,7.5398e-05,-0.0067858
-1.4476e-08,-9.8933e-05,0.043255,0.00015691,-0.014122
-4.7717e-09,-3.261e-05,0.024598,8.923e-05,-0.0080307
-1.3976e-09,-9.5515e-06,0.0066507,2.4126e-05,-0.0021713
2.8376e-09,0.0031564,-0.0014885,-5.3998e-06,0.00048598
1.9677e-08,0.021887,-0.0038203,-1.3858e-05,0.0012472
1.6274e-08,0.018103,-0.0033107,-1.201e-05,0.0010809
6.0211e-09,0.0066976,-0.0019924,-7.2276e-06,0.00065048
4.0924e-10,0.00045523,-0.00094243,-2.1594e-06,0.00030728
-1.6205e-09,-0.0018026,-0.016749,0.016587,5.2783e-05
-1.7842e-09,-0.0019847,-0.034213,0.034521,-0.00010039
-1.2148e-09,-0.0013513,-0.019422,0.019631,-6.8083e-05
-5.9836e-10,-0.00066559,-0.0052412,0.0053079,-2.1713e-05
-6.6825e-11,-7.4334e-05,0.0011731,-0.001188,4.8598e-06
6.8415e-11,7.6102e-05,0.0030106,-0.003049,1.2472e-05
3.063e-11,3.4071e-05,0.0024453,-0.0024764,1.013e-05
-4.2172e-12,-4.691e-06,0.0012293,-0.0012449,5.0926e-06
-1.6205e-11,-1.8026e-05,0.00054788,-0.00055485,2.2697e-06
-1.7842e-11,-1.9847e-05,0.00023879,-0.00024184,9.8928e-07
-1.2137e-11,4.254e-05,0.00011028,-0.00011168,4.5687e-07
-4.8686e-12,0.0070233,5.9612e-05,-6.0372e-05,2.4696e-07
-6.4683e-13,0.0099947,2.6091e-05,-2.6423e-05,1.0809e-07
2.7924e-14,0.0048803,1.5701e-05,-1.5901e-05,6.5048e-08
-8.6062e-14,0.0010539,7.4172e-06,-7.5117e-06,3.0728e-08
-1.9402e-13,-0.00055762,2.9121e-06,-2.9491e-06,1.2064e-08
-1.8622e-13,-0.00093601,9.8549e-07,-9.9804e-07,4.0827e-09
-1.4736e-13,-0.00074068,6.7516e-07,-2.9869e-07,-3.7901e-07
-8.3953e-14,-0.00042197,0.0050249,1.6588e-06,-0.0050266
-3.8079e-14,-0.00019139,0.010457,3.4522e-06,-0.010461
-1.4476e-14,-7.2761e-05,0.0059467,1.9631e-06,-0.0059487
-1.9341e-15,0.004981,0.0016079,5.3079e-07,-0.0016084
1.8279e-14,0.034699,-0.00035987,-1.188e-07,0.00035999
1.6274e-14,0.028704,-0.00092225,1.0259e-06,0.00092388
6.0211e-15,0.01062,0.016843,0.017593,0.0007504
4.0924e-16,0.00072183,0.036235,0.036612,0.00037723
-1.6205e-15,-0.0028583,0.020652,0.02082,0.00016813
-1.7842e-15,-0.003147,0.0055561,0.0056294,7.328e-05
-1.2148e-15,-0.0021427,-0.0012938,-0.00126,3.3842e-05
-6.2562e-16,-0.0010026,-0.0032519,-0.0032336,1.8294e-05
-1.2372e-16,0.012433,-0.0028103,-0.0028023,8.0067e-06
1.0458e-16,0.018176,-0.0016913,-0.0016864,4.8184e-06
6.7537e-17,0.0089036,-0.00079893,-0.00079666,2.2762e-06
1.2665e-17,0.0019196,-0.00031367,-0.00031277,8.9364e-07
-1.1092e-17,-0.0010229,-0.00010545,-0.00010652,3.0239e-07
-1.8622e-17,-0.0017173,0.0091924,-0.0089036,-4.1211e-07
-1.4736e-17,-0.0013589,0.019196,-0.018463,-1.0461e-06
-8.3953e-18,-0.00077418,0.010916,-0.010499,-5.9487e-07
-3.8079e-18,-0.00035115,0.0029516,-0.0028388,-1.6084e-07
-1.4476e-18,-0.00013349,-0.00066061,0.00063537,3.5999e-08
-3.0859e-19,-0.00024023,-0.0016954,0.0016307,9.2389e-08
1.7261e-18,-0.0021849,-0.0014693,0.0014132,8.0067e-08
1.7319e-18,-0.0020161,-0.00088423,0.00085045,4.8184e-08
6.8633e-19,-0.00079893,-0.0004177,0.00040174,2.2762e-08
7.7285e-20,-8.9964e-05,-0.00016332,0.00015706,8.936e-09
-1.5234e-19,0.00017733,0.0088332,-0.0088318,-2.0023e-09
-1.8167e-19,0.00021148,0.018482,-0.018475,-9.5553e-09
-1.2804e-19,0.00014905,0.010519,-0.010515,-5.9487e-09
-6.7639e-20,7.8736e-05,0.0028442,-0.0028431,-1.6084e-09
-2.897e-20,3.3723e-05,-0.00063658,0.00063633,3.5999e-10
-1.052e-20,1.2246e-05,-0.0016338,0.0016331,9.2389e-10
-0.0054127,-1.1282e-06,-0.0014159,0.0014153,8.0067e-10
-0.02562,-2.2636e-05,-0.00085206,0.00085172,4.8184e-10
-0.019072,-1.7672e-05,-0.00031362,0.00031349,1.7735e-10
-0.0065761,-6.0934e-06,2.6955e-05,-2.6945e-05,-1.5243e-11
-0.00010131,-9.3869e-08,5.1714e-05,-5.1694e-05,-2.9244e-11
0.0021348,1.9781e-06,1.243e-05,-1.2425e-05,-7.0292e-12
0.0021918,2.0309e-06,-6.3658e-06,6.3633e-06,3.5999e-12
0.0014084,0.0025679,-1.6338e-05,1.6331e-05,9.2389e-12
0.00048088,0.017798,-1.4159e-05,1.4153e-05,8.0067e-12
9.6367e-05,0.01472,-8.5206e-06,8.5172e-06,4.8184e-12
3.0468e-05,0.0054462,-5.4318e-06,4.0234e-06,-6.8441e-07
2.7742e-05,0.00037019,-0.018599,6.9112e-07,-0.0090478
2.9503e-05,-0.0014657,-0.038703,-1.3145e-06,-0.018829
2.2414e-05,-0.0016138,-0.022009,-8.9146e-07,-0.010708
1.5261e-05,-0.0010988,-0.0059508,-2.8431e-07,-0.0028951
7.8736e-06,-0.00056689,0.0013319,6.3633e-08,0.00064797
-0.00065247,-0.00023055,0.0034182,1.6331e-07,0.001663
-0.013079,7.1621e-05,0.0029623,1.4153e-07,0.0014412
-0.013789,0.00013868,0.0017827,8.5172e-08,0.00086731
-0.0058506,6.268e-05,0.00084214,4.0235e-08,0.00040971
-0.0008849,1.0617e-05,0.00033062,1.5796e-08,0.00016085
0.0010605,-1.2724e-05,-7.4082e-05,-3.5394e-09,-3.6042e-05
0.0013881,-1.6654e-05,-0.00035353,-1.689e-08,-0.00017199
0.0010146,-1.2173e-05,-0.00022009,-1.0515e-08,-0.00010708
-0.002324,-6.3324e-06,-5.9508e-05,-2.8431e-09,-2.8951e-05
-0.019684,-1.0955e-06,1.3319e-05,6.3633e-10,6.4797e-06
-0.01639,4.1216e-07,3.4182e-05,1.6331e-09,1.663e-05
-0.0060683,2.0401e-07,2.7763e-05,1.3264e-09,1.3507e-05
-0.00040624,-6.0647e-08,1.3957e-05,6.6682e-10,6.7902e-06
0.0016409,-1.4658e-07,6.2205e-06,2.9719e-10,3.0263e-06
0.0018066,-1.6138e-07,2.7112e-06,1.2953e-10,1.319e-06
0.0012301,-1.0988e-07,1.2521e-06,5.9821e-11,6.0916e-07
0.00044699,-5.6358e-08,6.7683e-07,3.2337e-11,3.2928e-07
-0.007822,-9.5699e-09,2.9623e-07,1.4153e-11,1.4412e-07
-0.0097258,8.7971e-09,1.7827e-07,8.5172e-12,8.6731e-08
-0.0044358,5.2038e-09,8.4214e-08,4.0235e-12,4.0971e-08
-0.00081923,7.087e-10,3.3063e-08,1.5796e-12,1.6086e-08
0.00065062,-1.148e-09,1.1189e-08,5.3458e-13,5.4436e-09
0.00095186,-1.6795e-09,3.3487e-09,1.5999e-13,1.6292e-09
0.00072302,-1.2757e-09,-1.8597e-08,-8.8852e-13,-9.0478e-09
0.00040134,-7.0813e-10,-3.8703e-08,-1.8491e-12,-1.8829e-08
0.00017851,-3.1496e-10,-2.2009e-08,-1.0515e-12,-1.0708e-08
6.6812e-05,-1.1788e-10,-5.9508e-09,-2.8431e-13,-2.8951e-09
2.1743e-05,-3.8363e-11,1.3319e-09,6.3633e-14,6.4797e-10
-2.3412e-06,0.00059297,3.4182e-09,1.6331e-13,1.663e-09
-9.5652e-05,0.0065634,2.9623e-09,1.4153e-13,1.4412e-09
-8.8785e-05,0.0060922,1.7827e-09,8.5172e-14,8.6731e-10
-3.5184e-05,0.0024142,1.2556e-06,4.0234e-14,-2.6575e-07
-3.9619e-06,0.00027186,0.016588,6.9112e-15,-0.0035186
7.8096e-06,-0.00053587,0.03452,-1.3145e-14,-0.0073225
9.3132e-06,-0.00063905,0.019631,-8.9146e-15,-0.0041641
6.5639e-06,-0.0004504,0.0053077,-2.8431e-15,-0.0011259
3.4674e-06,-0.00023793,-0.001188,6.3633e-16,0.00025199
1.4851e-06,-0.00010191,-0.0030488,1.6331e-15,0.00064672
5.393e-07,-3.7005e-05,-0.0026422,1.4153e-15,0.00056047
1.7119e-07,-1.1746e-05,-0.0015901,8.5172e-16,0.00033729
4.8581e-08,-3.3335e-06,-0.00075113,4.0235e-16,0.00015933
0,0,-0.0002949,1.5796e-16,6.2555e-05
0,0,-9.98e-05,5.3458e-17,2.117e-05
0,0,-2.9881e-05,1.6006e-17,6.3383e-06
0,0,0,0,0
0,0,0,0,0
0,0,0,0,0
0,0,0,0,0
0,0,0,0,0
0,0,0,0,0
