0,0,0,0,0
0,0,0,0,0
0,0,0,0,0
0,0,0,0,0
0,0,0,0,0
0,0,0,0,0
0,0,0,0,0
2.1702e-05,1.3366e-05,0,0,0
0.002722,0.0016764,0,0,0
0.0038709,0.002384,0,0,0
0.00189,0.001164,0,0,0
0.00040818,0.00025139,-1.3237e-07,4.3581e-12,-9.0687e-08
-0.00021586,-0.00013295,-0.0017499,5.7614e-08,-0.0011989
-0.0003624,-0.0002232,-0.0036417,1.199e-07,-0.002495
-0.00016916,0.0025642,-0.0020709,6.8183e-08,-0.0014188
0.0011384,0.030236,-0.00055993,1.8435e-08,-0.00038361
0.0011342,0.028113,0.00012532,-4.1261e-09,8.5859e-05
0.00045067,0.011142,0.00032163,-1.0589e-08,0.00022035
4.4635e-05,0.0012508,0.00027749,-9.1756e-09,0.00018973
-0.00010901,-0.0024786,-0.016293,1.5133e-08,-0.016149
-0.00012675,-0.0029538,-0.034178,4.0377e-08,-0.033791
-8.9333e-05,-0.0020818,-0.01945,2.342e-08,-0.019226
-4.7191e-05,-0.0010997,-0.0052567,6.2627e-09,-0.0051968
-2.0212e-05,-0.00047102,0.001182,-1.5831e-09,0.0011669
-7.3397e-06,-0.00017104,0.0030256,-3.7965e-09,0.0029892
-2.3298e-06,-5.4294e-05,0.002622,-3.2901e-09,0.0025906
-6.6117e-07,-1.5408e-05,0.0015779,-1.98e-09,0.001559
-5.5141e-07,4.4105e-07,0.0007454,-9.3533e-10,0.00073645
-0.0072896,0.0058307,0.00029265,-3.6722e-10,0.00028914
-0.01517,0.012134,9.9038e-05,-1.2427e-10,9.7849e-05
-0.0086269,0.0069003,2.9653e-05,-3.7208e-11,2.9297e-05
-0.0023325,0.0018657,0,0,0
0.00052206,-0.00041758,0,0,0
0.0013398,-0.0010717,-4.4641e-07,5.6016e-13,-4.4105e-07
0.0011611,-0.00092875,-0.0059015,7.4053e-09,-0.0058307
0.00069878,-0.00055892,-0.012282,1.5411e-08,-0.012134
0.00033009,-0.00026403,-0.0069841,8.7637e-09,-0.0069003
0.0001294,-0.00010383,-0.0018884,2.3695e-09,-0.0018657
-0.0025696,-0.0022173,0.00042265,-5.3034e-10,0.00041758
-0.0054257,-0.0045518,0.0010847,-1.3611e-09,0.0010717
-0.0030929,-0.0025825,0.00094003,-1.1796e-09,0.00092875
-0.00083625,-0.00069825,0.00056588,3.2248e-07,0.00055877
0.00018717,0.00015628,0.002424,0.0042726,-0.0018264
0.00048035,0.00040109,0.0045934,0.0088916,-0.0042466
0.00041629,0.00034759,0.002588,0.0050564,-0.0024388
0.00025052,0.00020918,0.00070076,0.0013671,-0.00065838
0.00011834,9.8815e-05,-0.00015446,-0.00030599,0.00014971
4.6463e-05,3.8796e-05,-0.00039642,-0.0007853,0.00038422
1.5724e-05,1.3129e-05,-0.00034355,-0.00068057,0.00033297
4.7078e-06,3.9309e-06,-0.00020675,-0.00040956,0.00020038
0,0,-9.7665e-05,-0.00019347,9.4659e-05
-8.1479e-05,-6.8034e-05,-3.8344e-05,-7.5959e-05,3.7164e-05
-0.0016252,-0.001357,-1.2976e-05,-2.5706e-05,1.2577e-05
-0.0017133,-0.0014305,-3.8852e-06,-7.6965e-06,3.7656e-06
-0.00072693,-0.00060698,0,0,0
-0.00010995,-9.1803e-05,0,0,0
0.00013177,0.00011002,5.8491e-08,1.1587e-07,-5.669e-08
0.00017247,0.00014401,0.00077324,0.0015318,-0.00074944
0.00012606,0.00010526,0.0016092,0.0031878,-0.0015596
6.8235e-05,5.6975e-05,0.00091509,0.0018128,-0.00088692
2.9776e-05,2.4862e-05,0.00024742,0.00049014,-0.0002398
-0.00055307,-1.0982e-06,-5.5377e-05,-0.0001097,5.3672e-05
-0.024314,-0.0004395,-0.00014212,-0.00028154,0.00013775
-0.029524,-0.00053636,-0.00012317,-0.00024399,0.00011938
-0.013425,-0.00024427,-7.4122e-05,-0.00014683,7.184e-05
-0.0024881,-4.527e-05,-3.5014e-05,-6.9363e-05,3.3937e-05
0.0019559,3.5587e-05,-1.3747e-05,-2.7233e-05,1.3324e-05
0.0028615,5.2065e-05,-4.6312e-06,-9.1744e-06,4.4887e-06
0.0021736,3.9548e-05,0.00027583,0.00054641,-0.00026733
0.0012065,2.1952e-05,0.00057692,0.0011429,-0.00055916
0.00053664,9.764e-06,0.00032807,0.00064991,-0.00031797
0.00020085,3.6545e-06,8.8704e-05,0.00017572,-8.5973e-05
6.5364e-05,1.1893e-06,-1.9854e-05,-3.933e-05,1.9242e-05
1.8941e-05,3.4462e-07,-5.0953e-05,-0.00010094,4.9384e-05
0,0,-4.4157e-05,-8.7475e-05,4.2798e-05
-1.0419e-05,-1.4403e-05,-2.6574e-05,-5.2643e-05,2.5756e-05
-0.0066502,-0.0091936,-1.2553e-05,-2.4868e-05,1.2167e-05
-0.011302,-0.015624,-4.9285e-06,-9.7633e-06,4.7768e-06
-0.0059431,-0.0082161,-1.6679e-06,-3.3041e-06,1.6165e-06
-0.0014506,-0.0020053,-4.9938e-07,-9.8926e-07,4.84e-07
0.00051135,0.00070692,-5.6282e-07,1.4893e-08,5.6305e-07
0.0010258,0.0014181,-0.0074404,0.00019688,0.0074435
0.00084802,0.0011723,-0.015484,0.00040973,0.015491
0.00049577,0.0006859,-0.0088054,0.000233,0.008809
-0.0067783,-0.0024217,-0.0023808,6.2999e-05,0.0023818
-0.014495,-0.0055779,0.00053286,-1.41e-05,-0.00053308
-0.0082639,-0.0032007,0.0013676,-3.6188e-05,-0.0013681
-0.0022336,-0.00086436,0.0011852,-3.1361e-05,-0.0011857
0.00050189,0.00019617,0.00071323,-1.8873e-05,-0.00071353
0.0012881,0.00050347,0.00033692,-8.9155e-06,-0.00033706
0.0011163,0.00043632,0.00013228,-3.5003e-06,-0.00013233
0.00067178,0.00026258,4.4564e-05,-1.1792e-06,-4.4582e-05
0.00031734,0.00012404,-0.0026541,7.0231e-05,0.0026552
0.00012459,4.8698e-05,-0.0055513,0.0001469,0.0055536
4.2163e-05,1.648e-05,-0.0031569,8.3535e-05,0.0031582
1.2624e-05,4.9343e-06,-0.00085355,2.2586e-05,0.0008539
-0.00021849,-0.0019213,0.00019104,-5.0551e-06,-0.00019112
-0.0043581,-0.038323,0.00049029,-1.2974e-05,-0.00049049
-0.0045941,-0.040399,0.0004249,-1.1243e-05,-0.00042507
-0.0019493,-0.017141,0.0002557,-6.7663e-06,-0.00025581
-0.00029482,-0.0025925,0.00011912,-1.5975e-06,-0.00012077
0.00035334,0.0031071,-0.02202,0.021136,0.00090929
0.00046248,0.0040668,-0.045909,0.043987,0.001975
0.00033803,0.0029725,-0.026111,0.025014,0.0011274
0.00018297,0.001609,-0.0070613,0.0067633,0.00030614
6.9801e-05,0.0006138,0.0015804,-0.0015138,-6.8518e-05
-0.0012301,-0.010817,0.0040561,-0.003885,-0.00017585
-0.0017817,-0.015668,0.0035151,-0.0033668,-0.0001524
-0.00087183,-0.0076665,0.0021154,-0.0020262,-9.1712e-05
-0.00018888,-0.0016609,0.0009987,-0.00095656,-4.3298e-05
9.9886e-05,0.00087836,-0.0075193,0.0072021,0.00032599
0.00016769,0.0014746,-0.016332,0.015643,0.00070807
0.0001327,0.0011669,-0.0093233,0.0089299,0.0004042
7.56e-05,0.00066479,-0.0025316,0.0024248,0.00010975
3.429e-05,0.00030153,0.00056661,-0.0005427,-2.4565e-05
-0.00045216,-0.00013232,0.0014542,-0.0013928,-6.3045e-05
-0.0092748,-0.004888,0.0012602,-0.0012071,-5.4636e-05
-0.0097804,-0.0051815,0.0007584,-0.00072641,-3.288e-05
-0.0041504,-0.0022032,0.00035805,-0.00034294,-1.5523e-05
-0.00062773,-0.00033323,-0.0026958,0.0025821,0.00011687
0.00075232,0.00039937,-0.0058553,0.0056083,0.00025385
0.0009847,0.00052272,-0.0033425,0.0032015,0.00014491
0.00071972,0.00038206,-0.0009076,0.00086931,3.9348e-05
6.6376e-05,0.0011365,0.00020314,-0.00019457,-8.8069e-06
-0.0034075,0.01038,0.00052134,-0.00049935,-2.2602e-05
-0.003258,0.0095845,0.00045181,-0.00043275,-1.9588e-05
-0.0012958,0.0037957,0.0002719,-0.00026043,-1.1788e-05
-0.00014241,0.00042928,0.00012844,-0.00012302,-5.5685e-06
0.00029209,-0.00084014,5.0427e-05,-4.83e-05,-2.1862e-06
0.00034832,-0.0010019,1.5962e-05,-1.6272e-05,-1.2308e-06
0.0002455,-0.00070613,-0.014583,0.00096911,-0.0064907
0.00012969,-0.00037302,-0.03036,0.002027,-0.013507
5.5546e-05,-0.00015977,-0.017265,0.0011527,-0.0076811
2.017e-05,-5.8017e-05,-0.0046681,0.00031166,-0.0020768
6.4026e-06,-1.8416e-05,0.0010448,-6.9755e-05,0.00046482
1.817e-06,-5.2262e-06,0.0026814,-0.00017902,0.001193
0,0,0.0023238,-0.00015515,0.0010338
0,0,0.0013984,-9.3367e-05,0.00062217
-5.9794e-05,0.0022483,0.00066061,-4.4106e-05,0.0002939
-0.0011927,0.044846,0.00025936,-1.7316e-05,0.00011539
-0.0012573,0.047274,8.7773e-05,-5.8601e-06,3.905e-05
-0.00053346,0.020059,2.628e-05,-1.7546e-06,1.1692e-05
-8.0684e-05,0.0030338,0,0,0
9.6698e-05,-0.0036359,0,0,0
0.00012657,-0.004759,1.4104e-06,-1.7797e-06,-1.7602e-07
9.2508e-05,-0.0034784,0.018646,-0.023527,-0.0023269
5.0074e-05,-0.0018828,0.038804,-0.048962,-0.0048425
2.1851e-05,-0.00082161,0.022066,-0.027843,-0.0027538
7.5896e-06,-0.00025553,0.0059663,-0.0075281,-0.00074457
-0.00029403,0.030108,-0.0013354,0.0016849,0.00016665
-0.00050334,0.051304,-0.0034271,0.0043243,0.00042769
-0.00026508,0.026994,-0.00297,0.0037475,0.00037065
-6.4699e-05,0.0065885,-0.0017881,0.0022558,0.00022299
2.2808e-05,-0.0023226,-0.0099931,0.0084642,-0.00072886
4.5752e-05,-0.0046591,-0.019371,0.015816,-0.0016947
3.7824e-05,-0.0038517,-0.010939,0.0088978,-0.00097327
2.2137e-05,-0.0022542,-0.002961,0.0024099,-0.00026275
1.0244e-05,-0.0010432,0.00065521,-0.00052988,5.9745e-05
3.9569e-06,-0.00040294,0.0016816,-0.0013599,0.00015333
1.3214e-06,-0.00013456,0.0014573,-0.0011785,0.00013288
3.9128e-07,-3.9845e-05,0.000877,-0.00070925,7.9969e-05
-1.4894e-05,0.0015167,0.00041428,-0.00033504,3.7776e-05
-0.00016486,0.016788,0.00016265,-0.00013154,1.4831e-05
-0.00015302,0.015582,5.5044e-05,-4.4515e-05,5.0192e-06
-6.0639e-05,0.006175,1.6232e-05,-1.3128e-05,1.4801e-06
-6.8283e-06,0.00069534,-0.00328,0.0026526,-0.00029909
1.346e-05,-0.0013706,-0.0068259,0.0055203,-0.00062242
1.6051e-05,-0.0016345,-0.0038817,0.0031392,-0.00035395
-0.00084112,-0.00060826,-0.0010495,0.00084878,-9.5701e-05
-0.0094294,0.00541,0.0002349,-0.00018997,2.142e-05
-0.0087554,0.0053258,0.00060287,-0.00048755,5.4972e-05
-0.0034697,0.0021192,0.00052246,-0.00042253,4.764e-05
-0.00039052,0.00021924,0.00031442,-0.00025428,2.867e-05
0.00077044,-0.00049992,0.00014853,-0.00012012,1.3543e-05
0.00091868,-0.000586,5.8224e-05,-4.7087e-05,5.3091e-06
0.00064748,-0.00041301,-0.0011562,0.00093504,-0.00010543
0.00034204,-0.00021818,-0.0024413,0.0019743,-0.00022261
0.0001465,-9.3447e-05,-0.0013916,0.0011255,-0.0001269
5.3198e-05,-3.3933e-05,-0.00037627,0.0003043,-3.431e-05
1.6886e-05,-1.0771e-05,8.4216e-05,-6.8108e-05,7.6792e-06
4.7921e-06,-3.0568e-06,0.00021614,-0.0001748,1.9708e-05
0,0,0.00018731,-0.00015148,1.708e-05
-0.00030561,0.00019494,0.00011272,-9.1162e-05,1.0279e-05
-0.0033827,0.0021578,5.3249e-05,-4.3064e-05,4.8555e-06
-0.0031399,0.0020028,2.0906e-05,-1.6907e-05,1.9063e-06
-0.0012443,0.00079369,7.075e-06,-5.7217e-06,6.4513e-07
-0.00014011,8.9374e-05,2.1183e-06,-1.7131e-06,1.9316e-07
0.00027618,-0.00017617,-3.189e-08,2.5791e-08,-2.9079e-09
0.00032936,-0.00021009,-0.00042159,0.00034095,-3.8442e-05
0.00023213,-0.00014807,-0.00087736,0.00070954,-8.0002e-05
0.00012263,-7.822e-05,-0.00049893,0.00040349,-4.5495e-05
5.2521e-05,-3.3502e-05,-0.0001349,0.0001091,-1.2301e-05
-0.0017847,5.7723e-05,3.0193e-05,-2.4418e-05,2.7531e-06
-0.019959,0.00076973,7.7488e-05,-6.2667e-05,7.0658e-06
-0.01853,0.00071695,6.7153e-05,-5.4309e-05,6.1234e-06
-0.0073439,0.00028455,4.0401e-05,-3.2674e-05,3.684e-06
-0.00082696,3.2042e-05,-0.00013205,0.0001068,-1.2041e-05
0.0016301,-6.316e-05,-0.00030705,0.00024832,-2.7998e-05
0.0019439,-7.532e-05,-0.00017634,0.00014261,-1.6079e-05
0.0013701,-5.3086e-05,-4.7604e-05,3.8498e-05,-4.3408e-06
0.00072375,-2.8043e-05,1.0825e-05,-8.7541e-06,9.8703e-07
0.00030999,-1.2011e-05,2.7781e-05,-2.2467e-05,2.5332e-06
0.00011257,-4.3616e-06,2.4075e-05,-1.947e-05,2.1953e-06
3.5732e-05,-1.3845e-06,1.4489e-05,-1.1717e-05,1.3211e-06
1.014e-05,-3.929e-07,6.8443e-06,-5.5351e-06,6.2409e-07
0,0,2.6871e-06,-2.1731e-06,2.4502e-07
0,0,9.0937e-07,-7.3543e-07,8.292e-08
0,0,2.7227e-07,-2.2019e-07,2.4827e-08
8.5042e-07,1.1247e-08,0,0,0
0.011242,0.00014868,0,0,0
0.023396,0.00030942,0,0,0
0.013305,0.00017596,0,0,0
0.0035973,4.7575e-05,0,0,0
-0.00080514,-1.0648e-05,0,0,0
-0.0020664,-2.7328e-05,0,0,0
-0.0017908,-2.3683e-05,-4.099e-09,3.3149e-09,-3.7376e-10
-0.0010777,-1.4252e-05,-5.4188e-05,4.3823e-05,-4.9411e-06
-0.00050909,-6.7327e-06,-0.00011277,9.12e-05,-1.0283e-05
-0.00019987,-2.6433e-06,-6.4128e-05,5.1862e-05,-5.8475e-06
-6.764e-05,-8.9454e-07,-1.7339e-05,1.4022e-05,-1.5811e-06
0.00012722,-0.00038454,3.8808e-06,-3.1385e-06,3.5387e-07
0.006358,-0.016567,9.9598e-06,-8.0547e-06,9.0818e-07
0.0077197,-0.020115,8.6314e-06,-6.9804e-06,7.8705e-07
0.0035101,-0.0091464,5.9914e-06,-4.9981e-06,4.7352e-07
0.00065054,-0.0016951,0.010539,-0.010542,-1.5477e-06
-0.0005114,0.0013325,0.021928,-0.021936,-3.5987e-06
-0.00074818,0.0019495,0.01247,-0.012474,-2.0667e-06
-0.0005683,0.0014808,0.0033715,-0.0033727,-5.5793e-07
-0.00031546,0.00082199,-0.00075458,0.00075484,1.2687e-07
-0.00014031,0.0003656,-0.0019366,0.0019373,3.256e-07
-5.2515e-05,0.00013684,-0.0016783,0.0016789,2.8217e-07
0.013158,-0.0029575,-0.00101,0.0010104,1.6981e-07
0.034596,-0.0078713,-0.00047711,0.00047728,8.0217e-08
0.021386,-0.0048729,-0.00018732,0.00018738,3.1494e-08
0.0063204,-0.0014402,-6.3392e-05,6.3414e-05,1.0658e-08
-0.00079327,0.00018075,-1.898e-05,1.8987e-05,3.1911e-09
-0.0029854,0.00068024,0,0,0
-0.0027231,0.00062047,2.8574e-07,-2.8584e-07,-4.8041e-11
-0.0016869,0.00038437,0.0037774,-0.0037788,-6.3509e-07
-0.00081389,0.00018545,0.0078612,-0.007864,-1.3217e-06
-0.0003249,7.4031e-05,0.0044704,-0.004472,-7.516e-07
-0.00011145,2.5395e-05,0.0012087,-0.0012091,-2.0322e-07
-3.33e-05,6.2568e-06,-0.00027053,0.00027062,4.5483e-08
0.0059243,-0.018943,-0.0006943,0.00069454,1.1673e-07
0.012329,-0.039422,-0.0006017,0.00060191,1.0116e-07
0.0070112,-0.022418,-0.0003621,0.00036223,6.088e-08
0.0018957,-0.0060613,-0.00017105,0.00017111,2.8759e-08
-0.00042428,0.0013566,-6.7157e-05,6.718e-05,1.1291e-08
-0.0010889,0.0034817,-2.2727e-05,2.2735e-05,3.8211e-09
-0.00094367,0.0030174,-6.8046e-06,6.807e-06,1.144e-09
-0.0005679,0.0018158,0,0,0
-0.00026827,0.00085778,1.4332e-06,-1.0248e-07,1.3308e-06
-0.00010533,0.00033677,0.018947,-0.0013547,0.017593
-3.5644e-05,0.00011397,0.039431,-0.0028193,0.036612
-1.0672e-05,3.4123e-05,0.022423,-0.0016033,0.02082
0,0,0.0060627,-0.00043349,0.0056293
0,0,-0.0013569,9.7022e-05,-0.0012599
0.00035794,-0.0011445,-0.0034825,0.000249,-0.0032336
0.0039619,-0.012668,-0.003018,0.00021579,-0.0028023
0.0036775,-0.011759,-0.0018163,0.00012986,-0.0016864
0.0014573,-0.0046597,-0.00085798,6.1347e-05,-0.00079665
0.0001641,-0.00052471,-0.00033685,2.4085e-05,-0.00031277
-0.00032347,0.0010343,-0.00011348,8.1141e-06,-0.00010537
-0.00038576,0.0012334,0.0067587,-0.00048326,0.0062756
-0.00027188,0.00086932,0.014137,-0.0010108,0.013126
-0.00011576,0.00037014,0.008039,-0.0005748,0.0074643
0.0011397,-0.003644,0.0021736,-0.00015541,0.0020182
0.0014361,-0.0045919,-0.00048648,3.4784e-05,-0.00045171
0.00065606,-0.0020977,-0.0012485,8.9272e-05,-0.0011593
0.00012089,-0.00038654,-0.001082,7.7365e-05,-0.0010047
-9.6615e-05,0.00030892,-0.00065097,4.6545e-05,-0.00060444
-0.00014135,0.00045196,0.0021277,-0.00015214,0.0019756
-0.00010737,0.0003433,0.0049474,-0.00035374,0.0045937
-5.9598e-05,0.00019056,0.0028412,-0.00020315,0.0026381
-2.6508e-05,8.4758e-05,0.00076702,-5.4843e-05,0.00071219
-9.9214e-06,3.1723e-05,-0.00017441,1.2471e-05,-0.00016194
-3.2287e-06,1.0324e-05,-0.00044762,3.2005e-05,-0.00041562
-9.3561e-07,2.9916e-06,-0.00038792,2.7737e-05,-0.00036019
0,0,-0.00023345,1.6692e-05,-0.00021676
7.7443e-05,0.0048856,-0.00011028,7.8851e-06,-0.0001024
0.00053702,0.033879,-4.3296e-05,3.0957e-06,-4.0201e-05
0.00044415,0.02802,-1.5955e-05,2.4117e-06,-1.3543e-05
0.00016433,0.010367,-0.017227,0.018033,0.00080662
1.1169e-05,0.00070462,-0.035842,0.037529,0.0016871
-0.00031652,-0.0025642,-0.020382,0.021341,0.00095941
-0.011788,0.0066681,-0.0055108,0.0057702,0.0002594
-0.014287,0.0097345,0.0012334,-0.0012915,-5.8059e-05
-0.0064982,0.0042982,0.0031655,-0.0033145,-0.00014901
-0.0012083,0.00054274,0.0027433,-0.0028724,-0.00012913
0.00094166,-0.00094584,0.0016509,-0.0017286,-7.7712e-05
0.0013806,-0.0011971,0.00077941,-0.0008161,-3.6688e-05
0.0010491,-0.00088492,-0.0058683,0.0061446,0.00027623
0.00058246,-0.00048326,-0.012746,0.013346,0.00059998
0.00025906,-0.00021495,-0.0072762,0.0076187,0.0003425
9.6963e-05,-8.045e-05,-0.0019757,0.0020687,9.3e-05
3.1555e-05,-2.6181e-05,0.0004422,-0.00046301,-2.0815e-05
9.1438e-06,-7.5866e-06,0.0011349,-0.0011883,-5.3421e-05
-0.00023202,0.00019251,0.00098352,-0.0010298,-4.6296e-05
-0.004628,0.0038398,0.00059188,-0.00061974,-2.7861e-05
-0.0048786,0.0040478,0.0002796,-0.00029276,-1.3161e-05
-0.00207,0.0017175,0.00010977,-0.00011494,-5.1672e-06
-0.00031308,0.00025976,3.6982e-05,-3.8722e-05,-1.7408e-06
0.00037522,-0.00031132,-0.0022025,0.0023062,0.00010368
0.00049112,-0.00040748,-0.0046068,0.0048237,0.00021685
0.00035896,-0.00029783,-0.0026197,0.0027431,0.00012332
0.0001943,-0.00016121,-0.00070832,0.00074167,3.3342e-05
-0.00067784,0.0017647,0.00015854,-0.000166,-7.4625e-06
-0.0019717,0.0047934,0.00040687,-0.00042603,-1.9152e-05
-0.0012279,0.0029703,0.00035261,-0.0003692,-1.6598e-05
-0.00036298,0.00087794,0.0002122,-0.00022219,-9.9885e-06
4.5918e-05,-0.00011049,0.00010024,-0.00010496,-4.7185e-06
0.00017281,-0.00041581,3.8459e-05,-4.1981e-05,-1.8497e-06
0.00015762,-0.00037927,-0.011839,-0.010241,3.673e-05
9.7646e-05,-0.00023496,-0.024661,-0.021288,7.7556e-05
4.7112e-05,-0.00011336,-0.014026,-0.012104,4.4211e-05
1.8807e-05,-4.5253e-05,-0.0037924,-0.0032726,1.1954e-05
6.4514e-06,-1.5523e-05,0.00084881,0.00073246,-2.6754e-06
1.9535e-06,-4.7005e-06,0.0021784,0.0018798,-6.8663e-06
-0.009323,0.00049881,0.0018879,0.0016291,-5.9505e-06
-0.032087,0.0017168,0.0011361,0.00098039,-3.581e-06
-0.021686,0.0011603,0.00053669,0.00046313,-1.6916e-06
-0.0069432,0.00037149,0.00021071,0.00018183,-6.6415e-07
0.00033173,-1.7749e-05,7.1308e-05,6.1533e-05,-2.2476e-07
0.0027153,-0.00014528,2.135e-05,1.8423e-05,-6.7295e-08
0.0026197,-0.00014016,-3.2142e-07,-2.7736e-07,1.0131e-09
0.0016725,-8.9485e-05,-0.0042491,-0.0036667,1.3393e-05
0.00082466,-4.4122e-05,-0.0088428,-0.0076307,2.7872e-05
0.00033485,-1.7915e-05,-0.0050286,-0.0043393,1.585e-05
9.6562e-05,-5.6734e-06,-0.0013596,-0.0011733,4.2855e-06
-0.012666,0.00035406,0.00030431,0.0002626,-9.5918e-07
-0.021586,0.00060495,0.000781,0.00067394,-2.4617e-06
-0.011351,0.00031812,0.00067683,0.00058406,-2.1334e-06
-0.0027705,7.7645e-05,0.00040732,0.00035148,-1.2839e-06
0.00097666,-2.7371e-05,0.00019241,0.00016604,-6.0648e-07
0.0019592,-5.4906e-05,7.5427e-05,6.5088e-05,-2.3775e-07
0.0016197,-4.5392e-05,-0.0014978,-0.0012925,4.7211e-06
0.00094791,-2.6566e-05,-0.0031626,-0.0027291,9.9685e-06
0.00043866,-1.2294e-05,-0.0018028,-0.0015557,5.6825e-06
0.00016944,-4.7487e-06,-0.00048745,-0.00042063,1.5364e-06
5.6584e-05,-1.5858e-06,0.0001091,9.4145e-05,-3.4388e-07
1.6755e-05,-4.6957e-07,0.00028,0.00024162,-8.8255e-07
-0.00013847,0.00058322,0.00024265,0.00020939,-7.6484e-07
-0.0059697,0.025144,0.00014603,0.00012601,-4.6028e-07
-0.0072482,0.030529,6.8983e-05,5.9527e-05,-2.1743e-07
-0.0032958,0.013882,2.7083e-05,2.3371e-05,-8.5366e-08
-0.00061081,0.0025727,7.9264e-06,6.6757e-06,-2.8759e-08
0.00048016,-0.0020224,-0.016377,-0.016303,1.7128e-06
0.00070248,-0.0029588,-0.034088,-0.033932,3.5825e-06
0.0005336,-0.0022475,-0.019385,-0.019296,2.0373e-06
0.00029619,-0.0012475,-0.0052412,-0.0052172,5.5083e-07
-9.6907e-05,0.00278,0.0011731,0.0011677,-1.2329e-07
-0.0024815,0.036706,0.0030106,0.0029969,-3.1641e-07
-0.0023331,0.034196,0.0026097,0.0025957,-2.7416e-07
-0.00092627,0.013558,0.0097721,-0.018357,4.5215e-07
-0.00010483,0.0015289,0.017811,-0.040717,1.2064e-06
0.00020663,-0.0030138,0.0099978,-0.023284,6.9978e-07
0.00024642,-0.0035941,0.002723,-0.0062759,1.8712e-07
0.00017367,-0.0025331,-0.00055789,0.001456,-4.7301e-08
9.1744e-05,-0.0013381,-0.0015075,0.0036613,-1.1344e-07
3.9295e-05,-0.00057313,-0.0013065,0.003173,-9.8307e-08
-0.00012372,0.0040859,-0.00078623,0.0019095,-5.9161e-08
-0.00095231,0.02971,-0.00037141,0.00090203,-2.7947e-08
-0.00079009,0.024608,-0.0001462,0.000353,-1.0956e-08
-0.00029279,0.0091116,-0.0051513,-0.015064,2.1755e-07
-1.9901e-05,0.0006193,-0.010632,-0.031564,4.5936e-07
7.8802e-05,-0.0024523,-0.0060379,-0.01797,2.6186e-07
8.6762e-05,-0.0027,-0.0016325,-0.0048586,7.08e-08
2.9686e-05,0.0011939,0.00036539,0.0010874,-1.5846e-08
-0.00029482,0.032615,0.00093775,0.0027909,-4.0669e-08
-0.00028912,0.030755,0.00081268,0.0024186,-3.5245e-08
-0.00011507,0.012203,0.00048907,0.0014555,-2.121e-08
-1.2035e-05,0.0013454,0.00023184,0.00068716,-9.6058e-07
2.6963e-05,-0.0027529,0.010828,-0.0051738,-0.012566
3.1673e-05,-0.0032679,0.022376,-0.011238,-0.026152
2.2323e-05,-0.0023032,0.012716,-0.006415,-0.014872
1.1792e-05,-0.0012167,0.0034357,-0.0017419,-0.004021
5.0507e-06,-0.00052112,-0.00076897,0.00038986,0.00089996
1.8341e-06,-0.00018924,-0.0019735,0.0010006,0.0023097
1.1478e-06,-5.9581e-05,-0.0017103,0.00086711,0.0020016
0.0074775,0.0064338,-0.0010293,0.00052183,0.0012046
0.015561,0.013425,-0.00048621,0.00024651,0.00056904
0.008849,0.0076343,-0.00019089,9.678e-05,0.00022341
0.0023926,0.0020641,-6.4601e-05,3.2752e-05,7.5605e-05
-0.0005355,-0.00046199,-1.9342e-05,9.8062e-06,2.2637e-05
-0.0013743,-0.0011857,0,0,0
-0.001191,-0.0010275,2.9119e-07,-1.4763e-07,-3.4079e-07
-0.00071677,-0.00061837,0.0038495,-0.0019517,-0.0045052
-0.00033859,-0.00029211,0.0080111,-0.0040616,-0.0093757
-0.00013293,-0.00011469,0.0045556,-0.0023097,-0.0053317
0.00040678,0.00035094,0.0012317,-0.00062449,-0.0014416
0.004987,0.0043024,-0.00027569,0.00013977,0.00032265
0.0046415,0.0040043,-0.00070743,0.00035866,0.00082794
0.0018393,0.0015868,0.00076692,-0.00038882,-0.00089756
0.00020712,0.00017869,0.0025031,-0.001269,-0.0029295
-0.00040827,-0.00035222,0.001459,-0.00073968,-0.0017075
-0.00048687,-0.00042004,0.00037316,-0.00018919,-0.00043673
-0.00034315,-0.00029604,-0.000122,6.1852e-05,0.00014278
0.0002327,-0.0030469,-0.0002606,0.00013212,0.00030499
0.0018818,-0.013748,-0.00021983,0.00011145,0.00025728
0.0014305,-0.010209,-0.00013229,6.7072e-05,0.00015483
0.00049399,-0.0035195,-6.2494e-05,3.1684e-05,7.314e-05
5.2082e-06,-5.629e-05,-2.4536e-05,1.2439e-05,2.8715e-05
-0.00016327,0.00114,-8.3033e-06,4.2097e-06,9.7178e-06
-0.00016763,0.0011704,-3.019e-06,6.711e-07,2.8658e-06
-0.00011044,0.00077114,-0.007045,-0.0077907,-0.00057907
-5.5684e-05,0.00038881,-0.014661,-0.016213,-0.0012051
-2.3006e-05,0.00016064,-0.0083374,-0.0092199,-0.0006853
8.9628e-05,-0.00041194,-0.0022543,-0.0024929,-0.00018529
0.00067527,-0.0032319,0.00050454,0.00055794,4.1471e-05
0.00055988,-0.0026827,0.0012938,0.0014326,0.00010642
0.0002074,-0.00099434,-0.013216,0.01026,-0.00011537
1.4097e-05,-6.7583e-05,-0.029164,0.019517,-0.00037653
-5.582e-05,0.00026761,-0.016649,0.011027,-0.00021947
-6.1459e-05,0.00029465,-0.0044627,0.0030245,-5.6134e-05
-4.0469e-05,0.00035093,0.0010692,-0.00059906,1.8352e-05
0.00015115,0.018956,0.0026481,-0.0016437,3.9201e-05
0.00023656,0.026853,0.0022839,-0.0014367,3.3069e-05
0.00011669,0.013105,0.0013744,-0.00086458,1.9901e-05
2.4884e-05,0.0028319,0.00064782,-0.00040711,9.3953e-06
-1.3985e-05,-0.0014937,-0.01896,0.017148,-7.0738e-05
-2.2998e-05,-0.00251,-0.039901,0.035965,-0.00015365
-1.8198e-05,-0.0019862,-0.022714,0.020467,-8.7709e-05
0.00013023,-0.0010777,-0.0061483,0.0055382,-2.3816e-05
0.017629,0.0062456,0.0013761,-0.0012395,5.3304e-06
0.025075,0.0094165,0.0035317,-0.0031812,1.368e-05
0.012243,0.0046286,0.0030607,-0.0027569,1.1856e-05
0.0026441,0.0009947,0.0018419,-0.0016591,7.1347e-06
-0.0013984,-0.000536,0.00086958,-0.00078328,3.3683e-06
-0.0023477,-0.00089987,-0.0065472,0.0058974,-2.5361e-05
-0.0018578,-0.00071208,-0.014221,0.012809,-5.5084e-05
-0.0010584,-0.00040568,-0.0081179,0.0073123,-3.1445e-05
-0.00048006,-0.000184,-0.0022043,0.0019855,-8.5383e-06
-0.0001825,-6.9951e-05,0.00049335,-0.00044439,1.911e-06
-6.0157e-05,-2.3057e-05,0.0012662,-0.0011405,4.9046e-06
-1.762e-05,-6.7535e-06,0.0010973,-0.0009884,4.2504e-06
0,0,0.00066035,-0.00059482,2.5579e-06
0.00034934,6.3405e-05,0.00031194,-0.00028099,1.2083e-06
0.015061,0.0027335,0.00012247,-0.00011032,4.744e-07
0.018287,0.003319,4.1446e-05,-3.7333e-05,1.6054e-07
0.0083149,0.0015092,1.2409e-05,-1.1178e-05,4.8068e-08
0.001541,0.00027969,0,0,0
-0.0012114,-0.00021987,-1.8682e-07,1.6828e-07,-7.2365e-10
-0.0017723,-0.00032167,-0.0024697,0.0022246,-9.5666e-06
-0.0013462,-0.00024434,-0.0051397,0.0046297,-1.9909e-05
-0.00074726,-0.00013563,-0.0029228,0.0026327,-1.1322e-05
-0.00033237,-6.0325e-05,-0.00079026,0.00071184,-3.0611e-06
0.00045245,0.0026234,0.00017687,-0.00015932,6.8513e-07
0.0063446,0.02928,0.00045394,-0.00040889,1.7584e-06
0.0059149,0.027183,0.00039504,-0.00035601,1.5236e-06
0.0023486,0.010773,0.021971,-0.022035,-2.5127e-06
0.00026447,0.0012131,0.045342,-0.045514,-6.7045e-06
-0.00052131,-0.0023912,0.025765,-0.025865,-3.8889e-06
-0.00062168,-0.0028516,0.0069693,-0.0069959,-1.0399e-06
-0.00043816,-0.0020098,-0.0015521,0.0015588,2.6286e-07
-0.00023146,-0.0010617,-0.0039947,0.0040109,6.304e-07
-9.9137e-05,-0.00045473,-0.003462,0.0034759,5.4632e-07
-3.6e-05,-0.00016513,-0.0020834,0.0020918,3.2877e-07
-1.1427e-05,-5.2416e-05,-0.00098418,0.00098816,1.5531e-07
0.0031967,0.0015819,-0.0003864,0.00038796,6.0976e-08
0.022189,0.011073,-0.00013017,0.0001307,2.0542e-08
0.018352,0.0091581,0.0077528,-0.0077842,-1.2234e-06
0.00679,0.0033883,0.016216,-0.016281,-2.559e-06
0.00046151,0.0002303,0.0092214,-0.0092587,-1.4552e-06
-0.0018274,-0.00091192,0.0024933,-0.0025034,-3.9345e-07
-0.002012,-0.001004,-0.00055804,0.00056029,8.8062e-08
-0.0013249,-0.00078442,-0.0014322,0.001438,2.2601e-07
0.0049482,-0.012994,-0.0012412,0.0012462,1.9586e-07
0.0077446,-0.018125,-0.00074693,0.00074995,1.1787e-07
0.0038201,-0.0088303,-0.00035284,0.00035427,5.5681e-08
0.00081465,-0.0019123,-0.00013853,0.00013909,2.1861e-08
-0.00045784,0.00099782,-4.6881e-05,4.707e-05,7.3981e-09
-0.00075291,0.001683,-1.4036e-05,1.4093e-05,2.215e-09
-0.00059578,0.0013318,0,0,0
-0.00033942,0.00075875,0,0,0
-0.00015395,0.00034415,0,0,0
-5.8527e-05,0.00013083,0,0,0
-1.9292e-05,4.3125e-05,-6.2519e-07,6.2433e-07,-3.3347e-11
-5.6505e-06,1.2631e-05,-0.0082649,0.0082536,-4.4084e-07
0,0,-0.0172,0.017176,-9.1743e-07
0,0,-0.0097811,0.0097677,-5.2171e-07
0,0,-0.0026446,0.002641,-1.4106e-07
0,0,0.0005919,-0.0005911,3.1571e-08
0,0,0.0015191,-0.001517,8.1027e-08
0,0,0.0013165,-0.0013147,7.022e-08
0,0,0.00079226,-0.00079118,4.2258e-08
0.0025502,-0.00091942,0.00037426,-0.00037374,1.9962e-08
0.017684,-0.0063756,0.00014671,-0.00014651,7.8254e-09
0.014626,-0.0052731,-0.0029134,0.0029094,-1.5539e-07
0.0054112,-0.0019509,-0.0061516,0.0061431,-3.2812e-07
0.00036779,-0.0001326,-0.0035067,0.0035019,-1.8704e-07
-0.00054209,0.0061843,-0.00094812,0.00094683,-5.0572e-08
0.0047364,0.039821,0.00021221,-0.00021192,1.1319e-08
0.0041518,0.03285,0.00054613,-0.0005422,2.9045e-08
0.0013767,0.012211,0.020521,0.021701,-3.1487e-08
-0.00010503,0.0009016,0.042008,0.045859,-1.0277e-07
-0.0006069,-0.0032013,0.023861,0.026106,-5.99e-08
-0.00060146,-0.0035488,0.006468,0.0070421,-1.5321e-08
-0.00039888,-0.0024201,-0.001418,-0.0016057,5.0089e-09
-0.00019976,-0.0012483,-0.0036797,-0.0040806,1.0699e-08
0.0013054,0.00051997,-0.0031936,-0.0035318,9.0256e-09
0.0023324,0.0015889,-0.0019219,-0.0021254,5.4316e-09
0.001233,0.0008755,-0.00090788,-0.001004,2.5658e-09
0.00030059,0.00021151,-0.00035644,-0.00039419,1.0074e-09
-0.00010691,-8.0404e-05,-0.00012063,-0.0001334,3.4091e-10
-0.00021446,-0.00016129,-3.6048e-05,-3.934e-05,4.7538e-07
-0.0001773,-0.00013334,0.00090475,0.0079491,0.0062832
-0.00010376,-7.8038e-05,0.0018829,0.016543,0.013076
-4.8017e-05,-3.6113e-05,0.0010707,0.0094074,0.0074358
-1.8548e-05,-1.3949e-05,0.0002895,0.0025436,0.0020105
-5.413e-06,-4.071e-06,-6.4795e-05,-0.00056929,-0.00044998
0.00049663,0.00037351,-0.00016629,-0.0014611,-0.0011549
0.00084711,0.0006371,-0.00014411,-0.0012662,-0.0010008
0.00044547,0.00033503,-8.6728e-05,-0.000762,-0.0006023
0.00010873,8.1772e-05,-4.097e-05,-0.00035996,-0.00028452
-3.8328e-05,-2.8826e-05,-1.6085e-05,-0.00014132,-0.0001117
-7.6886e-05,-5.7825e-05,-5.4189e-06,-4.761e-05,-3.7632e-05
-6.3563e-05,-4.7805e-05,0.00032274,0.0028356,0.0022413
-3.72e-05,-2.7978e-05,0.00067504,0.0059309,0.0046879
-1.7215e-05,-1.2947e-05,0.00038387,0.0033727,0.0026658
-6.6496e-06,-5.0011e-06,0.00010379,0.0009119,0.00072079
-2.2206e-06,-1.6701e-06,-2.323e-05,-0.0002041,-0.00016132
0.0017186,1.8329e-05,-5.9619e-05,-0.00052381,-0.00041403
0.01903,0.00020836,-5.1667e-05,-0.00045395,-0.00035881
0.017663,0.0001934,-3.1085e-05,-0.00027311,-0.00021587
0.0069997,7.6639e-05,0.0001016,0.00089267,0.00070559
0.0007882,8.63e-06,0.00023624,0.0020756,0.0016406
-0.0015537,-1.7011e-05,0.00013567,0.001192,0.00094219
-0.0018528,-2.0287e-05,3.6626e-05,0.0003218,0.00025436
-0.0013056,-1.4295e-05,-8.3283e-06,-7.3173e-05,-5.7837e-05
0.0029676,3.2492e-05,-2.1374e-05,-0.00018779,-0.00014844
0.007316,8.0103e-05,-1.8524e-05,-0.00016275,-0.00012864
0.0042211,4.6217e-05,-1.1147e-05,-9.7942e-05,-7.7415e-05
0.0011362,1.2441e-05,-5.2659e-06,-4.6267e-05,-3.657e-05
-0.0002716,-2.9737e-06,-2.0675e-06,-1.8165e-05,-1.4358e-05
-0.00067224,-7.3604e-06,-6.9966e-07,-6.1472e-06,-4.8589e-06
-0.00058258,-6.3787e-06,-2.0633e-07,-1.8128e-06,-1.4329e-06
-0.0003506,-3.8387e-06,4.1692e-05,0.0003663,0.00028953
-0.00016562,-1.8134e-06,8.6764e-05,0.00076231,0.00060255
-6.5023e-05,-7.1194e-07,4.934e-05,0.0004335,0.00034265
-2.2005e-05,-2.4093e-07,1.3341e-05,0.00011721,9.2645e-05
-6.5884e-06,-7.2136e-08,-2.9858e-06,-2.6233e-05,-2.0736e-05
0,0,-7.663e-06,-6.7327e-05,-5.3217e-05
0.00037197,0.0052799,-6.641e-06,-5.8347e-05,-4.6119e-05
0.0025794,0.036613,-3.9965e-06,-3.5113e-05,-2.7755e-05
0.0021333,0.030282,-4.7995e-07,-1.517e-05,-1.3103e-05
0.00078928,0.011204,0.018612,0.018723,9.8655e-05
5.3646e-05,0.00076149,0.038736,0.038976,0.00021428
-0.00021243,-0.0030153,0.022028,0.022165,0.00012232
-0.00023388,-0.0033199,0.0059558,0.0059931,3.3215e-05
-0.00011837,-0.0016802,-0.001333,-0.0013414,-7.434e-06
0.00073327,0.010408,-0.0034211,-0.0034425,-1.9079e-05
0.00082504,0.011711,-0.0029648,-0.0029834,-1.6534e-05
0.00035236,0.0050016,-0.0017842,-0.0017954,-9.9504e-06
5.1286e-05,0.00072798,-0.00084286,-0.00084813,-4.7005e-06
-6.7202e-05,-0.0009539,-0.00033041,-0.00033247,-1.8426e-06
-8.6533e-05,-0.0012283,0.0065611,0.0066021,3.659e-05
-6.3248e-05,-0.00089778,0.013854,0.01394,7.726e-05
-3.4236e-05,-0.00048596,0.0078973,0.0079467,4.4042e-05
-1.4939e-05,-0.00021206,0.0021353,0.0021486,1.1908e-05
-5.5067e-06,-7.8166e-05,-0.00047791,-0.00048089,-2.6652e-06
-1.7697e-06,-2.512e-05,-0.0012265,-0.0012342,-6.8401e-06
5.6592e-06,0.00048495,-0.0010629,-0.0010696,-5.9278e-06
0.00026586,0.021218,-0.00063968,-0.00064368,-3.5674e-06
0.0003228,0.025762,-0.00030218,-0.00030407,-1.6852e-06
0.00014678,0.011714,-0.00011864,-0.00011938,-6.6162e-07
2.7202e-05,0.002171,-4.0149e-05,-4.04e-05,-2.239e-07
-2.1384e-05,-0.0017066,-1.2021e-05,-1.2096e-05,-6.7038e-08
-3.1285e-05,-0.0024968,0,0,0
-2.3764e-05,-0.0018965,0,0,0
-1.3191e-05,-0.0010527,1.4357e-06,1.821e-07,-8.3549e-07
-5.867e-06,-0.00046824,0.01898,0.0024074,-0.011045
-2.1959e-06,-0.00017525,0.039499,0.00501,-0.022986
-7.1462e-07,-5.7033e-05,0.022462,0.002849,-0.013071
-2.0708e-07,-1.6527e-05,0.0060732,0.00077031,-0.0035342
5.2545e-06,0.00041936,-0.0013593,-0.00017241,0.00079101
0.00010481,0.0083647,-0.0034886,-0.00044248,0.0020301
0.00011049,0.0088177,-0.0030228,-0.0003834,0.001759
4.6879e-05,0.0037413,0.0049852,0.00063231,-0.0029011
7.0903e-06,0.00056587,0.013302,0.0016871,-0.0077406
-8.4976e-06,-0.00067818,0.0077155,0.00097861,-0.0044899
-1.1122e-05,-0.00088766,0.0020631,0.00026168,-0.0012006
-0.00019125,-0.00058554,-0.00052152,-6.6147e-05,0.00030349
-0.0078993,0.002376,-0.0012507,-0.00015863,0.00072782
-0.0095877,0.003158,-0.0010839,-0.00013748,0.00063075
-0.0043594,0.0014492,-0.00065228,-8.2734e-05,0.00037958
-0.00080802,0.00026089,-0.00030813,-3.9083e-05,0.00017931
0.00063495,-0.00022456,-0.00012079,-1.5321e-05,7.0292e-05
0.00092904,-0.00032092,0.0023986,0.00030423,-0.0013958
0.00070568,-0.00024377,0.0050647,0.00064239,-0.0029473
0.00039172,-0.00013531,0.0028871,0.00036619,-0.0016801
0.00017423,-6.0184e-05,0.00078061,9.901e-05,-0.00045426
6.521e-05,-2.2526e-05,-0.00017471,-2.216e-05,0.00010167
0.0014134,0.00025965,-0.00044839,-5.6873e-05,0.00026093
0.0065958,0.0012615,-0.00038859,-4.9288e-05,0.00022613
0.0049056,0.00094073,-0.00023385,-2.9661e-05,0.00013609
0.0016914,0.00032436,-0.00011047,-1.4012e-05,6.4286e-05
2.6057e-05,4.9968e-06,-4.3371e-05,-5.5011e-06,2.5239e-05
-0.0005491,-0.0001053,-1.4678e-05,-1.8617e-06,8.5414e-06
-0.00056375,-0.00010811,-4.3946e-06,-5.5739e-07,2.5573e-06
-0.00037142,-7.1225e-05,0,0,0
-0.00018727,-3.5912e-05,6.6159e-08,8.3914e-09,-3.85e-08
-7.7373e-05,-1.4837e-05,0.00087462,0.00011093,-0.00050897
-2.7293e-05,-5.2337e-06,0.0018202,0.00023086,-0.0010592
-8.4579e-06,-1.6219e-06,0.0010351,0.00013128,-0.00060234
-2.3522e-06,-4.5107e-07,0.00027986,3.5497e-05,-0.00016286
0.00032872,6.3037e-05,-6.2637e-05,-7.9447e-06,3.6451e-05
0.0022795,0.00043712,-0.00016076,-2.039e-05,9.3549e-05
0.0018853,0.00036153,-0.00013929,-1.7667e-05,8.1058e-05
0.00069752,0.00013376,0.00022972,2.9137e-05,-0.00013368
4.741e-05,9.0914e-06,0.00061295,7.7745e-05,-0.00035669
-0.00018773,-3.6e-05,0.00035554,4.5095e-05,-0.0002069
-0.00020669,-3.9636e-05,9.5072e-05,1.2059e-05,-5.5325e-05
-0.0021617,-4.3877e-06,-2.4032e-05,-3.0481e-06,1.3985e-05
-0.014087,0.00014279,-5.7633e-05,-7.31e-06,3.3539e-05
-0.011621,0.00012376,-4.9938e-05,-6.334e-06,2.9061e-05
-0.0042993,4.5859e-05,8.2359e-05,1.0446e-05,-4.7927e-05
-0.0002949,2.6023e-06,0.00021975,2.7873e-05,-0.00012788
0.0011532,-1.3091e-05,0.00012747,1.6167e-05,-7.4176e-05
0.0012708,-1.421e-05,3.4085e-05,4.3232e-06,-1.9835e-05
0.00086523,-9.6754e-06,-8.6158e-06,-1.0928e-06,5.0138e-06
0.00044638,-4.9916e-06,-2.0662e-05,-2.6208e-06,1.2024e-05
0.00018698,-2.0972e-06,-1.7907e-05,-2.2712e-06,1.042e-05
-0.010027,2.7811e-05,-1.0776e-05,-1.3668e-06,6.271e-06
-0.020986,5.9205e-05,-5.0906e-06,-6.4567e-07,2.9624e-06
-0.01194,3.3736e-05,-1.9986e-06,-2.535e-07,1.163e-06
-0.0032299,9.1393e-06,-6.7636e-07,-8.5787e-08,3.9359e-07
0.0007229,-2.0455e-06,-2.0251e-07,-2.5685e-08,1.1784e-07
0.0018553,-5.2498e-06,3.0487e-09,3.8669e-10,-1.7741e-09
0.0016078,-4.5496e-06,4.0303e-05,5.1119e-06,-2.3454e-05
0.0009676,-2.7379e-06,8.3875e-05,1.0638e-05,-4.8809e-05
0.00045709,-1.2934e-06,4.7697e-05,6.0497e-06,-2.7756e-05
0.00017946,-5.0779e-07,1.2896e-05,1.6357e-06,-7.5047e-06
6.0731e-05,-1.7184e-07,-2.8864e-06,-3.661e-07,1.6797e-06
-2.2163e-05,6.2713e-08,-7.4078e-06,-9.3958e-07,4.3108e-06
-0.0050603,1.4319e-05,-6.4198e-06,-8.1427e-07,3.7359e-06
-0.0071962,2.0362e-05,-3.8634e-06,-4.9003e-07,2.2483e-06
-0.0035136,9.942e-06,-1.825e-06,-2.3148e-07,1.0621e-06
-0.00075883,2.1472e-06,-7.1653e-07,-9.0882e-08,4.1697e-07
0.0004013,-1.1355e-06,-2.4249e-07,-3.0756e-08,1.4111e-07
0.00067373,-1.9064e-06,-7.1508e-08,-9.0699e-09,4.1613e-08
0.00053313,-1.5085e-06,1.4449e-05,1.8327e-06,-8.4085e-06
0.00030373,-8.5943e-07,3.007e-05,3.814e-06,-1.7499e-05
0.00013776,-3.8981e-07,1.71e-05,2.1689e-06,-9.951e-06
5.2372e-05,-1.4819e-07,4.6235e-06,5.8643e-07,-2.6906e-06
1.7263e-05,-4.8848e-08,-1.0348e-06,-1.3125e-07,6.0219e-07
5.0563e-06,-1.4307e-08,-2.6558e-06,-3.3685e-07,1.5455e-06
0,0,-2.3016e-06,-2.9193e-07,1.3394e-06
0,0,-1.3851e-06,-1.7568e-07,8.0603e-07
0,0,-6.5431e-07,-8.299e-08,3.8076e-07
0,0,-2.5689e-07,-3.2583e-08,1.4949e-07
0,0,-8.6935e-08,-1.1027e-08,5.059e-08
0,0,-2.6029e-08,-3.3014e-09,1.5147e-08
0,0,0,0,0
0,0,0,0,0
0,0,0,0,0
0,0,0,0,0
0,0,0,0,0
