0,0,0,0,0
0,0,0,0,0
0,0,0,0,0
0,0,0,0,0
0,0,0,0,0
0,0,0,0,0
0,0,0,0,0
0,0,0,0,0
-0.00065568,0,0,0,0
-0.013078,0,0,0,0
-0.013787,0,0,0,0
-0.0058497,0,0,0,0
-0.00088475,0,0,0,0
0.0010604,0,0,0,0
0.0013879,0,0,0,0
0.0010144,0,0,0,0
0.0006774,0,0,0,0
0.0057711,0,0,0,0
0.0068044,0,0,0,0
0.0030822,0,0,0,0
0.00057411,0,0,0,0
-0.00044491,0,0,0,0
-0.00065091,0,0,0,0
-0.00049442,0,0,0,0
-0.00027445,0,0,0,0
-0.00012207,0,0,0,0
-4.5688e-05,0,0,0,0
-1.4868e-05,0,0,0,0
0.00019622,0.0035648,0,0,0
0.0013905,0.024719,0,0,0
0.0011501,0.020445,0,0,0
0.00042551,0.0075642,-9.5057e-07,0,-9.5057e-07
2.8921e-05,0.00051412,-0.012566,0,-0.012566
-0.00011452,-0.0020358,-0.026152,0,-0.026152
-0.00012609,-0.0022414,-0.014872,0,-0.014872
-6.1835e-05,0.0034751,-0.004021,0,-0.004021
0.00022153,0.05457,0.00089996,0,0.00089996
0.00022811,0.051052,0.0023097,0,0.0023097
9.1111e-05,0.020244,0.0020035,-2.0532e-06,0.0020015
8.9198e-06,0.0022557,0.025815,-0.027143,-0.0013287
-2.229e-05,-0.0045301,0.051785,-0.056488,-0.0047029
-2.5882e-05,-0.0053899,0.029348,-0.032123,-0.0027746
-1.34e-05,-0.002367,0.0079503,-0.0086853,-0.00073499
4.3951e-05,0.013841,-0.0017399,0.0019439,0.00020406
4.5613e-05,0.01385,-0.0045234,0.004989,0.00046562
1.8212e-05,0.0055172,-0.0039201,0.0043236,0.00040352
1.7438e-06,0.00055734,-0.0023591,0.0026019,0.00024284
-4.5102e-06,-0.001322,-0.0011144,0.0012287,0.00011449
-5.2175e-06,-0.001543,-0.00050289,-0.0049893,-0.0029789
-3.6773e-06,-0.0010875,-0.00028409,-0.011224,-0.0062779
-1.9426e-06,-0.00057449,-0.00012168,-0.0064268,-0.0035741
-8.3202e-07,-0.00024606,-2.0914e-05,-0.0017509,-0.00096761
6.7384e-07,-0.00052075,4.6809e-06,0.00039188,0.00021657
1.0707e-05,-0.0048034,1.2013e-05,0.0010057,0.00055581
1e-05,-0.0044403,1.0733e-05,0.00087119,0.00048163
3.9736e-06,-0.0017564,0.0042657,-0.0048511,-0.00031973
4.4745e-07,-0.00019778,0.0088671,-0.010939,-0.0011317
-8.82e-07,0.00038986,0.0050419,-0.0062645,-0.00066768
-7.2063e-07,0.0055944,0.0013633,-0.0016872,-0.00017687
1.5552e-06,0.035897,-0.00030493,0.00039484,4.9105e-05
1.5078e-06,0.029592,-0.00078288,0.00098805,0.00011205
5.3502e-07,0.010958,-0.00067847,0.00085627,9.7102e-05
-1.3143e-08,0.00076671,-0.0004083,0.0005153,5.8436e-05
-2.0847e-07,-0.0029208,-0.00019288,0.00024342,2.7605e-05
-2.1373e-07,-0.0032229,-7.7067e-05,9.5488e-05,9.4217e-06
-1.4179e-07,-0.002196,-0.017765,-0.0010513,-0.018717
-7.3149e-08,-0.001133,-0.036925,-0.0022456,-0.038959
-3.0765e-08,-0.0004765,-0.020994,-0.0012825,-0.022156
-0.0004598,-3.7137e-05,-0.0056763,-0.00034676,-0.0059904
-0.019822,0.0056967,0.0012705,7.761e-05,0.0013407
-0.024068,0.0069666,0.0032606,0.00019918,0.003441
-0.010944,0.0031746,0.0028257,0.00017262,0.002982
-0.0020282,0.00058834,0.0017005,0.00010388,0.0017946
0.0015944,-0.0004625,0.00080303,4.9056e-05,0.00084746
0.0023326,-0.00067665,-0.0032608,-0.0001992,-0.0034412
0.0017718,-0.00051397,-0.0073356,-0.00044812,-0.0077415
0.00098351,-0.0002853,-0.0042002,-0.00025659,-0.0044326
0.00043744,-0.0001269,-0.0011443,-6.9903e-05,-0.0012076
-0.00055489,0.0090729,0.00025611,1.5646e-05,0.00027028
-0.0049298,0.063228,0.0006573,4.0154e-05,0.00069367
-0.004106,0.052303,0.0005672,3.2418e-05,0.0006011
-0.0015248,0.019353,-0.031794,-0.031439,-0.00039904
-0.00010364,0.0013154,-0.066718,-0.065461,-0.0014124
0.00041039,-0.0052085,-0.037969,-0.037227,-0.00083329
0.00045185,-0.0057347,-0.010262,-0.010065,-0.00022074
0.00030765,-0.0039046,0.002308,0.0022535,6.1285e-05
0.00015872,-0.0020144,0.0059068,0.0057824,0.00013984
-7.8112e-05,0.001633,0.005119,0.0050112,0.00012119
-0.00098067,0.016896,0.0030806,0.0030157,7.2931e-05
-0.00082335,0.01413,0.0014552,0.0014246,3.4452e-05
-0.00030529,0.0052362,0.00057163,0.00055961,1.3514e-05
-2.0893e-05,0.00035771,0.0040193,0.0041516,-0.0001488
8.2732e-05,-0.0014164,0.00802,0.0083027,-0.00031781
9.1089e-05,-0.0015595,0.0045278,0.0046892,-0.00018151
6.202e-05,-0.0010618,0.0012242,0.0012679,-4.9076e-05
3.1997e-05,-0.00054782,-0.000274,-0.00028377,1.0984e-05
1.3457e-05,-0.0002304,-0.00070321,-0.00072829,2.819e-05
-1.2534e-05,0.00080755,-0.00060942,-0.00063115,2.443e-05
-0.00019053,0.0098254,-0.00036675,-0.00037983,1.4702e-05
-0.00017782,0.0091367,-0.00017325,-0.00017943,6.9452e-06
-7.0636e-05,0.0036236,-6.6705e-05,-7.1639e-05,2.7244e-06
-7.9541e-06,0.00040804,0.017336,-0.015813,-2.9996e-05
1.5679e-05,-0.00080431,0.036119,-0.032865,-6.4069e-05
1.8698e-05,-0.00095917,0.020543,-0.018685,-3.6591e-05
1.3178e-05,-0.00067602,0.0055545,-0.0050521,-9.8934e-06
-0.0016907,-0.0001777,-0.0012432,0.0011307,2.2143e-06
-0.018788,0.001833,-0.0031906,0.002902,5.6829e-06
-0.017441,0.0017878,-0.002765,0.002515,4.925e-06
-0.0069117,0.00071285,-0.001664,0.0015135,2.9638e-06
-0.00077823,7.7253e-05,-0.00078606,0.00071496,1.4001e-06
0.0015342,-0.00016214,-0.00030861,0.0002807,5.4969e-07
0.0018296,-0.00019336,-0.00010418,9.4753e-05,1.8555e-07
0.0012895,-0.00013628,0.0034681,-0.0031545,-6.1773e-06
0.00068119,-7.1991e-05,0.0072826,-0.0066239,-1.2971e-05
0.00029176,-3.0834e-05,0.0041414,-0.0037668,-7.3764e-06
0.00010595,-1.1197e-05,0.0011197,-0.0010185,-1.9944e-06
0.0037353,5.7329e-05,-0.00025062,0.00022795,4.4639e-07
0.025678,0.00042117,-0.0006432,0.00058502,1.1456e-06
0.02123,0.00034918,-0.00055741,0.00050699,9.9283e-07
0.0078546,0.00012919,-0.00033545,0.00030511,5.9749e-07
0.00053386,8.7807e-06,-0.00015846,0.00014413,2.8225e-07
-0.002114,-3.4769e-05,-6.216e-05,5.6538e-05,1.1072e-07
-0.0023275,-3.8282e-05,0.0006844,-0.0006225,-1.219e-06
-0.0015847,-2.6065e-05,0.0014618,-0.0013296,-2.6037e-06
-0.00081758,-1.3447e-05,0.00083487,-0.00075936,-1.487e-06
-0.00034386,-5.6556e-06,0.00022573,-0.00020531,-4.0206e-07
-0.00012305,-2.0239e-06,-5.0522e-05,4.5953e-05,8.9988e-08
0.00070763,0.0052875,-0.00012966,0.00011794,2.3095e-07
0.0051637,0.03667,-0.00011237,0.00010221,2.0015e-07
0.0042797,0.030329,-6.7624e-05,6.1508e-05,1.2045e-07
0.0015834,0.011221,-3.1945e-05,2.9056e-05,5.6898e-08
0.00010762,0.00076267,-1.3938e-05,1.1398e-05,-1.3845e-06
-0.00042616,-0.00302,-0.01846,-0.00012549,-0.018598
-0.0004692,-0.003325,-0.03841,-0.00026803,-0.038705
-0.00031947,-0.002264,-0.021842,-0.00015308,-0.02201
-0.00016482,-0.001168,-0.0059055,-4.1389e-05,-0.0059511
-6.9319e-05,-0.00049123,0.0013218,9.2637e-06,0.001332
0.00012563,0.005667,0.0033922,2.3775e-05,0.0034184
0.0010354,0.040461,0.0029398,2.0604e-05,0.0029625
0.00086057,0.033494,0.0017702,1.3671e-05,0.0017825
0.0003192,0.012398,0.013954,0.016819,-0.0029071
2.1696e-05,0.00084267,0.027629,0.034991,-0.007472
-0.0029074,-0.0021589,0.015636,0.019898,-0.0043252
-0.01966,0.0044939,0.0042309,0.00538,-0.0011662
-0.016246,0.0042539,-0.0009393,-0.0012038,0.00026846
-0.0060202,0.0012088,0.00023338,0.0002991,-6.6701e-05
-0.0004209,-0.00037289,0.003414,0.0043754,-0.00097573
0.0016063,-0.00086689,0.0018722,0.0023994,-0.00053508
0.0017725,-0.00080152,0.00025217,0.00032318,-7.2071e-05
0.0011341,-0.00049075,-0.00042262,-0.00054164,0.00012079
-0.0025397,0.0010602,-0.000565,-0.00072412,0.00016148
-0.0035782,0.0014938,-0.00044487,-0.00057016,0.00012715
-0.0016524,0.00068981,-0.0002535,-0.0003249,7.2453e-05
-0.00029421,0.00012282,-0.00011975,-0.00015348,3.4226e-05
0.00026267,-0.00010965,-4.7016e-05,-6.0257e-05,1.3437e-05
0.00037219,-0.00015538,-1.5871e-05,-2.034e-05,4.5359e-06
0.00028271,-0.00011802,0.00052836,0.00067716,-0.00015101
0.00015693,-6.5512e-05,0.0011095,0.0014219,-0.00031709
3.4649e-05,-0.0013914,0.00063092,0.00080861,-0.00018032
-0.000675,-0.027183,0.00017059,0.00021863,-4.8755e-05
-0.0007306,-0.028647,-3.818e-05,-4.8933e-05,1.0912e-05
-0.00031114,-0.012155,-9.7988e-05,-0.00012558,2.8006e-05
-4.7431e-05,-0.0018382,-8.4919e-05,-0.00010883,2.427e-05
5.6845e-05,0.002203,-5.1104e-05,-6.5497e-05,1.4606e-05
7.4404e-05,0.0028835,-2.2935e-05,-3.093e-05,8.0951e-06
5.4382e-05,0.0021076,0.015932,0.00012559,0.015806
2.9437e-05,0.0011408,0.033172,0.00028254,0.032888
1.2845e-05,0.00049781,0.018865,0.00016178,0.018702
4.7348e-06,0.0001835,0.0051008,4.4074e-05,0.0050566
-1.221e-05,-0.0028451,-0.0011417,-9.8645e-06,-0.0011318
-0.00015156,-0.032127,-0.00293,-2.5317e-05,-0.0029046
-0.00014108,-0.029836,-0.0025392,-2.194e-05,-0.0025172
-5.5909e-05,-0.011824,-0.0015281,-1.3204e-05,-0.0015149
-6.2957e-06,-0.0013314,-0.00072186,-6.2372e-06,-0.0007156
1.241e-05,0.0026244,-0.00028341,-2.4488e-06,-0.00028095
1.4799e-05,0.0031297,-9.4602e-05,-8.2661e-07,-9.3773e-05
1.043e-05,0.0022058,0.017259,2.7519e-05,0.017232
5.51e-06,0.0011652,0.035978,5.7786e-05,0.03592
2.36e-06,0.00049908,0.020459,3.2861e-05,0.020426
8.5698e-07,0.00018123,0.0055318,8.8849e-06,0.0055229
-2.4962e-06,0.0026487,-0.0012381,-1.9886e-06,-0.0012361
-3.0564e-05,0.028697,-0.0031775,-5.1037e-06,-0.0031724
-2.8441e-05,0.026622,-0.0027537,-4.423e-06,-0.0027493
-1.1271e-05,0.01055,-0.0016572,-2.6617e-06,-0.0016545
-1.2692e-06,0.001188,-0.00078285,-1.2574e-06,-0.00078158
2.5017e-06,-0.0023417,-0.00030851,-1.9191e-06,-0.00030659
2.9834e-06,-0.0027925,-0.015468,-0.018844,0.0033756
2.1027e-06,-0.0019682,-0.032006,-0.039216,0.00721
1.1108e-06,-0.0010397,-0.018183,-0.022301,0.0041178
4.7575e-07,-0.00044531,-0.0049163,-0.0060297,0.0011134
1.7276e-07,-0.00016171,0.0011004,0.0013495,-0.00024919
-2.3313e-07,0.00021822,0.002824,0.0034635,-0.00063954
-5.7284e-06,0.005362,0.0024474,0.0030016,-0.00055424
-6.0551e-06,0.0056677,0.0014728,0.0018064,-0.00033354
-2.5692e-06,0.0024048,0.00069575,0.00085331,-0.00015756
-3.8858e-07,0.00036372,0.00027292,0.00033473,-6.1807e-05
4.6571e-07,-0.00043591,-0.0030049,-0.0036854,0.0006805
6.0955e-07,-0.00057056,-0.0064182,-0.0078717,0.0014535
4.4553e-07,-0.00041702,-0.0036656,-0.0044957,0.00083011
5.179e-08,0.0088634,-0.00099109,-0.0012155,0.00022445
-1.2079e-06,0.062929,0.00022182,0.00027206,-5.0235e-05
-1.0473e-06,0.052092,0.0005693,0.00069822,-0.00012892
-3.8936e-07,0.019275,0.00049337,0.0006051,-0.00011173
-2.3737e-08,0.0013075,0.00029691,0.00036415,-6.7239e-05
1.0815e-07,-0.0051907,0.00014026,0.00017202,-3.1763e-05
1.1907e-07,-0.0057151,5.7395e-05,6.5102e-05,-1.246e-05
8.1073e-08,-0.0038913,0.03081,-0.032159,0.00013718
4.1827e-08,-0.0020075,0.064086,-0.066966,0.00029301
1.7591e-08,-0.00084433,0.03644,-0.038085,0.00016734
6.295e-09,-0.00030214,0.0098527,-0.010297,4.5246e-05
-2.0705e-08,0.005441,-0.0022052,0.0023048,-1.0127e-05
-2.5048e-07,0.061248,-0.0056595,0.0059151,-2.599e-05
-2.3301e-07,0.056875,-0.0049047,0.0051261,-2.2524e-05
-9.2336e-08,0.022538,-0.0029516,0.0030849,-1.3555e-05
-1.0398e-08,0.002538,-0.0013943,0.0014573,-6.4031e-06
2.0495e-08,-0.0050027,-0.00054742,0.00057214,-2.5139e-06
2.4442e-08,-0.005966,-0.00018279,0.00019114,-8.486e-07
1.7226e-08,-0.0042048,0.032541,-0.032819,2.8251e-05
9.1e-09,-0.0022212,0.067837,-0.06842,5.9323e-05
3.8976e-09,-0.00095136,0.038577,-0.038908,3.3735e-05
-6.2806e-09,0.001533,0.01043,-0.01052,9.1213e-06
-5.2917e-08,0.012916,-0.0023345,0.0023545,-2.0415e-06
-4.401e-08,0.010742,-0.0059908,0.0060423,-5.239e-06
-1.633e-08,0.003986,0.001379,-0.0013908,1.2059e-06
-1.1099e-09,0.00027092,0.010551,-0.010641,9.2265e-06
4.395e-09,-0.0010728,0.0063006,-0.0063548,5.5099e-06
3.2876e-09,0.0068974,0.0015231,-0.0015362,1.332e-06
-7.4634e-09,0.055216,-0.00066673,0.00067246,-5.8305e-07
-7.198e-09,0.045918,-0.0012685,0.0012753,-1.1075e-06
-2.5771e-09,0.016968,-0.026865,-0.027424,2.431e-07
3.2073e-11,0.0011027,-0.054361,-0.058633,1.86e-06
9.6623e-10,-0.0046332,-0.030853,-0.033404,1.1108e-06
9.9804e-10,-0.0050851,-0.0083783,-0.008995,2.6852e-07
0.0035648,-0.00183,0.0018095,0.0020795,-1.1754e-07
0.024719,0.0095088,0.0047337,0.0052465,-2.2328e-07
0.020445,0.0085898,0.0041126,0.0045364,-1.8453e-07
0.0075642,0.0031872,0.002475,0.00273,-1.1105e-07
0.00051412,0.00015066,0.0011687,0.0012892,-5.244e-08
-0.0020358,-0.00095372,-0.0047458,-0.0052349,2.1294e-07
-0.0022414,-0.001024,-0.010676,-0.011777,4.7904e-07
-0.0015261,-0.00069722,-0.0061131,-0.0067431,2.7429e-07
-6.8727e-05,0.0011806,-0.0016654,-0.0018371,7.4726e-08
0.0046521,0.01053,0.00037275,0.00041117,-1.6725e-08
0.004003,0.00878,0.0009591,0.0010577,-4.292e-08
0.0014877,0.0032515,0.033206,0.033184,9.8796e-09
9.3204e-05,0.00021738,0.067879,0.067705,7.5588e-08
-0.0004104,-0.00087966,0.038553,0.038449,4.514e-08
-0.00045186,-0.00096852,0.010453,0.010428,1.0912e-08
-0.00016279,0.0046418,-0.0022874,-0.0022765,-4.7767e-09
0.00084585,0.03642,-0.0059416,-0.0059208,-9.0738e-09
0.0007641,0.03026,-0.0051573,-0.0051401,-7.499e-09
0.00028351,0.011198,-0.0031037,-0.0030933,-4.5129e-09
1.3402e-05,0.0007485,-0.0014661,-0.0014612,-2.1318e-09
-8.4837e-05,-0.003032,-0.00057645,-0.0005732,-1.3316e-06
-9.109e-05,-0.0033333,-0.011261,0.006311,-0.017593
-6.2021e-05,-0.0022695,-0.023088,0.01348,-0.036612
-3.1997e-05,-0.0011709,-0.013096,0.0076986,-0.02082
0.0012745,0.00014242,-0.0035409,0.0020815,-0.0056294
0.014252,0.006851,0.00079251,-0.00046588,0.0012599
0.013231,0.0064675,0.0020339,-0.0011957,0.0032336
0.0052435,0.0025693,0.0017627,-0.0010362,0.0028023
0.0005905,0.00029107,0.0010606,-0.00062348,0.0016862
-0.001164,-0.00057374,-0.0017297,0.0010168,-0.0027499
-0.0013881,-0.00068421,-0.0044458,0.0026135,-0.007068
-0.00097832,-0.00048223,-0.0025735,0.0015128,-0.0040914
-0.0005168,-0.00025474,-0.00069388,0.0004079,-0.0011031
0.00021571,0.00074799,0.00015976,-9.3918e-05,0.000254
0.0029504,0.0059038,0.00041002,-0.00024104,0.00065187
0.0024811,0.0049031,0.00035534,-0.00020889,0.00056493
0.00092017,0.0018151,0.00021384,-0.00012571,0.00033997
6.3035e-05,0.00012361,0.00010102,-5.9384e-05,0.0001606
-0.0002496,-0.00048948,3.966e-05,-2.3314e-05,6.3053e-05
-0.00027482,-0.00053892,1.2038e-05,-7.87e-06,2.1113e-05
-0.00018712,-0.00036694,-0.01829,0.000262,-0.0029705
-9.6535e-05,-0.00018931,-0.038071,0.00055017,-0.0061952
-4.0601e-05,-7.9619e-05,-0.02165,0.00031286,-0.003523
-1.4529e-05,-2.8491e-05,-0.0058537,8.4592e-05,-0.00095255
-0.0027683,0.00016385,0.0013102,-1.8933e-05,0.0002132
-0.019166,0.0011956,0.0033622,-4.8587e-05,0.00054712
-0.01585,0.00099095,-0.00077392,1.1184e-05,-0.00012594
-0.0058644,0.00036663,-0.0059212,8.5568e-05,-0.00096354
-0.00039859,2.4919e-05,-0.0035361,5.1099e-05,-0.00057541
-0.0025436,-6.3843e-05,-0.00085482,1.2353e-05,-0.0001391
-0.026845,0.00013289,0.00037418,-5.4073e-06,6.0889e-05
-0.022457,0.0001258,0.00071074,-1.0271e-05,0.00011566
-0.0081359,3.5747e-05,-0.00015602,2.2546e-06,-2.5388e-05
-0.00033774,-1.1027e-05,-0.0011937,1.725e-05,-0.00019424
0.0024458,-2.5636e-05,-0.00071284,1.0301e-05,-0.000116
0.0026206,-2.3703e-05,-0.00017232,2.4903e-06,-2.8042e-05
-0.00191,-8.3963e-06,7.5432e-05,-1.0901e-06,1.2275e-05
-0.024627,4.0998e-05,0.00014329,-2.0707e-06,2.3317e-05
-0.020739,3.7036e-05,0.00011842,-1.7113e-06,1.927e-05
-0.0076775,1.3742e-05,7.1267e-05,-1.0299e-06,1.1597e-05
-0.00048817,6.4959e-07,3.3666e-05,-4.865e-07,5.4783e-06
0.0021152,-4.112e-06,1.3206e-05,-1.9084e-07,2.149e-06
0.0023156,-4.4151e-06,-0.0001454,2.1012e-06,-2.3661e-05
0.0015767,-3.0062e-06,-0.00031056,4.4879e-06,-5.0537e-05
0.00081342,-1.5509e-06,-0.00017737,2.5631e-06,-2.8862e-05
-0.00040031,-0.0014251,-4.7957e-05,6.9302e-07,-7.8038e-06
-0.0050257,-0.0098782,1.0733e-05,-1.5511e-07,1.7466e-06
-0.0042195,-0.0081698,2.7547e-05,-3.9808e-07,4.4826e-06
-0.0015646,-0.0030227,2.3873e-05,-3.4499e-07,3.8848e-06
-0.00010707,-0.00020545,1.4745e-05,-2.0758e-07,2.7177e-06
0.00042398,0.00081351,0.0050031,3.3854e-07,0.0050227
0.00046681,0.00089569,0.010401,8.7013e-07,0.010451
0.00031784,0.00060985,0.0059138,5.0368e-07,0.005943
0.00016398,0.00031463,0.001599,1.3581e-07,0.0016069
2.3085e-05,4.4295e-05,-0.00035782,-3.1269e-08,-0.00035963
-0.00089047,-0.0017086,-0.00091833,-8.025e-08,-0.00092298
-0.00095697,-0.0018362,-0.00079585,-6.9547e-08,-0.00079988
-0.00040715,-0.00078122,-0.00047894,-4.1853e-08,-0.00048137
-6.191e-05,-0.00011879,-0.00022625,-1.9771e-08,-0.00022739
7.4197e-05,0.00014236,-8.8827e-05,-7.7623e-09,-8.9277e-05
9.7116e-05,0.00018634,-2.9984e-05,-2.6202e-09,-3.0136e-05
7.0983e-05,0.0001362,0.00099822,8.7231e-08,0.0010033
3.8422e-05,7.3722e-05,0.0020961,1.8317e-07,0.0021067
1.6766e-05,3.217e-05,0.001192,1.0416e-07,0.001198
6.1802e-06,1.1858e-05,0.00032229,2.8164e-08,0.00032392
1.9861e-06,3.8108e-06,-7.2134e-05,-6.3035e-09,-7.2499e-05
-2.9602e-05,0.0022247,-0.00018513,-1.6178e-08,-0.00018607
-0.00020922,0.015419,-0.00016044,-1.402e-08,-0.00016125
-0.00017304,0.012753,-9.6551e-05,-8.4373e-09,-9.704e-05
-6.4021e-05,0.0047182,-4.6507e-05,9.0856e-07,-4.5825e-05
-4.3514e-06,0.00032069,-0.011879,0.012064,0.00018608
1.723e-05,-0.0012698,-0.024689,0.025106,0.00041861
1.8971e-05,-0.0013981,-0.014038,0.014277,0.00023969
6.8346e-06,-0.0037833,-0.0037952,0.0038601,6.53e-05
-3.5512e-05,-0.020125,0.00084942,-0.00086397,-1.4615e-05
-3.208e-05,-0.016445,0.00218,-0.0022173,-3.7509e-05
-1.1903e-05,-0.0060818,0.0018893,-0.0019216,-3.2507e-05
-5.6267e-07,-0.00043153,0.001137,-0.0011564,-1.9562e-05
3.5618e-06,0.0016104,0.00053778,-0.0005461,-8.3635e-06
3.8244e-06,0.0017803,0.0093809,0.0022175,0.011599
2.6039e-06,0.0012121,0.019155,0.0049885,0.024144
1.3434e-06,0.00062536,0.010874,0.0028564,0.01373
5.65e-07,0.00026301,0.0029342,0.00077817,0.0037125
-0.0042787,-0.00047666,-0.00065673,-0.00017417,-0.00083091
-0.029672,-0.0039284,-0.0016855,-0.000447,-0.0021325
-0.024541,-0.0032652,-0.0014605,-0.00038734,-0.0018479
-0.0090796,-0.0012111,0.00096957,0.00025714,0.0012267
-0.00061712,-8.2319e-05,0.0034319,0.00091015,0.0043421
0.0024437,0.00032596,0.0020247,0.00053696,0.0025617
0.0026905,0.00035889,0.00053634,0.00014224,0.0006786
0.0018319,0.00024436,-0.00014891,-3.9492e-05,-0.00018841
8.2496e-05,0.003148,-0.00033978,-9.0111e-05,-0.00042989
-0.0055841,0.021008,-0.00029569,-7.9339e-05,-0.00037252
-0.004805,0.01735,-0.016392,-0.016536,0.0002473
-0.0017858,0.0064182,-0.033829,-0.034337,0.00087533
-0.00011188,0.00043751,-0.019222,-0.019522,0.00051642
0.00049262,-0.0017258,-0.0051996,-0.005279,0.0001368
0.00036849,0.00206,0.0011579,0.00118,-3.7981e-05
-0.00083654,0.026167,0.0029792,0.0030295,-8.6656e-05
-0.00080679,0.022044,-0.012498,-0.01251,1.9947e-05
-0.00028886,0.0081222,-0.029831,-0.02992,0.00015261
3.5949e-06,0.00047068,-0.017114,-0.017166,9.1137e-05
0.0001083,-0.0022931,-0.0045374,-0.0045502,2.2032e-05
7.681e-05,-0.0017005,0.0011776,0.0011832,-9.6441e-06
-0.00016864,0.0038404,0.0028012,0.0028118,-1.832e-05
-0.00016264,0.0037039,0.002402,0.0024108,-1.5139e-05
-5.8231e-05,0.0013261,-0.0015946,-0.0016004,1.005e-05
7.247e-07,-1.6504e-05,-0.0056441,-0.0056648,3.5573e-05
2.1832e-05,-0.00049719,-0.0033299,-0.003342,2.0987e-05
2.2551e-05,-0.00051356,-0.00088208,-0.00088531,5.5594e-06
1.081e-05,0.00060092,0.0002449,0.0002458,-1.5435e-06
-3.8727e-05,0.010258,0.0005588,0.00056085,-3.5219e-06
-3.9877e-05,0.0096112,0.00048427,0.00048604,-3.0522e-06
-1.5928e-05,0.0038116,0.00029177,0.00029207,-1.8365e-06
-1.5593e-06,0.00042387,0.0045513,-0.0055035,2.9951e-06
3.8967e-06,-0.00085427,0.0092393,-0.011687,7.6982e-06
4.5245e-06,-0.001016,0.0052416,-0.0066583,4.4562e-06
3.1889e-06,-0.00071605,0.0014178,-0.0017997,1.2015e-06
-0.0025404,-0.00018822,-0.00031609,0.00040404,-2.7664e-07
-0.028138,0.0019415,-0.00081124,0.0010369,-7.0999e-07
-0.026118,0.0018937,-0.00070304,0.00089865,-6.153e-07
-0.01035,0.00075506,-0.00042302,0.00054072,-3.7023e-07
-0.0011655,8.1828e-05,0.00068989,-0.00088184,6.0379e-07
0.0022974,-0.00017174,0.0017732,-0.0022666,1.5519e-06
0.0027397,-0.00020481,0.0010264,-0.001312,8.9832e-07
0.0019309,-0.00014435,0.00027675,-0.00035375,2.4221e-07
-0.00033954,-3.7943e-05,-6.3722e-05,8.1451e-05,-5.5769e-08
-0.014612,0.00039139,-0.00016354,0.00020904,-1.4313e-07
-0.01381,0.00038175,-0.00014173,0.00018116,-1.2404e-07
-0.005485,0.00015221,-8.5291e-05,0.00010902,-7.4646e-08
-0.00060902,1.6496e-05,-4.0291e-05,5.1501e-05,-3.5262e-08
0.0012287,-3.4622e-05,-1.5805e-05,2.0202e-05,-1.3832e-08
0.0014652,-4.1288e-05,0.00017401,-0.00022243,1.523e-07
0.0010327,-2.91e-05,0.00037168,-0.00047509,3.2529e-07
0.00054552,-1.5372e-05,0.00021227,-0.00027133,1.8578e-07
0.00023365,-6.584e-06,5.7394e-05,-7.3363e-05,5.0231e-08
-0.00037651,0.0020069,-1.2846e-05,1.642e-05,-1.1243e-08
-0.0031722,0.013932,-3.2968e-05,4.2141e-05,-2.8853e-08
-0.0026383,0.011523,-2.9101e-05,3.7049e-05,-2.5003e-08
-0.00097895,0.0042635,-0.0070182,0.0070129,1.6598e-08
-6.6538e-05,0.00028978,-0.014578,0.014559,5.875e-08
0.00026347,-0.0011475,-0.0082885,0.0082775,3.4661e-08
-0.0023064,-0.0010227,-0.0022413,0.0022383,9.1816e-09
-0.028543,0.0018033,0.00050107,-0.00050026,-2.5492e-09
-0.026575,0.0020285,0.0012868,-0.0012849,-5.8166e-09
-0.010529,0.00079306,0.0011152,-0.0011136,-5.0408e-09
-0.0011751,4.353e-05,0.00067111,-0.00067015,-3.0336e-09
0.0023513,-0.00023841,0.00031703,-0.00031657,-1.433e-09
0.0027997,-0.00026521,0.00012436,-0.00012418,-5.6214e-10
0.0019722,-0.00018278,-0.0013692,0.0013673,6.1892e-09
0.0010419,-9.6553e-05,-0.0029245,0.0029203,1.322e-08
0.00044623,-4.1354e-05,-0.0016703,0.0016679,7.5499e-09
0.00016204,-1.5017e-05,-0.0004516,0.00045095,2.0413e-09
5.1437e-05,-4.7668e-06,0.00010108,-0.00010093,-4.5689e-10
-0.0013233,0.0081335,0.00025941,-0.00025903,-1.1726e-09
-0.0063324,0.038504,0.00022481,-0.00022449,-1.0162e-09
-0.0047141,0.028664,0.00013529,-0.0001351,-6.1154e-10
-0.0016254,0.0098832,6.2481e-05,-6.3796e-05,-1.4071e-06
-2.504e-05,0.00015225,-0.018858,0.00025905,-0.018598
0.00052766,-0.0032084,-0.039288,0.00058277,-0.038705
0.00054174,-0.003294,-0.022344,0.00033369,-0.02201
0.00035692,-0.0021702,-0.0060421,9.0908e-05,-0.0059511
-0.0042754,-1.4203e-05,0.0013523,-2.0347e-05,0.0013319
-0.030821,0.0070372,0.0034707,-5.2219e-05,0.0034184
-0.025526,0.0060347,0.0030078,-4.5255e-05,0.0029625
-0.0094458,0.0022423,0.0018101,-2.7234e-05,0.0017828
-0.0006403,0.00014202,0.00085506,-1.2865e-05,0.00084218
0.0025444,-0.00061679,0.00033542,-5.0466e-06,0.00033036
0.0028014,-0.0006791,-0.003693,5.5564e-05,-0.0036374
0.0019074,-0.00046238,-0.0078879,0.00011868,-0.007769
0.00098406,-0.00023855,-0.0045049,6.778e-05,-0.004437
0.00041387,-0.00010033,-0.001218,1.8326e-05,-0.0011997
0.0001481,-3.5902e-05,0.00027262,-4.1017e-06,0.00026851
-0.0013173,0.0037835,0.00069966,-1.0527e-05,0.00068912
-0.0064419,0.017958,0.00060634,-9.1229e-06,0.00059721
-0.0048054,0.013371,0.0003649,-5.4902e-06,0.0003594
-0.0016569,0.0046103,0.00017323,-2.5926e-06,0.00016911
-2.5524e-05,7.1023e-05,0.011364,1.0528e-05,-0.0087316
0.00053788,-0.0014967,0.023532,2.3683e-05,-0.018288
0.00055223,-0.0015366,0.013376,1.3561e-05,-0.010406
0.00036383,-0.0010124,0.0036146,3.6944e-06,-0.0028153
0.00018344,-0.00051044,-0.00080901,-8.2688e-07,0.00063011
-0.00010527,-0.0014895,-0.0020763,-2.1221e-06,0.0016171
-0.0012288,-0.0089404,-0.0017994,-1.8391e-06,0.0014015
-0.0010301,-0.0073559,-0.0010829,-1.1068e-06,0.0008434
-0.00038189,-0.0027194,-0.00051088,-9.9794e-07,0.00039828
-2.6113e-05,-0.0001844,0.0083596,-0.0062811,-0.0016172
0.0001034,0.00073018,0.017747,-0.013071,-0.0036382
0.00011385,0.00080393,0.01011,-0.0074331,-0.0020832
4.1015e-05,0.00028963,0.0027392,-0.0020097,-0.00056754
-0.00021312,-0.0015049,-0.00061307,0.00044982,0.00012702
-0.00019252,-0.0013595,-0.0015733,0.0011543,0.00032597
-7.1432e-05,-0.00050442,0.00036215,-0.00026571,-7.5034e-05
-3.3767e-06,-2.3845e-05,0.0027708,-0.0020329,-0.00057408
2.1375e-05,0.00015094,0.0016547,-0.001214,-0.00034283
2.2951e-05,0.00016207,0.0004,-0.00029348,-8.2878e-05
1.5627e-05,0.00011035,-0.00017509,0.00012847,3.6278e-05
3.6906e-06,2.6061e-05,-0.00033261,0.00024404,6.8914e-05
-4.4994e-05,-0.00031773,-0.00027488,0.00020168,5.6954e-05
-4.3698e-05,-0.00030857,-0.00016543,0.00012137,3.4275e-05
-1.7417e-05,-0.00012299,-7.8145e-05,5.7336e-05,1.6191e-05
-1.8972e-06,-1.3397e-05,-3.0654e-05,2.2491e-05,6.3513e-06
3.9504e-06,2.7896e-05,0.00033751,-0.00024763,-6.9929e-05
4.711e-06,3.3267e-05,0.00072088,-0.00052892,-0.00014936
3.3203e-06,2.3447e-05,0.00041171,-0.00030207,-8.5303e-05
1.754e-06,1.2386e-05,0.00011132,-8.1674e-05,-2.3064e-05
7.5124e-07,5.3049e-06,-2.4915e-05,1.828e-05,5.1622e-06
-6.0842e-07,-4.2964e-06,-6.3943e-05,4.6915e-05,1.3248e-05
-9.6674e-06,-6.8267e-05,-5.5414e-05,4.0658e-05,1.1481e-05
-9.0291e-06,-6.376e-05,-3.3348e-05,2.4468e-05,6.9095e-06
-3.5878e-06,-2.5336e-05,-1.5753e-05,1.1558e-05,3.264e-06
-4.0401e-07,-2.8529e-06,-6.1796e-06,4.534e-06,1.2804e-06
7.9637e-07,5.6236e-06,6.8038e-05,-4.992e-05,-1.4097e-05
9.497e-07,6.7063e-06,0.00014532,-0.00010663,-3.011e-05
6.6935e-07,4.7266e-06,8.2997e-05,-6.0896e-05,-1.7196e-05
-1.0046e-07,0.005412,2.2441e-05,-1.6465e-05,-4.6496e-06
-1.9977e-06,0.025605,-5.0226e-06,3.6851e-06,1.0406e-06
-1.5449e-06,0.019061,-1.289e-05,9.4577e-06,2.6708e-06
-5.3418e-07,0.0065723,-1.0219e-05,7.2449e-06,2.3143e-06
-3.5441e-09,0.00010128,0.012574,-0.012572,-1.5364e-06
1.7908e-07,-0.0021335,0.026178,-0.026171,-5.4381e-06
1.8386e-07,-0.0021905,0.014887,-0.014883,-3.2083e-06
1.2113e-07,-0.0014432,0.0040251,-0.004024,-8.4989e-07
-0.00065563,-0.00050748,-0.0009011,0.0009008,2.3596e-07
-0.013079,0.0040909,-0.0023123,0.0023116,5.3841e-07
-0.013787,0.0045234,-0.0020039,0.0020033,4.666e-07
-0.0058499,0.0019314,-0.001206,0.0012056,2.808e-07
-0.00088478,0.00028795,-0.00056968,0.00056951,1.3265e-07
0.0010604,-0.00035605,-0.00022366,0.00022359,5.2078e-08
0.0013879,-0.00046603,-7.5499e-05,7.5476e-05,1.7579e-08
0.0010144,-0.00034063,0.0025135,-0.0025127,-5.8524e-07
0.00054911,-0.00018438,0.0052779,-0.0052763,-1.2289e-06
-0.00019157,0.0012051,0.0030014,-0.0030005,-6.9885e-07
-0.0029017,0.0088845,0.00081151,-0.00081127,-1.8895e-07
-0.0024446,0.0073631,-0.00018163,0.00018158,4.2291e-08
-0.00090681,0.002725,-0.00046546,0.00046597,-1.9565e-07
-6.2188e-05,0.0001854,0.0086524,-0.00010726,-0.0040213
0.00024625,-0.00073414,0.018604,-0.00082063,-0.0083688
0.00027112,-0.0008083,0.010603,-0.00049006,-0.004759
0.0001846,-0.00055035,0.0028528,-0.00011847,-0.0012867
9.5237e-05,-0.00028393,-0.00066385,5.1858e-05,0.000288
-4.6869e-05,0.00013973,-0.0016691,9.851e-05,0.00073913
-0.00058843,0.0017543,-0.0014426,8.1413e-05,0.00064055
-0.00049403,0.0014729,-0.000868,4.8987e-05,0.00038542
-0.00018318,0.00054613,0.0014156,-7.9891e-05,-0.00062857
-1.2536e-05,3.7375e-05,0.0036384,-0.00020534,-0.0016156
4.9641e-05,-0.000148,0.0021061,-0.00011886,-0.00093519
3.7133e-05,0.001743,0.00056787,-3.2048e-05,-0.00025215
-8.4298e-05,0.013105,-0.00013075,7.3791e-06,5.8058e-05
-8.13e-05,0.010874,-0.00033557,1.8938e-05,0.000149
-2.9108e-05,0.0040201,-0.00028976,1.7437e-05,0.00012912
3.6225e-07,0.00026626,0.013765,0.013561,-8.5715e-05
1.0913e-05,-0.0010911,0.028927,0.028205,-0.00030339
1.1273e-05,-0.0011992,0.016465,0.016039,-0.00017899
7.502e-06,-0.00081596,0.0044494,0.0043366,-4.7415e-05
3.8704e-06,-0.00042096,-0.0010016,-0.00097029,1.3164e-05
1.6278e-06,-0.00017705,-0.0025621,-0.0024907,3.0038e-05
-2.95e-06,0.0028875,-0.0022204,-0.0021585,2.6031e-05
-2.4313e-05,0.020442,-0.0013362,-0.001299,1.5666e-05
-2.0208e-05,0.016918,-0.00062961,-0.00061482,7.3978e-06
-7.4957e-06,0.0062615,0.021161,-0.016107,-3.004e-05
-5.0947e-07,0.00042558,0.044469,-0.033101,-6.7579e-05
2.0174e-06,-0.0016852,0.025311,-0.018802,-3.8694e-05
2.2212e-06,-0.0018554,0.0068502,-0.0050769,-1.0542e-05
-0.0064949,-0.00036007,-0.0015332,0.0011363,2.3594e-06
-0.030748,0.0036235,-0.0039349,0.0029163,6.0554e-06
-0.02289,0.0029086,-0.0034101,0.0025273,5.2477e-06
-0.0078925,0.00099929,-0.0020522,0.0015209,3.1581e-06
-0.00012155,-1.3857e-05,-0.00096943,0.00071848,1.4918e-06
0.0025622,-0.00036489,-0.00038028,0.00028184,5.8521e-07
0.0026306,-0.00036575,0.0041869,-0.0031031,-6.4432e-06
0.0017331,-0.00024097,0.0089429,-0.0066279,-1.3762e-05
0.00087384,-0.0001215,0.0051075,-0.0037853,-7.8598e-06
0.00036104,-5.0198e-05,0.001381,-0.0010235,-2.1251e-06
0.00012735,-1.7707e-05,-0.00030908,0.00022907,4.7564e-07
3.9466e-05,-5.4873e-06,-0.00079324,0.0005879,1.2207e-06
1.0976e-05,-1.5261e-06,-0.00068744,0.00050949,1.0579e-06
0,0,-0.0004137,0.00030661,6.3664e-07
0,0,-0.00019543,0.00014484,3.0074e-07
0,0,-7.6727e-05,5.6865e-05,1.1807e-07
0,0,-2.5966e-05,1.9244e-05,3.9958e-08
0,0,-7.7743e-06,5.7618e-06,1.1964e-08
