0,0,0,0,0
0,0,0,0,0
0,0,0,0,0
0,0,0,0,0
0,0,0,0,0
0,0,0,0,0
0,0,0,0,0
0,0,0,0,0
0,0.00096166,0,0,0
0,0.019182,0,0,0
0,0.020221,0,0,0
0,0.0085796,1.2547e-06,1.2547e-06,0
0,0.0012976,0.016588,0.016588,0
0,-0.0015552,0.03452,0.03452,0
0,-0.0020356,0.019631,0.019631,0
0,-0.0014878,0.0053077,0.0053077,0
0,0.00094613,-0.001188,-0.001188,0
0,0.034584,-0.0030488,-0.0030488,0
0,0.036698,-0.0026422,-0.0026422,0
0,0.015584,-0.0015901,-0.0015901,0
0,0.0023515,-0.00075113,-0.00075113,0
0,-0.0028325,-0.00029321,-0.00029438,-1.1787e-06
0,-0.0037074,0.02232,0.0067378,-0.015582
0,-0.0027097,0.046628,0.0142,-0.032428
0,-0.0014668,0.026533,0.0080919,-0.018441
0,-0.00064005,0.0071739,0.0021879,-0.004986
0,-0.00023593,-0.0016056,-0.00048968,0.001116
0,-7.5819e-05,-0.0041208,-0.0012568,0.0028641
0,0.0028324,-0.0035712,-0.0010891,0.0024821
0,0.019792,-0.0021491,-0.00065544,0.0014937
0,0.016369,-0.0010152,-0.00030962,0.00070561
0,0.0060563,-0.00039859,-0.00012156,0.00027703
0,0.00041164,-0.00013463,-4.1362e-05,9.3265e-05
0,-0.00163,0.0034207,-0.0029744,-0.0063951
0,-0.0017946,0.0072029,-0.0061643,-0.013367
0,-0.0012219,0.0040961,-0.0035054,-0.0076015
0,0.0025633,0.0011075,-0.00094779,-0.0020553
0,0.014851,-0.00024787,0.00021213,0.00046001
0,0.011159,-0.00063616,0.00054443,0.0011806
0,0.0038504,-0.00055131,0.00047181,0.0010231
0,5.1416e-05,-0.00033352,0.00028385,0.00061527
0,-0.0012596,-0.023109,-0.0010868,-0.0056241
0,-0.0012932,-0.047827,-0.0024883,-0.012195
0,-0.00085204,-0.027183,-0.0014271,-0.0069614
0,-0.0004296,-0.0073504,-0.00038535,-0.0018811
0,-0.00017749,0.0016438,8.7442e-05,0.00042361
-0.0025413,0.00045247,0.0042186,0.00022442,0.0010872
-0.028129,0.0056819,0.003656,0.00019449,0.00094217
-0.026109,0.0052865,0.0021994,0.000117,0.00056682
-0.010347,0.0020971,-0.0084217,-0.00044801,-0.0021703
-0.0011651,0.00023614,-0.019281,-0.0010257,-0.0049689
0.0022966,-0.00046548,-0.011059,-0.00058828,-0.0028499
-0.0042688,-1.2436e-05,-0.002986,-0.00015885,-0.00076952
-0.031238,0.0021773,0.00067757,3.6045e-05,0.00017462
-0.023672,0.0017055,0.001739,9.2507e-05,0.00044814
-0.008077,0.00057078,0.0015067,8.0153e-05,0.0003883
2.7439e-05,-2.1988e-05,-0.002993,-0.00015922,-0.00077132
0.0028142,-0.00022423,-0.0076877,-0.00040896,-0.0019812
0.0028519,-0.00022264,-0.0044472,-0.00023657,-0.0011461
0.0018695,-0.00014477,-0.001191,-6.3356e-05,-0.00030692
0.00094261,-7.2995e-05,0.00029634,1.5764e-05,7.637e-05
-0.0024991,0.00019353,0.00071681,3.8132e-05,0.00018473
-0.013535,0.0010481,0.00062121,3.3046e-05,0.00016009
-0.010136,0.00078491,0.00037372,1.9881e-05,9.6311e-05
-0.0034976,0.00027085,-0.001431,-7.6124e-05,-0.00036878
-5.4063e-05,4.1866e-06,-0.0032762,-0.00017428,-0.0008443
0.0032147,-5.2149e-05,-0.001879,-9.9958e-05,-0.00048424
0.024142,0.00030874,-0.00050737,-2.699e-05,-0.00013075
0.022094,0.00031097,0.00011513,6.1245e-06,2.967e-05
0.0088385,0.00011679,0.00029548,1.5718e-05,7.6147e-05
0.001112,4.108e-06,0.00025602,1.3619e-05,6.5978e-05
-0.001819,-3.6988e-05,-0.00050856,-2.7054e-05,-0.00013106
-0.0022192,-4.0239e-05,-0.0013063,-6.9489e-05,-0.00033663
-0.0015715,-2.778e-05,-0.00075564,-4.0198e-05,-0.00019474
-0.00083276,-1.4476e-05,-0.00020237,-1.0765e-05,-5.2151e-05
0.0061601,3.1809e-05,5.0353e-05,2.6786e-06,1.2976e-05
0.030716,0.00017765,0.0001218,6.4792e-06,3.1388e-05
0.022922,0.00013321,0.00010555,5.6151e-06,2.7202e-05
0.0079058,4.5975e-05,6.3501e-05,3.3781e-06,1.6365e-05
0.00012197,7.1138e-07,-0.00024315,-1.2935e-05,-6.2661e-05
-0.0025702,-1.4991e-05,-0.00055668,-2.9613e-05,-0.00014346
-0.0026388,-1.5391e-05,-0.00031928,-1.6984e-05,-8.228e-05
-0.0017386,-1.014e-05,-8.621e-05,-4.5861e-06,-2.2217e-05
0.00017442,0.0011446,1.9562e-05,1.0407e-06,5.0414e-06
0.011271,0.012724,5.0206e-05,2.6708e-06,1.2939e-05
0.01067,0.011811,4.5079e-05,7.3619e-07,1.1211e-05
0.0042395,0.0046807,0.020774,-0.020865,-2.2269e-05
0.00047084,0.00052704,0.04319,-0.043424,-5.7199e-05
-0.00094981,-0.001039,0.024559,-0.024694,-3.3089e-05
-0.0011327,-0.0012391,0.0066404,-0.0066767,-8.8613e-06
-6.9053e-05,0.0009226,-0.0014854,0.0014944,2.2049e-06
0.0046352,0.011992,-0.0038134,0.0038352,5.3334e-06
0.0040018,0.010102,-0.0033054,0.0033243,4.6211e-06
0.0014818,0.003739,-0.010024,0.0099866,-9.1795e-06
8.4356e-05,0.00023623,-0.017662,0.017565,-2.3578e-05
-0.00042238,-0.0010321,-0.0098782,0.0098225,-1.3639e-05
-0.00015793,-0.00038893,-0.002696,0.002681,-3.6527e-06
0.0017723,0.0043645,0.00053809,-0.00053437,9.0888e-07
0.001563,0.003849,0.0014769,-0.0014679,2.1985e-06
0.00057012,0.001404,0.0012799,-0.0012721,1.9052e-06
1.9113e-05,4.7067e-05,0.00077025,-0.00076557,1.1466e-06
-0.00017928,-0.00044148,0.00036361,-0.0003614,5.4126e-07
-0.00019115,-0.00047073,-0.0031694,0.0031501,-4.7178e-06
-0.0001287,-0.00031693,-0.0068447,0.006803,-1.0189e-05
-6.6395e-05,-0.00016351,-0.0039054,0.0038816,-5.8134e-06
-2.7924e-05,-6.8767e-05,-0.0010598,0.0010534,-1.5776e-06
-9.9927e-06,-2.4608e-05,0.00023721,-0.00023577,3.531e-07
-0.0024708,0.00017356,0.00060879,-0.00060509,9.0622e-07
-0.027315,0.0020044,0.00052759,-0.00052438,7.8536e-07
-0.025353,0.0018625,0.0003174,-0.00031547,4.7247e-07
-0.010047,0.00073807,-0.0012153,0.0012079,-1.8091e-06
-0.0011313,8.3111e-05,-0.0027825,0.0027655,-4.1419e-06
0.0022301,-0.00016383,-0.0015959,0.0015862,-2.3755e-06
0.0026594,-0.00019537,-0.00043091,0.00042829,-6.4144e-07
-0.0034026,-1.1911e-05,9.778e-05,-9.7185e-05,1.4555e-07
-0.035602,0.0007995,0.00025095,-0.00024942,3.7355e-07
-0.029841,0.00069025,0.00021748,-0.00021616,3.2373e-07
-0.011043,0.00025559,0.00013084,-0.00013004,1.9476e-07
-0.00071218,1.455e-05,-0.00050097,0.00049792,-7.4573e-07
0.0030275,-7.2853e-05,-0.001147,0.00114,-1.7073e-06
0.0033181,-7.909e-05,-0.00065783,0.00065383,-9.7922e-07
0.0022592,-5.3851e-05,-0.00017762,0.00017654,-2.6441e-07
0.0011103,5.0946e-05,4.0306e-05,-4.0061e-05,5.9998e-08
0.00022885,0.00036095,0.00010344,-0.00010281,1.5398e-07
-1.9145e-05,0.00027323,8.9646e-05,-8.9101e-05,1.3344e-07
-1.2072e-05,9.4338e-05,5.3949e-05,-5.3621e-05,8.0307e-08
1.442e-05,1.1051e-06,2.5467e-05,-2.5313e-05,3.791e-08
2.1778e-05,-3.1051e-05,-0.00022198,0.00022063,-3.3044e-07
2.2359e-05,-3.1879e-05,-0.00047941,0.00047649,-7.1363e-07
1.4731e-05,-2.1003e-05,-0.00027353,0.00027187,-4.0717e-07
0.0042702,1.0783e-05,-7.4232e-05,7.378e-05,-1.105e-07
0.029562,0.00014383,1.6614e-05,-1.6513e-05,2.4732e-08
0.024449,0.00012103,4.2633e-05,-4.2374e-05,6.3462e-08
0.0090455,4.4873e-05,-5.8675e-05,5.8318e-05,-8.7342e-08
0.00061488,2.9494e-06,-0.00017677,0.0001757,-2.6314e-07
-0.0024344,-1.2206e-05,-0.00010267,0.00010204,-1.5283e-07
-0.0026803,-1.3439e-05,-2.6475e-05,2.6314e-05,-3.9409e-08
-0.001825,-9.1501e-06,8.2444e-06,-8.1942e-06,1.2272e-08
-0.00094152,-4.7206e-06,1.7995e-05,-1.7885e-05,2.6786e-08
0.00010695,1.1392e-05,1.5232e-05,-1.514e-05,2.2674e-08
0.0022388,6.2606e-05,9.1668e-06,-9.1111e-06,1.3645e-08
0.0017277,4.6913e-05,4.3303e-06,-4.304e-06,6.446e-09
0.00059855,1.619e-05,1.6971e-06,-1.6868e-06,2.5263e-09
9.413e-06,2.5037e-07,-3.8843e-05,3.8607e-05,-5.7821e-08
-0.00019836,-5.276e-06,-8.1862e-05,8.1364e-05,-1.2186e-07
-0.00020365,-5.4168e-06,-4.665e-05,4.6366e-05,-6.9442e-08
-0.00013418,-3.5688e-06,-1.2613e-05,1.2536e-05,-1.8776e-08
0.00013966,3.7148e-06,2.823e-06,-2.8059e-06,4.2023e-09
0.00095331,2.5356e-05,7.2452e-06,-7.2012e-06,1.0785e-08
0.00072063,1.9168e-05,6.2789e-06,-6.2407e-06,9.3466e-09
0.00024882,6.6181e-06,3.7786e-06,-3.7557e-06,5.6248e-09
3.0304e-06,8.0603e-08,1.7838e-06,-1.7729e-06,2.6552e-09
-8.1766e-05,-2.1748e-06,-1.5548e-05,1.5453e-05,-2.3144e-08
-8.3947e-05,-2.2329e-06,-3.3578e-05,3.3374e-05,-4.9983e-08
-5.5308e-05,-1.4711e-06,-1.9159e-05,1.9042e-05,-2.8519e-08
9.2046e-05,0.0054718,-5.1993e-06,5.1676e-06,-7.7394e-09
0.00040126,0.018835,1.1637e-06,-1.1566e-06,1.7322e-09
0.00027491,0.01273,2.9865e-06,-2.9684e-06,4.4457e-09
8.806e-05,0.0040757,2.5882e-06,-2.5725e-06,3.8527e-09
-4.6177e-06,-0.00019473,1.5576e-06,-1.5481e-06,2.3186e-09
-3.493e-05,-0.0015939,-6.7156e-07,-7.3081e-07,-6.8331e-07
-3.37e-05,-0.0015377,-0.018605,6.37e-06,-0.0090478
-2.1515e-05,-0.00098176,-0.038718,1.3757e-05,-0.018829
-1.0609e-05,-0.00048408,-0.022018,7.8493e-06,-0.010708
-0.0075512,0.0020593,-0.0059532,2.1301e-06,-0.0028951
-0.025976,0.0076957,0.0013324,-4.7676e-07,0.00064798
-0.017556,0.0052264,0.0034196,-1.2236e-06,0.001663
-0.0056206,0.00168,0.0029629,-1.0602e-06,0.0014409
0.00026853,-8.0267e-05,-0.0058857,2.106e-06,-0.0028623
0.002198,-0.00065702,-0.015118,5.4093e-06,-0.0073519
0.0021206,-0.00063387,-0.0087452,3.1292e-06,-0.0042529
0.0013539,-0.00040469,-0.002342,8.3801e-07,-0.001139
0.00066756,-0.00019954,0.00058275,-2.0852e-07,0.0002834
-0.0011888,-0.0035659,0.0014096,-5.0437e-07,0.0006855
-0.010029,-0.024194,0.0012216,-4.371e-07,0.00059407
-0.0083438,-0.019995,0.00073596,-1.3086e-06,0.0003574
-0.0030977,-0.0073946,0.011009,-0.013822,-0.0013685
-0.00021055,-0.0005026,0.022324,-0.028765,-0.0031331
0.00083371,0.0019902,0.012664,-0.016358,-0.001797
4.2016e-06,1.003e-05,0.0034254,-0.0044227,-0.00048521
-0.0036998,-0.008832,-0.00076356,0.00098988,0.0001101
-0.0028972,-0.0069159,-0.0019596,0.0025405,0.00028257
-0.0009745,-0.0023262,-0.0016983,0.0022016,0.00024488
3.1427e-05,7.502e-05,-0.0010217,0.0013245,0.00014732
0.0003756,0.00089659,0.0039121,-0.0050716,-0.0005641
0.00037427,0.00089343,0.0089566,-0.011611,-0.0012915
0.00024377,0.0005819,0.0051369,-0.0066595,-0.00074072
0.00012291,0.00029339,0.0013871,-0.0017982,-0.00020001
-0.00019727,-0.00047092,-0.00031475,0.00040804,4.5385e-05
-0.0017022,-0.0040633,-0.00080778,0.0010472,0.00011648
-0.0014171,-0.0033828,-0.00069991,0.00090736,0.00010092
-0.00052481,-0.0012528,0.0013903,-0.0018024,-0.00020048
-3.5775e-05,-8.54e-05,0.0035711,-0.0046296,-0.00051493
0.00014166,0.00033816,0.0020658,-0.0026781,-0.00029788
0.00015597,0.00037232,0.00055323,-0.00071721,-7.9773e-05
4.5453e-05,0.00048969,-0.00013766,0.00017846,1.985e-05
-0.00061758,0.0027451,-0.00033297,0.00043167,4.8013e-05
-0.00060105,0.0024816,-0.00028716,0.00037537,4.1601e-05
-0.00023907,0.00098131,0.018417,0.017101,-8.2638e-05
-2.5263e-05,0.00011446,0.038608,0.035227,-0.00021226
5.5622e-05,-0.00021171,0.021969,0.020014,-0.00012279
6.5465e-05,-0.00025454,0.0059378,0.0054142,-3.2883e-05
4.6139e-05,-0.0001794,-0.0013347,-0.0012044,8.1821e-06
-3.9625e-05,0.00015407,-0.0034171,-0.0031019,1.9791e-05
-0.00029248,0.0011372,-0.0029613,-0.0026882,1.7152e-05
-0.00022171,0.00086208,-0.0017821,-0.0016177,1.0322e-05
-7.655e-05,0.00029764,-0.00084185,-0.0007642,4.876e-06
-8.5631e-07,3.3295e-06,-0.00033052,-0.00030003,1.9143e-06
2.5241e-05,-9.8144e-05,-0.00011127,-0.00010101,6.4449e-07
2.5915e-05,-0.00010076,0.0076299,0.0069261,-4.4192e-05
1.7074e-05,-6.6387e-05,0.015948,0.014477,-9.2371e-05
8.6085e-06,-3.3472e-05,0.0090692,0.0082327,-5.2528e-05
3.5567e-06,-1.3829e-05,0.0024521,0.0022259,-1.4203e-05
1.2546e-06,-4.8782e-06,-0.00054883,-0.0004982,3.1788e-06
0.0028348,6.6043e-05,-0.0014085,-0.0012786,8.1582e-06
0.019655,0.00046802,-0.0012207,-0.0011081,7.0701e-06
0.016256,0.00038744,-0.0007346,-0.00066684,4.2548e-06
0.0060145,0.00014334,-0.00034678,-0.00031479,2.0085e-06
0.00040879,9.7429e-06,0.0030227,0.0027439,-1.7507e-05
-0.0016187,-3.8579e-05,0.0065279,0.0059257,-3.7809e-05
-0.0017822,-4.2476e-05,0.0037246,0.003381,-2.1573e-05
-0.0012135,-2.8921e-05,0.0010108,0.00091755,-5.8544e-06
-0.00062605,-1.4921e-05,-0.00022623,-0.00020536,1.3103e-06
0.0015108,0.0035002,-0.00058061,-0.00052706,3.3629e-06
0.0083028,0.016594,-0.00050317,-0.00045676,2.9144e-06
0.0062216,0.012355,-0.00030281,-0.00027488,1.7539e-06
0.0021471,0.0042599,-0.00014355,-0.00013037,8.2793e-07
3.3204e-05,6.5627e-05,-0.0067965,-0.0069114,-7.2166e-06
-0.0006997,-0.001383,-0.014046,-0.014295,-1.5585e-05
-0.00071837,-0.0014199,-0.0079826,-0.0081242,-8.8925e-06
8.3237e-06,1.6452e-05,-0.0021568,-0.0021952,-2.4132e-06
0.0031011,0.0061292,0.00048251,0.00049111,5.3989e-07
0.0026636,0.0052646,-0.0015395,-0.001567,-1.7226e-06
0.00098717,0.0019511,-0.0047085,-0.0047924,-5.2684e-06
5.8683e-05,0.00011599,-0.002642,-0.0026891,-2.9562e-06
-7.9516e-05,0.010537,-0.00058382,-0.00059422,-6.5324e-07
0.0010738,0.07628,0.00031882,0.0003245,3.5673e-07
0.0009324,0.063177,0.000554,0.00056382,6.1668e-07
0.00031488,0.023315,0.037009,0.036996,-7.727e-07
-1.6107e-05,0.0015105,0.076338,0.076301,-2.3689e-06
-5.1285e-06,0.0091282,0.043385,0.043364,-1.3758e-06
0.00045828,0.066342,0.011746,0.01174,-3.5478e-07
0.00035143,0.049836,-0.0026012,-0.0025994,1.1048e-07
0.00010711,0.016372,-0.0067136,-0.0067098,2.4114e-07
-1.6116e-05,-0.00073995,-0.0058199,-0.0058167,2.0408e-07
-5.5607e-05,-0.0064784,0.031419,0.031412,-4.054e-07
-5.2385e-05,-0.0063884,0.071022,0.071005,-1.0413e-06
-3.3731e-05,-0.0041653,0.040679,0.04067,-6.0236e-07
-1.6714e-05,-0.0020838,0.010955,0.010952,-1.6132e-07
-0.0053684,0.0055247,-0.0025669,-0.0025663,4.0139e-08
-0.02538,0.029921,-0.0064188,-0.0064173,9.7091e-08
-0.018893,0.022406,-0.0055627,-0.0055614,8.4142e-08
-0.0065141,0.0077319,-0.0033477,-0.0033468,5.0636e-08
-0.00010035,0.00011951,-0.0015803,-0.0015799,2.3904e-08
0.0021146,-0.0025185,0.013775,0.013771,-2.0835e-07
0.002171,-0.0025857,0.029748,0.029741,-4.4997e-07
-2.5156e-05,-0.0032496,0.016973,0.016969,-2.5674e-07
-0.0093719,-0.01158,0.0046062,0.0046051,-6.9674e-08
-0.0080498,-0.0092218,-0.0010296,-0.0010294,1.5587e-08
-0.0029834,-0.0034058,0.014849,0.014848,-4.9734e-08
-0.00017735,-0.00026177,0.034116,0.034113,-1.5211e-07
0.00084029,0.00087214,0.019324,0.019323,-8.5349e-08
0.0009152,0.00097211,0.0049462,0.0049459,-1.886e-08
0.00062314,0.00066189,-0.0015089,-0.0015087,1.0299e-08
0.00032148,0.00034148,-0.0033022,-0.0033019,1.7807e-08
-0.0007758,0.0018823,-0.0028127,-0.0028124,1.4689e-08
-0.0042636,0.008281,-0.0016771,-0.0016769,8.6039e-09
-0.0031949,0.0061426,-0.00079222,-0.00079216,4.0644e-09
-0.0011025,0.0021169,-0.00031103,-0.00031101,1.5957e-09
-1.705e-05,3.2542e-05,-0.00010424,-0.0001047,-4.7475e-07
0.00035931,-0.00068575,0.013463,0.0071795,-0.0062832
0.00036889,-0.00070405,0.028084,0.015007,-0.013076
0.00024304,-0.00046386,0.01597,0.0085338,-0.0074359
0.00012254,-0.00023388,0.004318,0.0023074,-0.0020105
-0.00019669,0.0063642,-0.00096645,-0.00051643,0.00044998
-0.0016971,0.044768,-0.0024804,-0.0013254,0.0011549
-0.0014129,0.037044,-0.0021495,-0.0011486,0.0010008
-0.00052325,0.013706,-0.0012936,-0.00069124,0.0006023
-3.5669e-05,0.0009318,-0.00061226,-0.00032791,0.00028433
0.00014124,-0.0036897,-0.015789,-0.018267,-0.0024783
0.00015551,-0.0040624,-0.03244,-0.037792,-0.0053522
0.00010588,-0.002766,-0.018426,-0.02148,-0.0030538
5.4625e-05,-0.001427,-0.0049753,-0.0058041,-0.00082875
-0.0077906,0.005075,0.0011136,0.0012991,0.00018549
-0.026884,0.019318,0.0028579,0.003334,0.00047605
-0.018173,0.013134,0.0024767,0.0028893,0.00041255
-0.0058184,0.0042077,0.0014905,0.0017388,0.00024827
0.00027802,-0.00020193,0.00070361,0.00082082,0.0001172
0.0022757,-0.0016529,-0.0061329,-0.0071546,-0.0010216
0.0021956,-0.0015947,-0.013245,-0.015451,-0.0022062
0.0014017,-0.0010181,-0.0075572,-0.0088161,-0.0012588
-0.0029592,0.0005958,-0.0020509,-0.0023925,-0.00034162
-0.025032,0.0074087,0.00045902,0.00053549,7.646e-05
-0.020838,0.0062252,0.0011779,0.0013741,0.0001962
-0.0077158,0.0023077,-0.0016211,-0.0018911,-0.00027002
-0.00052646,0.00015833,-0.0048838,-0.0056974,-0.00081351
0.0020846,-0.00062694,-0.0028364,-0.0033089,-0.00047247
0.0022952,-0.00069027,-0.00073144,-0.00085328,-0.00012184
0.0015628,-0.00046999,0.00022777,0.00026572,3.7941e-05
0.0021534,0.00021005,0.00049715,0.00057997,8.2811e-05
0.0096805,0.003036,0.00042084,0.00049094,7.0099e-05
0.0078474,0.0025588,0.00025318,0.00029535,4.2172e-05
0.0028965,0.00094877,-0.00096942,-0.0011309,-0.00016148
0.00020498,6.2049e-05,-0.0022195,-0.0025892,-0.0003697
-0.00076933,-0.00025843,-0.0012729,-0.001485,-0.00021204
-0.00084704,-0.00028453,-0.00034372,-0.00040097,-5.7253e-05
0.00026643,8.9499e-05,7.7995e-05,9.0987e-05,1.2992e-05
0.0036933,0.0012406,0.00020017,0.00023352,3.3343e-05
0.0028458,0.00095596,0.00017347,0.00020237,2.8896e-05
0.0009796,0.00032906,0.00010436,0.00012175,1.7384e-05
1.7372e-06,5.8354e-07,-0.0003996,-0.00046617,-6.6562e-05
-0.00033649,-0.00011303,-0.00091488,-0.0010673,-0.00015239
-0.00034142,-0.00011469,-0.00052472,-0.00061213,-8.7403e-05
0.00012262,0.0080521,-0.00014168,-0.00016528,-2.36e-05
0.0015316,0.038431,3.215e-05,3.7506e-05,5.3553e-06
0.0011778,0.028623,8.2512e-05,9.6257e-05,1.3744e-05
0.00040573,0.0098689,7.1507e-05,8.3419e-05,1.1911e-05
1.3826e-06,0.0001504,4.4426e-05,5.0185e-05,5.7589e-06
-0.0001385,-0.003206,0.018434,-0.00019216,-0.018626
-0.00014074,-0.0032911,0.038328,-0.00043994,-0.038767
-9.2723e-05,-0.0021683,0.021794,-0.00025232,-0.022046
9.6516e-05,0.0076698,0.0058927,-6.8132e-05,-0.0059608
0.00065879,0.041025,-0.0013187,1.546e-05,0.0013342
0.000498,0.030718,-0.0033844,3.9678e-05,0.003424
0.00017195,0.010597,-0.002933,3.4386e-05,0.0029674
2.0942e-06,0.00015028,-0.0017635,2.0687e-05,0.0017842
-5.6505e-05,-0.0034562,0.019323,-7.921e-05,-0.019402
-5.8013e-05,-0.0035484,0.04162,-0.00018135,-0.041801
-3.8221e-05,-0.0023378,0.023743,-0.00010401,-0.023847
-1.9271e-05,-0.0011787,0.0064165,-2.8085e-05,-0.0064446
3.0931e-05,0.0027475,-0.0014435,6.3728e-06,0.0014499
0.00026689,0.022257,-0.0037048,1.6356e-05,0.0037211
0.00022219,0.018497,-0.0032107,1.4174e-05,0.0032248
8.2287e-05,0.0068485,-0.0019322,8.53e-06,0.0019407
5.6093e-06,0.00046649,-0.00091274,4.0295e-06,0.00091677
-2.2212e-05,-0.0018472,-0.00035806,1.5792e-06,0.00035907
-2.4455e-05,-0.0020338,0.0036635,-3.6145e-05,-0.011239
-1.6651e-05,-0.0013847,0.0078401,-7.6175e-05,-0.023607
-8.5904e-06,-0.00071441,0.0044791,-4.3409e-05,-0.013445
-0.0021444,0.001724,0.001211,-1.1737e-05,-0.0036354
-0.010134,0.0094746,-0.00027105,2.6269e-06,0.00081366
-0.0075436,0.0070997,-0.00069565,6.7419e-06,0.0020882
-0.002601,0.0024501,-0.00060286,5.8427e-06,0.0018097
-4.0067e-05,3.789e-05,-0.0003628,3.5161e-06,0.0010891
0.00084432,-0.00079845,-0.00017127,1.6598e-06,0.00051412
0.00086685,-0.00081976,0.0014928,-1.4468e-05,-0.0044812
0.00057112,-0.00054009,0.003224,-3.1245e-05,-0.0096778
0.00028796,-0.00027231,0.0018395,-1.7828e-05,-0.0055219
0.00011897,-0.00011251,0.0004992,-4.8381e-06,-0.0014985
-0.00084047,0.017033,-0.00011173,1.0828e-06,0.0003354
-0.0041637,0.080796,-0.00028675,2.7791e-06,0.00086078
-0.0031057,0.060154,-0.00024851,2.4084e-06,0.00074598
-0.0010721,0.020742,-0.00015235,4.3006e-06,0.00044878
-1.6516e-05,0.00031953,-0.037127,0.037694,-0.0017184
0.00034804,-0.0067336,-0.077145,0.078443,-0.0039342
-0.0065017,0.00012429,-0.043863,0.044608,-0.0022564
-0.03223,0.028755,-0.011861,0.012062,-0.00060933
-0.02405,0.022501,-0.012621,0.012838,-0.0006575
-0.0082842,0.0076012,-0.024977,0.025407,-0.0013012
-0.00011108,-0.00020297,-0.012174,0.012384,-0.00063423
0.0027106,-0.0028793,-0.0013355,0.0013584,-6.9572e-05
-4.8444e-05,0.0091158,0.0027719,-0.0028196,0.00014441
-0.011553,0.054894,0.0034675,-0.0035238,0.00018056
-0.0090399,0.041317,0.017471,0.024814,-0.00018965
-0.0030538,0.014181,0.032363,0.055706,-0.00060287
8.1545e-05,8.6526e-05,0.018225,0.03186,-0.00035216
0.0011568,-0.0047734,0.0050121,0.0085284,-9.0811e-05
0.00038891,-0.0016126,-0.00096911,-0.0020641,2.8279e-05
-0.0045682,0.01938,-0.0026955,-0.0050855,6.1723e-05
-0.0040218,0.017061,-0.0023599,-0.004383,5.2249e-05
-0.0014716,0.0062427,-0.0014202,-0.0026377,3.1443e-05
-5.5273e-05,0.00023448,-0.00067087,-0.001246,1.4853e-05
0.00045552,-0.0019324,-0.00026293,-0.00048833,5.8214e-06
0.0004874,-0.0020677,0.0060178,0.011177,-0.00013324
0.00032861,-0.001394,0.012682,0.023555,-0.0002808
0.00016953,-0.00071919,0.0072272,0.013423,-0.00016002
7.1301e-05,-0.00030248,0.0019541,0.0036293,-4.3265e-05
-0.0047851,0.0019298,-0.00043736,-0.00081231,9.6834e-06
-0.022762,0.0096124,-0.0011225,-0.0020847,2.4852e-05
-0.016948,0.0071717,-0.00097275,-0.0018067,2.1537e-05
-0.0058445,0.0024761,-0.0005854,-0.0010873,1.2961e-05
-9.0036e-05,3.8144e-05,-0.00027635,-0.00051326,6.1185e-06
0.0018973,-0.00080381,0.0024087,0.0044738,-5.3331e-05
0.001948,-0.00082526,0.005202,0.0096618,-0.00011518
0.0012834,-0.00054371,0.0029681,0.0055127,-6.5716e-05
-0.0066937,0.00090487,0.00080549,0.001496,-1.7834e-05
-0.024998,0.0039446,-0.00018028,-0.00033484,3.9916e-06
-0.016981,0.0027026,-0.00046269,-0.00085935,1.0244e-05
-0.0054378,0.00086568,-0.00040098,-0.00074474,8.8779e-06
0.00026933,-4.5395e-05,-0.00024123,-0.00044804,5.341e-06
0.002138,-0.00034339,0.00092367,0.0017155,-2.0451e-05
0.0020627,-0.00033129,0.0021147,0.0039277,-4.6821e-05
0.0013169,-0.00021151,0.0012129,0.0022527,-2.6854e-05
0.00064933,-0.00010429,0.0003275,0.00060826,-7.251e-06
-0.0011563,0.00018572,-7.4314e-05,-0.00013802,1.6454e-06
-0.009755,0.0015668,-0.00019072,-0.00035423,4.2227e-06
-0.0081158,0.0013035,-0.00016529,-0.00030699,3.6595e-06
-0.0030131,0.00048393,-9.9469e-05,-0.00018474,2.2023e-06
-0.0002048,3.2892e-05,-4.6988e-05,-8.7271e-05,1.0403e-06
0.00081094,-0.00013024,-1.8416e-05,-3.4203e-05,4.0773e-07
0.00089285,-0.0001434,0.00042149,0.00078283,-9.3321e-06
0.00060792,-9.7639e-05,0.00088828,0.0016498,-1.9667e-05
0.00031363,-5.0373e-05,0.0005062,0.00094017,-1.1208e-05
0.00013191,-2.1186e-05,0.00013687,0.0002542,-3.0303e-06
0.0045712,0.00013516,-3.0633e-05,-5.6895e-05,6.7823e-07
0.021428,0.00067326,-7.8618e-05,-0.00014602,1.7407e-06
0.015945,0.00050231,-6.8132e-05,-0.00012654,1.5085e-06
0.0054963,0.00017342,-4.1002e-05,-7.6153e-05,9.0781e-07
8.4671e-05,2.6716e-06,-1.9356e-05,-3.5949e-05,4.2855e-07
-0.0017843,-5.6299e-05,0.00016871,0.00031335,-3.7354e-06
-0.0018319,-5.7802e-05,0.00036435,0.00067672,-8.067e-06
-0.0012069,-3.8082e-05,0.00020789,0.00038611,-4.6028e-06
-0.00060853,-1.9201e-05,5.6417e-05,0.00010478,-1.2491e-06
0.0016134,0.0058967,-1.2627e-05,-2.3452e-05,2.7957e-07
0.0087379,0.027945,-3.2407e-05,-6.019e-05,7.1751e-07
0.0065434,0.020805,-2.8085e-05,-5.2162e-05,6.2181e-07
0.002258,0.0071734,-1.5869e-05,-3.1381e-05,-6.5253e-07
3.4902e-05,0.00011051,0.013636,0.00012016,-0.013573
-0.00073549,-0.0023288,0.028392,0.0002751,-0.028247
-0.00075512,-0.0023909,0.016146,0.00015778,-0.016063
-0.0021301,2.7704e-05,0.0043656,4.2603e-05,-0.0043432
-0.011572,0.010321,-0.00097674,-9.6631e-06,0.00097165
-0.009467,0.0088652,0.0031165,3.0832e-05,-0.0031002
-0.0035008,0.0032856,0.0095314,9.4296e-05,-0.0094817
-0.00024679,0.00019531,0.0053482,5.291e-05,-0.0053203
0.00025624,0.0016603,0.0011818,1.1692e-05,-0.0011757
-0.0036401,0.016922,-0.00064537,-6.3848e-06,0.00064201
-0.0031607,0.014143,-0.0011159,-1.1039e-05,0.00111
-0.0010674,0.0051327,-0.00092186,-7.5266e-06,0.00091549
5.46e-05,0.00022402,-0.019081,0.020878,-0.00177
0.0004386,-0.00153,-0.038842,0.043457,-0.0045463
0.00044017,-0.0016426,-0.022043,0.024713,-0.0026299
0.00029289,-0.0011117,-0.0059668,0.0066818,-0.00070431
0.00014864,-0.00057111,0.0013178,-0.0014957,0.00017525
-0.0046889,0.0013782,0.003408,-0.0038383,0.0004239
-0.022467,0.0075742,0.0029535,-0.0033264,0.00036737
-0.016735,0.0056757,0.0017774,-0.0020018,0.00022108
-0.0057706,0.0019587,0.00083905,-0.00094499,0.00010436
-8.8928e-05,3.029e-05,-0.0073134,0.0082369,-0.00090968
0.001874,-0.0006383,-0.015794,0.017789,-0.0019646
0.001924,-0.00065534,-0.0090118,0.01015,-0.0011209
-0.0039386,0.00023536,-0.0024456,0.0027544,-0.0003042
-0.024003,0.0029399,0.00054737,-0.00061649,6.8085e-05
-0.018081,0.0022607,0.0014046,-0.0015819,0.00017471
-0.006232,0.00077877,-0.0019331,0.0021772,-0.00024045
-6.8575e-05,2.6538e-06,-0.0058239,0.0065593,-0.00072441
0.0020614,-0.00026585,-0.0033824,0.0038095,-0.00042072
0.0021081,-0.00027014,-0.00087223,0.00098237,-0.00010849
-0.00075711,9.7016e-05,0.00027162,-0.00030591,3.3785e-05
-0.0094573,0.0012119,0.00059284,-0.0006677,7.3741e-05
-0.0072725,0.00093189,0.00050184,-0.00056521,6.2421e-05
-0.0025052,0.00032102,0.00030201,-0.00034014,3.7565e-05
-8.5371e-06,1.0939e-06,0.00014257,-0.00016057,1.7733e-05
0.00085521,-0.00010959,-0.0012427,0.0013996,-0.00015457
0.000869,-0.00011135,-0.0026837,0.0030226,-0.00033381
0.00057253,-7.3363e-05,-0.0015312,0.0017246,-0.00019046
0.00028867,-3.699e-05,-0.00041555,0.00046802,-5.1688e-05
-0.00076535,0.0041035,9.3007e-05,-0.00010475,1.1569e-05
-0.004145,0.01949,0.0002387,-0.00026884,2.9691e-05
-0.003104,0.014511,0.00020686,-0.00023298,2.5731e-05
-0.0010711,0.0050036,0.00012449,-0.00014021,1.5485e-05
-1.6557e-05,7.7087e-05,5.8064e-05,-6.6892e-05,7.3098e-06
0.0003489,-0.0016245,-0.0098114,-0.0087222,-6.3715e-05
0.00035821,-0.0016678,-0.020459,-0.018106,-0.0001376
0.000236,-0.0010988,-0.011636,-0.010294,-7.8511e-05
0.00011899,-0.00055403,-0.0031468,-0.0027826,-2.1306e-05
-0.0037558,0.00088925,0.00070431,0.00062279,4.7687e-06
-0.026367,0.0076729,0.0018073,0.0015981,1.2237e-05
-0.021817,0.0063878,-0.0024873,-0.0021995,-1.6841e-05
-0.0080722,0.0023657,-0.0074937,-0.0066264,-5.0738e-05
-0.00054876,0.00016126,-0.0043522,-0.0038485,-2.9468e-05
0.0021729,-0.00063856,-0.0011223,-0.00099241,-7.5989e-06
1.0951e-05,0.0081159,0.00034949,0.00030904,2.3663e-06
-0.0096431,0.041263,0.00076282,0.00067453,5.1649e-06
-0.007551,0.030828,0.00064417,0.00056945,4.3712e-06
-0.0025399,0.010611,-0.020132,-0.019984,-8.683e-06
8.191e-05,0.00012789,-0.042522,-0.04214,-2.2303e-05
0.00097893,-0.0034899,-0.024213,-0.023992,-1.2902e-05
0.00097548,-0.0035743,-0.0065418,-0.0064827,-3.4552e-06
-0.0042889,4.1377e-05,0.0014769,0.0014622,8.5973e-07
-0.033826,0.015415,0.0037717,0.0037362,2.0796e-06
-0.028109,0.013241,0.003268,0.0032372,1.8018e-06
-0.010402,0.0049073,-0.0064917,-0.0064305,-3.5792e-06
-0.00069572,0.00029171,-0.016674,-0.016517,-9.1934e-06
0.0028162,-0.0013822,-0.0096457,-0.0095548,-5.3182e-06
0.0030962,-0.0015054,-0.0025832,-0.0025588,-1.4242e-06
0.0021082,-0.001025,0.00064276,0.0006367,3.5439e-07
0.0010876,-0.0005288,0.0015547,0.0015401,8.5721e-07
0.00045743,-0.0002224,0.0013474,0.0013347,7.4288e-07
0.00016369,-7.9585e-05,0.00081085,0.00080321,4.4707e-07
5.1334e-05,-2.4958e-05,0.00038304,0.00037943,2.1119e-07
1.442e-05,-7.011e-06,0.00015038,0.00014897,8.2914e-08
0,0,5.0892e-05,5.0413e-05,2.806e-08
0,0,1.5237e-05,1.5094e-05,8.4012e-09
0,0,0,0,0
