0,0,0,0,0
0,0,0,0,0
0,0,0,0,0
0,0,0,0,0
0,0,0,0,0
0,0,0,0,0
0,0,0,0,0
0,0,0,0,0
0,0,0,0,0
-9.4759e-06,0,0,0,0
-0.0060484,0,0,0,0
-0.010279,0,0,0,0
-0.0054053,0,0,0,0
-0.0013193,0,0,0,0
0.00046507,0,0,0,0
0.00093293,0,0,0,0
0.00077127,0,0,0,0
0.00045138,0,0,0,0
0.00020888,0,0,0,0
7.0091e-05,7.5655e-05,0,0,0
-0.0013018,0.0094888,0,0,0
-0.0018816,0.013494,0,0,0
-0.00092259,0.0065884,0,0,0
-0.00019925,0.0014229,0,0,0
0.00010537,-0.0007525,-1.5779e-06,0,-5.1331e-07
0.00017691,-0.0012633,-0.02086,0,-0.0067858
0.00013999,-0.00099969,-0.043412,0,-0.014122
7.9753e-05,-0.00056953,-0.024687,0,-0.0080307
3.6174e-05,-0.00025832,-0.0066748,0,-0.0021713
1.3752e-05,-9.8205e-05,0.0014939,0,0.00048598
4.5329e-06,-3.2371e-05,0.0038341,0,0.0012472
1.3277e-06,-9.4812e-06,0.0033228,0,0.0010809
0,0,0.0019996,0,0.00065048
0,0,0.00094461,0,0.00030728
0,0,0.00037086,0,0.00012064
0,0,0.00012551,0,4.0827e-05
0,0,3.7577e-05,0,1.2224e-05
-0.00014322,0.016853,0,0,0
-0.00037614,0.044261,0,0,0
-0.00023248,0.027356,0,0,0
-6.8708e-05,0.0080848,0,0,0
8.6235e-06,-0.0010147,0,0,0
3.2453e-05,-0.0038187,0,0,0
2.9602e-05,-0.0034832,-1.8002e-06,0,-1.5989e-06
1.8338e-05,-0.0021578,-0.023798,0,-0.021138
8.8477e-06,-0.0010411,-0.049527,0,-0.04399
3.5319e-06,-0.0004156,-0.028164,0,-0.025015
-3.0967e-08,0.00034389,-0.007615,0,-0.0067636
-5.3202e-05,0.020929,0.0017044,0,0.0015138
-6.5042e-05,0.025464,0.0043742,0,0.0038851
-2.9575e-05,0.011578,0.0037926,-2.1483e-06,0.0033667
-5.4811e-06,0.0021458,0.026182,-0.0284,-0.0019697
4.3087e-06,-0.0016869,0.050818,-0.059103,-0.0073588
6.3037e-06,-0.0024679,0.028709,-0.03361,-0.0043532
4.7882e-06,-0.0018746,0.007791,-0.0090874,-0.0011514
2.6579e-06,-0.0010406,-0.0016688,0.0020339,0.00032425
1.1822e-06,-0.00046282,-0.0043931,0.00522,0.00073446
-1.1581e-07,0.0014223,-0.0038071,0.0045238,0.0006365
-1.0992e-05,0.031768,-0.0022911,0.0027224,0.00038305
-1.1697e-05,0.033532,-0.0010823,0.001286,0.00018095
-4.9808e-06,0.014234,-0.00042338,0.0005057,7.0984e-05
-7.5333e-07,0.0021529,0.020208,0.010636,-0.00073137
9.0284e-07,-0.0025802,0.042311,0.021829,-0.0015649
1.1817e-06,-0.0033772,0.024086,0.012385,-0.00089399
-2.7705e-07,-0.0024682,0.0065122,0.0033485,-0.00024172
-0.01508,0.0021322,-0.0014575,-0.00074945,5.41e-05
-0.031384,0.006635,-0.0037407,-0.0019234,0.00013885
-0.017847,0.0038897,-0.0032418,-0.0016669,0.00012033
-0.0048255,0.0010407,-0.0019509,-0.0010031,7.2413e-05
0.0010801,-0.0002682,-0.00092159,-0.00047387,3.4207e-05
0.0027719,-0.00063749,-0.00036153,-0.0001859,1.3419e-05
0.0024022,-0.00055247,0.003725,0.0019153,-0.00013826
0.0014456,-0.00033248,0.0079702,0.0040982,-0.00029583
0.0006829,-0.00015706,0.0045532,0.0023412,-0.000169
0.00026811,-6.1662e-05,0.0012311,0.00063302,-4.5695e-05
9.0734e-05,-2.0868e-05,-0.00027554,-0.00014168,1.0227e-05
-0.00045329,0.00010425,-0.00070716,-0.00036362,2.6248e-05
-0.005318,0.0012231,-0.00061284,-0.00031512,2.2747e-05
-0.0049362,0.0011353,-0.00036876,-0.00018961,1.3687e-05
-0.0019561,0.00044988,0.00055311,0.0002844,-2.053e-05
-0.00022027,5.0659e-05,0.0014452,0.00074313,-5.3644e-05
0.00043419,-9.9858e-05,0.00083761,0.00043069,-3.109e-05
0.00051779,-0.00011908,0.0002258,0.0001161,-8.3811e-06
0.00021205,0.0022327,-5.2089e-05,-2.6784e-05,1.9334e-06
-0.0008674,0.01602,-0.00013276,-6.7821e-05,4.9616e-06
-0.00079428,0.013267,0.012085,0.012075,-8.0333e-07
-0.00029443,0.0049088,0.025322,0.025217,-8.0331e-06
-1.2532e-05,0.00033192,0.014407,0.014344,-4.8173e-06
9.0013e-05,-0.0013236,0.0038912,0.0038761,-1.1531e-06
9.6132e-05,-0.0014566,-0.00087819,-0.00087128,5.2793e-07
6.5454e-05,-0.00099179,-0.0022439,-0.002231,9.8667e-07
2.4101e-05,-0.00050876,-0.0019435,-0.0019329,8.1293e-07
-0.0061568,0.0016425,-0.0011696,-0.0011632,4.8922e-07
-0.010482,0.0030799,-0.00055251,-0.00054948,2.311e-07
-0.0055133,0.001636,-0.00021692,-0.00021573,9.0733e-08
-0.0013456,0.00039841,-7.3409e-05,-7.3007e-05,3.0706e-08
0.0004745,-0.00014284,-2.1979e-05,-2.1859e-05,9.1934e-09
0.00095184,-0.00028653,1.7448e-07,1.7352e-07,-7.2981e-11
0.0007869,-0.00023688,0.0023066,0.0022939,-9.6479e-07
0.00046053,-0.00013863,0.0048002,0.0047739,-2.0078e-06
0.00021312,-6.4155e-05,0.0027297,0.0027148,-1.1418e-06
-1.9884e-06,0.00096226,0.00073805,0.00073401,-3.0871e-07
-0.0016542,0.01968,-0.00016519,-0.00016428,6.9096e-08
-0.0017646,0.020752,-0.00042395,-0.00042163,1.7733e-07
-0.00075218,0.008806,-0.00036741,-0.0003654,1.5368e-07
-0.00011377,0.0013319,-0.00022111,-0.00021989,9.2484e-08
0.00013635,-0.0015962,-0.00010445,-0.00010388,4.3689e-08
0.00017846,-0.0020893,-4.1007e-05,-4.0783e-05,1.7152e-08
0.00013044,-0.0015271,-1.5099e-05,-1.2514e-05,5.7909e-09
7.0605e-05,-0.0008266,-0.016156,0.017017,-1.8065e-07
3.081e-05,-0.0003607,-0.033613,0.035423,-3.7957e-07
1.1357e-05,-0.00013296,-0.019115,0.020144,-2.1585e-07
3.6497e-06,-4.2728e-05,-0.0051682,0.0054465,-5.8361e-08
1.0465e-06,-1.2252e-05,0.0011567,-0.001219,1.3062e-08
0,0,0.0029687,-0.0031285,3.3523e-08
0,0,0.0025727,-0.0027113,2.9052e-08
0,0,0.0015483,-0.0016316,1.7484e-08
-5.1991e-05,0.00060868,0.00073139,-0.00077077,8.2591e-09
-0.00036053,0.0042208,0.00028692,-0.00030237,3.24e-09
-0.00029818,0.0034909,-0.0029562,0.0031154,-3.3382e-08
-0.00011032,0.0012916,-0.0063252,0.0066658,-7.1426e-08
-7.4984e-06,8.7786e-05,-0.0036135,0.0038081,-4.0805e-08
2.9692e-05,-0.00034761,-0.00097701,0.0010296,-1.1033e-08
3.2691e-05,-0.00038272,0.00021867,-0.00023045,2.4693e-09
-0.0042653,-0.00014552,0.00056121,-0.00059143,6.3374e-09
-0.02972,0.00066348,0.00048636,-0.00051255,5.4921e-09
-0.024585,0.00060339,0.00029265,-0.00030841,3.3047e-09
-0.0090961,0.00022393,-0.00043895,0.00046259,-4.9568e-09
-0.00061782,1.025e-05,-0.001147,0.0012087,-1.2952e-08
0.0024487,-6.7496e-05,-0.00066474,0.00070053,-7.5064e-09
0.0026641,-7.1497e-05,-0.0001792,0.00018885,-2.0236e-09
-0.0021598,5.7963e-05,4.1339e-05,-4.3565e-05,4.6681e-10
-0.0047347,0.00012707,0.00010609,-0.00011181,1.198e-09
-0.0023758,6.3762e-05,9.1944e-05,-9.6894e-05,1.0383e-09
-0.00045661,1.2254e-05,5.5332e-05,-5.8311e-05,6.2482e-10
0.00036155,-9.703e-06,2.6138e-05,-2.7546e-05,2.9516e-10
0.0005445,-1.4613e-05,1.0254e-05,-1.0806e-05,1.1579e-10
0.00042093,-1.1297e-05,-0.00010565,0.00011134,-1.193e-09
0.00023981,-6.4359e-06,-0.00022605,0.00023822,-2.5526e-09
0.00010877,-2.9191e-06,-0.00012914,0.00013609,-1.4583e-09
4.093e-05,-1.1087e-06,-3.4916e-05,3.6796e-05,-3.9428e-10
-0.0055531,1.4131e-05,7.8148e-06,-8.2356e-06,8.8247e-11
-0.011581,3.0061e-05,2.0056e-05,-2.1136e-05,2.2648e-10
-0.0065879,1.7156e-05,1.7381e-05,-1.8317e-05,1.9628e-10
-0.0017812,4.6385e-06,1.046e-05,-1.1023e-05,1.1812e-10
0.00039867,-1.0382e-06,4.9412e-06,-5.2073e-06,5.5798e-11
0.0010232,-2.6644e-06,1.94e-06,-2.0444e-06,2.1907e-11
0.0008867,-2.3091e-06,6.5496e-07,-6.9023e-07,7.396e-12
0.00053362,-1.3896e-06,-2.0432e-05,2.1532e-05,-2.3072e-10
0.00025208,-6.5643e-07,-4.293e-05,4.5241e-05,-4.8478e-10
9.8967e-05,-2.5772e-07,-2.4413e-05,2.5727e-05,-2.7568e-10
3.3492e-05,-8.7217e-08,-6.6007e-06,6.9561e-06,-7.4537e-11
-8.1487e-05,0.0013771,1.4773e-06,-1.5569e-06,1.6683e-11
-0.0018254,0.027469,3.7915e-06,-3.9957e-06,4.2815e-11
-0.0019243,0.028957,3.2858e-06,-3.4628e-06,3.7105e-11
-0.00081646,0.012287,1.9774e-06,-2.0839e-06,2.233e-11
-0.00012349,0.0018583,2.1315e-06,2.1361e-07,1.0545e-11
0.000148,-0.0022271,0.01583,0.015837,-3.9895e-11
0.00019371,-0.0029151,0.032943,0.03296,-9.0242e-11
0.00014158,-0.0021306,0.018734,0.018743,-5.1695e-11
7.6639e-05,-0.0011533,0.0050652,0.0050678,-1.4091e-11
-2.2992e-05,0.000346,-0.0011337,-0.0011342,3.1537e-12
-0.00037901,0.0057035,-0.0029095,-0.002911,8.094e-12
-0.0003197,0.0048111,-0.0025212,-0.0025225,7.0138e-12
-0.00011861,0.001785,0.0014751,0.0014758,-4.1035e-12
-8.1392e-06,0.00012248,0.0055109,0.0055137,-1.5331e-11
3.2229e-05,-0.000485,0.0032601,0.0032617,-9.0691e-12
3.5485e-05,-0.00053399,0.0008623,0.00086274,-2.3988e-12
2.4161e-05,-0.00036358,-0.00024283,-0.00024295,6.7552e-13
1.2465e-05,-0.00018758,-0.00055003,-0.00055031,1.5301e-12
-9.0423e-06,-7.7824e-05,-0.00047667,-0.00047691,1.326e-12
-0.0091159,0.00065277,-0.00028686,-0.000287,7.9801e-13
-0.015495,0.0011485,-0.00013551,-0.00013558,3.7697e-13
-0.0081482,0.00060611,-5.3202e-05,-5.3229e-05,1.48e-13
-0.0019888,0.00014854,-1.8005e-05,-1.8014e-05,5.0086e-14
0.00070109,-5.2364e-05,-5.3907e-06,-5.3934e-06,1.4996e-14
0.0014064,-0.00010504,0,0,0
0.0011627,-8.684e-05,0,0,0
0.00068045,-5.0823e-05,0,0,0
0.00031489,-2.3519e-05,0,0,0
0.00012163,-9.0846e-06,4.2793e-08,4.2815e-08,-1.1904e-16
4.0619e-05,-3.0338e-06,0.00056572,0.000566,-1.5738e-12
1.2027e-05,-8.9833e-07,0.0011773,0.0011779,-3.2751e-12
0,0,0.0006695,0.00066984,-1.8625e-12
-1.597e-05,9.0858e-05,0.00018102,0.00018111,-5.0357e-13
-0.002003,0.011396,-4.0515e-05,-4.0535e-05,1.1271e-13
-0.0028485,0.016205,-0.00010398,-0.00010403,2.8926e-13
-0.0013908,0.0079123,-9.0111e-05,-9.0157e-05,2.5068e-13
-0.00030037,0.0017088,-5.4229e-05,-5.4257e-05,1.5086e-13
0.00015885,-0.00090371,-2.5617e-05,-2.563e-05,7.1264e-14
0.00026668,-0.0015172,-1.0962e-05,-9.142e-06,2.7956e-14
0.00021103,-0.0012006,-0.01196,0.012167,-2.8804e-13
0.00012023,-0.00068398,-0.024884,0.025327,-6.1631e-13
5.4531e-05,-0.00031023,-0.01415,0.014403,-3.5209e-13
2.0731e-05,-0.00011794,-0.0038259,0.0038944,-9.5197e-14
6.8333e-06,-3.8876e-05,0.00085631,-0.00087163,2.1307e-14
-2.1548e-05,0.0028546,0.0021977,-0.002237,5.4683e-14
-0.00046972,0.057166,0.0019046,-0.0019386,4.7389e-14
-0.00049516,0.060262,0.0011462,-0.0011667,2.8519e-14
-0.0002101,0.025569,0.00054144,-0.00055112,1.3472e-14
-3.1777e-05,0.0038673,0.00021257,-0.00021638,5.2892e-15
3.8084e-05,-0.0046348,7.4144e-05,-7.3051e-05,-2.3764e-06
4.9847e-05,-0.0060664,0.029177,0.0022789,-0.031416
3.6434e-05,-0.004434,0.060675,0.0047882,-0.065379
1.9721e-05,-0.0024001,0.034504,0.0027229,-0.037179
4.1539e-06,-0.00050553,0.0093292,0.00073621,-0.010052
-8.5626e-05,0.010421,-0.002088,-0.00016478,0.0022499
-9.2588e-05,0.011268,-0.0053588,-0.00042289,0.0057743
-3.9426e-05,0.0047981,-0.0046441,-0.00036649,0.0050042
-6.0072e-06,0.00073108,-0.0027948,-0.00022055,0.0030115
7.1995e-06,-0.00087619,-0.0013198,-0.00010415,0.0014222
9.4233e-06,-0.0011468,0.0049933,0.00039405,-0.0053805
6.8876e-06,-0.00083822,0.011295,0.00089133,-0.012171
3.7282e-06,-0.00045373,0.0064703,0.0005106,-0.0069719
1.6269e-06,-0.00019799,0.0017636,0.00013918,-0.0019004
5.9967e-07,-7.2981e-05,-0.00039473,-3.115e-05,0.00042533
1.9271e-07,-2.3454e-05,-0.0010131,-7.9945e-05,0.0010916
-2.6901e-06,0.0029653,-0.00087794,-6.9282e-05,0.00094601
-1.9037e-05,0.020609,-0.00052835,-4.1694e-05,0.00056931
-1.5745e-05,0.017045,-0.00024958,-1.9696e-05,0.00026893
-5.8254e-06,0.0063064,-9.7989e-05,-7.7328e-06,0.00010559
-3.9594e-07,0.00042864,-3.2379e-05,-3.3141e-06,3.5647e-05
1.5678e-06,-0.0016973,0.010331,-0.0092177,-0.001112
1.7262e-06,-0.0018687,0.021521,-0.019181,-0.0023365
1.1753e-06,-0.0012724,0.012238,-0.010908,-0.0013287
6.0637e-07,-0.00065644,0.0033089,-0.0029492,-0.00035925
0.0025412,5.7694e-05,-0.00074059,0.00066008,8.0406e-05
0.028126,0.0035957,-0.0019007,0.0016941,0.00020636
0.026106,0.0033983,-0.0016471,0.001468,0.00017882
0.010345,0.0013502,0.00096363,-0.00085888,-0.00010462
0.001165,0.00015303,0.0036001,-0.0032087,-0.00039086
-0.0022963,-0.00030164,0.0021297,-0.0018982,-0.00023122
-0.0027384,-0.00035972,0.00056332,-0.00050208,-6.1159e-05
-0.00193,-0.00025353,-0.00015863,0.00014139,1.7223e-05
-0.0010438,-0.00012975,-0.00035932,0.00032026,3.9011e-05
-0.0034797,0.0004662,-0.00031139,0.00027754,3.3808e-05
-0.004486,0.00072371,-0.0001874,0.00016702,2.0346e-05
-0.0021632,0.00035691,-8.8524e-05,7.8901e-05,9.6111e-06
-0.0004706,7.6635e-05,-3.4755e-05,3.0977e-05,3.7734e-06
0.00024132,-4.152e-05,-1.1762e-05,1.0483e-05,1.277e-06
0.00040514,-6.9706e-05,-3.4936e-06,3.1138e-06,3.793e-07
0.00032059,-5.5159e-05,0.00036957,-0.00032939,-4.0124e-05
0.00018265,-3.1425e-05,0.0007691,-0.00068549,-8.3501e-05
8.2843e-05,-1.4253e-05,0.00043736,-0.00038982,-4.7484e-05
3.1494e-05,-5.4186e-06,0.00011825,-0.0001054,-1.2839e-05
5.7945e-06,0.00011108,-2.6467e-05,2.359e-05,2.8735e-06
-0.00057222,0.014156,-6.7927e-05,6.0542e-05,7.3748e-06
-0.00081806,0.020132,-5.8867e-05,5.2468e-05,6.3912e-06
-0.00039942,0.0098293,-3.5426e-05,3.1575e-05,3.8462e-06
-8.6264e-05,0.0021229,-1.6735e-05,1.4916e-05,1.8169e-06
4.562e-05,-0.0011227,-6.5703e-06,5.856e-06,7.1334e-07
7.659e-05,-0.0018848,-1.4578e-06,1.9771e-06,-5.1962e-07
6.0606e-05,-0.0014914,0.010122,-6.1676e-05,-0.010061
3.4528e-05,-0.00084969,0.021067,-0.00012959,-0.020937
1.5661e-05,-0.00038539,0.01198,-7.3692e-05,-0.011906
5.9537e-06,-0.00014651,0.0032391,-1.9925e-05,-0.0032192
1.9625e-06,-4.8294e-05,-0.00072497,4.4595e-06,0.00072051
5.748e-07,-1.4145e-05,-0.0018606,1.1445e-05,0.0018492
-1.3106e-05,0.0029909,-0.0016125,9.9187e-06,0.0016025
-0.00014507,0.033105,-0.00097038,5.9691e-06,0.00096441
-0.00013466,0.030728,-0.0004584,2.8197e-06,0.00045558
-5.3362e-05,0.012177,-0.00017997,1.107e-06,0.00017886
-6.0088e-06,0.0013712,-5.9562e-05,-8.2396e-07,6.0386e-05
1.1844e-05,-0.0027029,0.017729,-0.015845,-0.0018838
1.4125e-05,-0.0032233,0.036934,-0.032976,-0.0039581
9.9552e-06,-0.0022718,0.021003,-0.018752,-0.0022508
5.2589e-06,-0.0012001,0.0056788,-0.0050702,-0.00060857
2.8217e-06,-0.00051375,-0.001271,0.0011348,0.00013621
0.0075259,0.0031684,-0.003262,0.0029124,0.00034957
0.015661,0.0069229,-0.0028269,0.002524,0.00030295
0.0089057,0.0039537,-0.0017012,0.0015189,0.00018232
0.0024079,0.0010735,-0.00080365,0.00071752,8.6124e-05
-0.00053893,-0.00024028,-0.00031552,0.00028171,3.3813e-05
-0.0013831,-0.00061666,-0.00010678,9.5334e-05,1.1443e-05
-0.0011987,-0.00053442,-3.1716e-05,2.8317e-05,3.3989e-06
-0.00072135,-0.00032161,0.003355,-0.0029955,-0.00035955
-0.00034076,-0.00015193,0.0069821,-0.0062339,-0.00074825
-0.00013378,-5.9647e-05,0.0039705,-0.003545,-0.0004255
-4.5275e-05,-2.0186e-05,0.0010735,-0.00095849,-0.00011505
-1.3556e-05,-6.0437e-06,-0.00024028,0.00021453,2.5749e-05
0,0,-0.00061666,0.00055057,6.6085e-05
0,0,-0.00053441,0.00047714,5.7271e-05
-0.0052172,0.00038341,-0.00032161,0.00028714,3.4466e-05
-0.017956,0.0013196,-0.00015192,0.00013564,1.6281e-05
-0.012136,0.00089185,-5.9647e-05,5.3255e-05,6.3921e-06
-0.0038855,0.00028554,-2.0186e-05,1.8022e-05,2.1632e-06
0.00018564,-1.3642e-05,-6.0437e-06,5.396e-06,6.4768e-07
0.0015195,-0.00011167,0,0,0
0.001466,-0.00010773,4.7977e-08,-4.2835e-08,-5.1415e-09
0.00093594,-6.8782e-05,0.00063425,-0.00056628,-6.797e-05
0.00046148,-3.3914e-05,0.0013199,-0.0011785,-0.00014145
0.00018738,-1.3771e-05,0.0007506,-0.00067016,-8.0439e-05
6.5172e-05,-4.7895e-06,0.00020295,-0.0001812,-2.1749e-05
1.9962e-05,-1.467e-06,-4.5423e-05,4.0555e-05,4.8678e-06
-0.00027495,0.00061317,-0.00011658,0.00010408,1.2493e-05
-0.0030434,0.0067871,-0.00010103,9.0201e-05,1.0827e-05
-0.0028249,0.0062998,-6.0798e-05,5.4283e-05,6.5155e-06
-0.0011195,0.0024965,-2.7457e-05,2.6889e-05,3.0769e-06
-0.00012606,0.00028112,0.016696,0.016491,-1.1641e-05
0.00024848,-0.00055413,0.034766,0.034301,-2.6332e-05
0.00029632,-0.00066082,0.019771,0.019505,-1.5084e-05
0.00020885,-0.00046575,0.0053461,0.0052734,-4.1115e-06
0.00011033,-0.00024603,-0.0011965,-0.0011803,9.2023e-07
-4.0242e-05,-0.0018352,-0.0030709,-0.0030292,2.3617e-06
-0.00058956,-0.012034,-0.0026613,-0.0026251,2.0467e-06
-0.00049636,-0.0099332,-0.0016008,-0.0015801,1.2315e-06
-0.00018411,-0.0036741,0.0091877,-0.0044166,-1.8472e-06
-1.2619e-05,-0.00024949,0.020398,-0.0079312,-4.8267e-06
4.9967e-05,0.0009879,0.011668,-0.0044428,-2.7974e-06
3.8474e-05,0.0026144,0.0031519,-0.0012041,-7.5411e-07
-7.7239e-05,0.011327,-0.00071218,0.00026285,1.7396e-07
-7.5538e-05,0.0091378,-0.0018287,0.00067558,4.4643e-07
-2.697e-05,0.0034001,-0.013276,0.013462,-7.2282e-08
5.2297e-07,0.00027768,-0.025285,0.027152,-7.2279e-07
1.0358e-05,-0.00085382,-0.014287,0.015406,-4.3345e-07
1.0253e-05,-0.00057739,-0.0039179,0.0041859,-1.0375e-07
-1.0306e-05,0.01562,0.0007775,-0.00090019,4.7501e-08
-1.7458e-05,0.019422,0.0021311,-0.0023604,8.8778e-08
-8.063e-06,0.0088427,0.0018623,-0.0020513,7.3145e-08
-1.2292e-06,0.0016143,0.0011208,-0.0012345,4.4019e-08
1.571e-06,-0.0013249,0.00052944,-0.00058314,2.0794e-08
2.0945e-06,-0.0019195,0.00020555,-0.00022661,8.1573e-09
1.5542e-06,-0.0014546,-0.03054,0.030757,-8.4047e-08
8.6271e-07,-0.00080744,-0.063682,0.064146,-1.7983e-07
3.8372e-07,-0.00035913,-0.036226,0.036491,-1.0273e-07
1.4362e-07,-0.00013442,-0.0097947,0.0098664,-2.7777e-08
4.658e-08,-4.2892e-05,0.0021922,-0.0022083,6.217e-09
-2.0702e-06,0.011237,0.0056262,-0.0056674,1.5956e-08
-4.3365e-06,0.023411,0.0048758,-0.0049115,1.3828e-08
-2.466e-06,0.013313,0.0029343,-0.0029558,8.3215e-09
-6.6677e-07,0.0035996,0.0013861,-0.0013963,3.931e-09
1.4923e-07,-0.00080565,0.0005442,-0.00054819,1.5433e-09
3.83e-07,-0.0020677,0.00018417,-0.00018552,5.2229e-10
3.3192e-07,-0.0017919,5.6851e-05,-5.7252e-05,1.5514e-10
1.9975e-07,-0.0010784,0.022613,-0.022571,-1.6411e-08
9.4359e-08,-0.0005094,0.04706,-0.046972,-3.4152e-08
3.7046e-08,-0.0002,0.026762,-0.026712,-1.9421e-08
1.2537e-08,-6.7682e-05,0.0072358,-0.0072222,-5.2511e-09
3.7537e-09,-2.0264e-05,-0.0016195,0.0016165,1.1753e-09
-5.6045e-05,2.371e-05,-0.0041564,0.0041486,3.0163e-09
-0.0070293,0.0029737,-0.003602,0.0035953,2.614e-09
-0.0099962,0.0042288,-0.0021677,0.0021636,1.5731e-09
-0.0048807,0.0020647,-0.001024,0.0010221,7.4313e-10
-0.0010541,0.00044593,-0.00040203,0.00040127,2.9176e-10
0.00055745,-0.00023583,-0.00013573,0.00013548,9.8501e-11
0.00093587,-0.00039592,0.0042342,-0.0042262,-3.0728e-09
0.00074057,-0.00031329,0.0088965,-0.0088798,-6.4563e-09
0.00042191,-0.00017849,0.0050591,-0.0050497,-3.6715e-09
0.00019137,-8.0956e-05,0.0013679,-0.0013653,-9.9269e-10
7.275e-05,-3.0777e-05,-0.00030616,0.00030558,2.2218e-10
0.0024051,5.7606e-05,-0.00078574,0.00078426,5.7022e-10
0.026363,0.00074695,-0.00068094,0.00067966,4.9417e-10
0.024464,0.00069608,-0.00040979,0.00040902,2.9739e-10
0.0096946,0.00027584,-0.00019352,0.00019316,1.4044e-10
0.0010917,3.1062e-05,0.00073215,-0.00073077,-5.3133e-10
-0.0021519,-6.1228e-05,0.0016561,-0.001653,-1.2019e-09
-0.0025662,-7.3016e-05,0.0009487,-0.00094692,-6.8849e-10
-0.0018086,-5.1462e-05,0.00025859,-0.00025811,-1.8766e-10
-0.00095543,-2.7185e-05,-5.7877e-05,5.7768e-05,4.2002e-11
0.0017351,1.1644e-06,-0.00014854,0.00014826,1.078e-10
0.023586,0.00013754,-0.00012873,0.00012849,9.3419e-11
0.021984,0.00013025,-7.7468e-05,7.7323e-05,5.622e-11
0.0087171,5.1766e-05,-3.6595e-05,3.6527e-05,2.6558e-11
0.0009831,5.872e-06,-1.4356e-05,1.4329e-05,1.0418e-11
-0.0019379,-1.1575e-05,0.00014791,-0.00014764,-1.0734e-10
-0.002311,-1.3803e-05,0.00031648,-0.00031589,-2.2968e-10
-0.0016288,-9.7285e-06,0.0001808,-0.00018046,-1.3121e-10
-0.00086041,-5.1392e-06,4.8885e-05,-4.8793e-05,-3.5477e-11
-0.00036852,-2.2011e-06,-1.0941e-05,1.0921e-05,7.9402e-12
0.0013203,7.8858e-06,-2.808e-05,2.8028e-05,2.0378e-11
0.0049621,2.9638e-05,-2.4335e-05,2.429e-05,1.766e-11
0.0033703,2.0131e-05,-1.4645e-05,1.4617e-05,1.0628e-11
0.0010829,6.4682e-06,-6.9181e-06,6.9051e-06,5.0206e-12
-5.1739e-05,-3.0903e-07,-2.7161e-06,2.711e-06,1.9711e-12
-0.0004235,-2.5295e-06,-9.1917e-07,9.1745e-07,6.6706e-13
-0.00040858,-2.4404e-06,-2.7521e-07,2.7469e-07,1.9972e-13
-0.00026086,-1.5581e-06,2.1847e-09,-2.1806e-09,-1.5855e-15
-0.00012862,-7.6824e-07,2.8881e-05,-2.8827e-05,-2.096e-11
-5.2225e-05,-3.1194e-07,6.0105e-05,-5.9992e-05,-4.3619e-11
-1.8164e-05,-1.0849e-07,3.4179e-05,-3.4115e-05,-2.4805e-11
-5.5637e-06,-3.3231e-08,9.2414e-06,-9.2241e-06,-6.7066e-12
0,0,-2.0684e-06,2.0645e-06,1.5011e-12
0,0,-5.3084e-06,5.2985e-06,3.8524e-12
0,0,-4.6004e-06,4.5918e-06,3.3386e-12
3.9544e-05,0.00026251,-2.7685e-06,2.7633e-06,2.0092e-12
0.00078877,0.0052361,-1.3078e-06,1.3054e-06,9.4911e-13
0.00083149,0.0055197,-5.1346e-07,5.125e-07,3.7263e-13
0.0003528,0.002342,-1.7376e-07,1.7344e-07,1.261e-13
5.336e-05,0.00035422,-7.7404e-07,-6.7092e-07,3.7456e-14
-6.3951e-05,-0.00042453,-0.009545,-0.0095559,-3.9623e-12
-8.3704e-05,-0.00055565,-0.019864,-0.019887,-8.2459e-12
-6.118e-05,-0.00040613,-0.011296,-0.011309,-4.6892e-12
-0.00046276,-0.00017021,-0.0030542,-0.0030577,-1.2678e-12
-0.0085843,0.00089392,0.00068358,0.00068436,2.8377e-13
-0.0090393,0.0010081,0.0017544,0.0017564,7.2827e-13
-0.0038348,0.00043138,0.0015204,0.0015221,6.3114e-13
-0.00058024,6.3705e-05,0.00091497,0.00091602,3.7982e-13
0.00069482,-8.0254e-05,0.00043209,0.00043258,1.7937e-13
0.00090943,-0.00010504,-0.0016347,-0.0016366,-6.786e-13
0.00066471,-7.6777e-05,-0.0036977,-0.003702,-1.535e-12
0.0003598,-4.1559e-05,-0.0021182,-0.0021207,-8.7932e-13
0.00015701,-1.8135e-05,-0.00057738,-0.00057804,-2.3968e-13
5.7874e-05,-6.6846e-06,0.00012923,0.00012937,5.3644e-14
1.8599e-05,-2.1482e-06,0.00033166,0.00033203,1.3768e-13
-0.00025962,0.0010281,0.00028742,0.00028775,1.1931e-13
-0.0018372,0.0071336,0.00017297,0.00017317,7.1803e-14
-0.0015195,0.0059,8.0429e-05,8.3032e-05,3.3908e-14
-0.0005622,0.0021829,-0.016897,0.016278,-1.2829e-13
-3.8212e-05,0.00014837,-0.035219,0.033821,-2.9018e-13
0.00015131,-0.0005875,-0.020031,0.01923,-1.6623e-13
0.00011651,-2.4596e-05,-0.0054168,0.0051984,-4.531e-14
-0.00023389,0.0038745,0.0012124,-0.0011635,1.0141e-14
-0.00022874,0.0033415,0.0031121,-0.0029867,2.6025e-14
-8.1669e-05,0.0012248,0.010555,-0.010575,-4.2136e-15
1.5836e-06,5.5546e-05,0.017976,-0.018179,-4.2135e-14
3.1366e-05,-0.00036608,0.010066,-0.010188,-2.5268e-14
3.2269e-05,-0.00039427,0.0028154,-0.0028446,-6.0481e-15
2.1443e-05,-0.0002664,-0.00046092,0.00047427,2.7691e-15
1.1063e-05,-0.00013744,-0.0014138,0.0014388,5.1753e-15
-9.723e-07,0.0015368,-0.0012517,0.0012723,4.264e-15
-6.0598e-05,0.01763,-0.00075327,0.00076564,2.5661e-15
-5.727e-05,0.016377,-0.00035584,0.00036168,1.2122e-15
-2.2755e-05,0.0064907,-0.0001397,0.000142,4.7591e-16
-2.5789e-06,0.00073109,-4.7279e-05,4.8055e-05,1.6106e-16
5.0835e-06,-0.0014411,-1.4728e-05,1.3589e-05,4.7838e-17
6.0622e-06,-0.0017186,-0.0075623,-0.010558,-5.0605e-15
4.2726e-06,-0.0012112,-0.015738,-0.021972,-1.0531e-14
2.2571e-06,-0.00063985,-0.0089495,-0.012495,-5.9889e-15
-9.6674e-08,2.7406e-05,-0.0024198,-0.0033783,-1.6193e-15
-1.1419e-05,0.0032373,0.00054159,0.00075611,3.6242e-16
-1.0814e-05,0.0030656,0.00139,0.0019405,9.3013e-16
-4.2979e-06,0.0012184,0.0012046,0.0016817,8.0608e-16
-4.8753e-07,0.00013821,0.0007248,0.0010119,4.8503e-16
9.61e-07,-0.00027243,-0.0010872,-0.0015178,-7.2751e-16
1.146e-06,-0.00032489,-0.0028407,-0.0039659,-1.9009e-15
8.0772e-07,-0.00022898,-0.0016464,-0.0022985,-1.1017e-15
4.2668e-07,-0.00012096,-0.00044382,-0.00061962,-2.97e-16
1.8275e-07,-5.1808e-05,0.00010238,0.00014294,6.8513e-17
6.6363e-08,-1.8813e-05,0.00026276,0.00036684,1.7584e-16
-0.0028521,8.9958e-05,0.00022772,0.00031792,1.5238e-16
-0.019778,0.00066351,0.00013704,0.00019132,9.1705e-17
-0.016358,0.00055018,6.4716e-05,9.035e-05,4.3307e-17
-0.006052,0.00020355,-0.00024484,-0.00034182,-1.6384e-16
-0.00041135,1.3835e-05,-0.00055383,-0.0007732,-3.7061e-16
0.0016288,-5.4784e-05,-0.00031726,-0.00044293,-2.1231e-16
0.0017934,-6.0318e-05,-8.6477e-05,-0.00012073,-5.7869e-17
0.0012211,-4.1069e-05,1.9355e-05,2.7022e-05,1.2952e-17
0.00060877,7.1992e-05,4.9674e-05,6.935e-05,3.3241e-17
-0.0023928,0.011678,4.3048e-05,6.01e-05,2.8807e-17
-0.0036848,0.016616,2.5907e-05,3.6168e-05,1.7336e-17
-0.0018157,0.0081135,1.2238e-05,1.7086e-05,8.1895e-18
-0.0003902,0.0017522,4.8047e-06,6.7079e-06,3.2152e-18
0.00021077,-0.00092681,1.626e-06,2.2701e-06,1.0881e-18
0.00035386,-0.001556,-1.444e-07,1.3017e-06,3.232e-19
0.00028001,-0.0012313,-0.0083449,0.0082225,-3.4189e-17
0.00015953,-0.00070146,-0.017367,0.017112,-7.115e-17
7.2356e-05,-0.00031816,-0.0098758,0.0097309,-4.0461e-17
2.7507e-05,-0.00012095,-0.0026702,0.002631,-1.094e-17
9.067e-06,-3.9869e-05,0.00059764,-0.00058887,2.4485e-18
2.6557e-06,-1.1677e-05,0.0015338,-0.0015113,6.284e-18
-0.00046836,0.0001374,0.0013292,-0.0013097,5.4458e-18
-0.0093422,0.0027406,0.00079993,-0.0007882,3.2773e-18
-0.0098482,0.002889,0.00037788,-0.00037234,1.5482e-18
-0.0041786,0.0012258,0.00014836,-0.00014618,6.0782e-19
-0.000632,0.0001854,5.0207e-05,-4.9471e-05,2.057e-19
0.00075744,-0.0002222,1.4913e-05,-1.4694e-05,6.1098e-20
0.0009914,-0.00029083,-0.0015776,0.0015544,-6.4632e-18
0.00072462,-0.00021257,-0.003283,0.0032349,-1.3451e-17
0.00039223,-0.00011506,-0.001867,0.0018396,-7.6489e-18
8.2616e-05,0.00067515,-0.00050478,0.00049738,-2.0681e-18
-0.001703,0.01445,0.00011298,-0.00011132,4.6287e-19
-0.0018415,0.015246,0.00028996,-0.0002857,1.1879e-18
-0.00078412,0.0064697,0.00025128,-0.0002476,1.0295e-18
-0.00011948,0.00097879,0.00015122,-0.000149,6.1956e-19
0.00014319,-0.0011731,7.1436e-05,-7.0388e-05,2.9267e-19
0.00018742,-0.0015354,2.8632e-05,-2.8221e-05,1.1481e-19
0.00013699,-0.0011222,0.0077537,-0.007758,-1.1829e-18
7.4149e-05,-0.00060746,0.016119,-0.016128,-2.5311e-18
3.2356e-05,-0.00026507,0.0091649,-0.0091701,-1.446e-18
1.1927e-05,-9.7708e-05,0.002478,-0.0024794,-3.9096e-19
3.8329e-06,-3.14e-05,-0.00055462,0.00055493,8.7503e-20
-1.5639e-05,0.0013521,-0.0014234,0.0014242,2.2457e-19
-0.00033387,0.027148,-0.0012336,0.0012343,1.9462e-19
-0.00035195,0.028619,-0.00074331,0.00074373,1.1711e-19
-0.00014933,0.012143,-0.012961,0.01296,-1.7565e-19
-2.2586e-05,0.0018366,-0.026381,0.026379,-4.5897e-19
2.7069e-05,-0.0022011,-0.01497,0.014969,-2.66e-19
3.543e-05,-0.002881,-0.004049,0.0040487,-7.1708e-20
2.5896e-05,-0.0021057,0.00090311,-0.00090305,1.6542e-20
1.4015e-05,-0.0011385,0.0023178,-0.0023176,4.2454e-20
-3.027e-05,0.016536,0.0020087,-0.0020085,3.6792e-20
-7.347e-05,0.035264,0.0012088,-0.0012087,2.2141e-20
-4.2337e-05,0.020099,0.00057103,-0.00057099,1.0459e-20
-1.1435e-05,0.0054333,0.00022419,-0.00022418,4.1064e-21
2.6059e-06,-0.0012199,7.587e-05,-7.5865e-05,1.3897e-21
6.688e-06,-0.0031307,2.36e-05,-2.147e-05,4.1278e-22
5.796e-06,-0.0027132,0.01169,0.016458,-4.3665e-20
3.488e-06,-0.0016328,0.024329,0.034251,-9.0871e-20
1.6477e-06,-0.00077131,0.013835,0.019477,-5.1676e-20
6.469e-07,-0.00030282,0.0037407,0.0052663,-1.3972e-20
2.1892e-07,-0.00010248,-0.00083723,-0.0011787,3.1272e-21
5.2579e-08,-4.7135e-06,-0.0021487,-0.003025,8.0257e-21
-8.2771e-06,0.016576,-0.0018621,-0.0026216,6.9553e-21
-1.4066e-05,0.02817,-0.0011206,-0.0015777,4.1857e-21
-7.397e-06,0.014814,-0.00052938,-0.00074527,1.9773e-21
-1.8054e-06,0.0036156,-0.00020784,-0.0002926,7.763e-22
6.3644e-07,-0.0012746,-7.0336e-05,-9.902e-05,2.6271e-22
1.2767e-06,-0.0025568,-2.1059e-05,-2.9647e-05,7.8658e-23
1.0555e-06,-0.0021137,9.6565e-07,2.3535e-07,-7.9848e-07
6.1771e-07,-0.0012371,0.012766,0.0031113,-0.010556
2.8585e-07,-0.00057247,0.026567,0.0064749,-0.021968
1.1042e-07,-0.00022113,0.015108,0.0036821,-0.012492
3.6873e-08,-7.3845e-05,0.0040848,0.00099555,-0.0033776
-1.8943e-05,-1.6957e-05,-0.00091424,-0.00022282,0.00075597
-0.012098,0.0031336,-0.0023464,-0.00057186,0.0019402
-0.02056,0.0053254,-0.0020334,-0.00049559,0.0016814
-0.010812,0.0028004,-0.0012237,-0.00029825,0.0010119
-0.0026389,0.00068351,-0.00057807,-0.00014089,0.00047799
0.00093027,-0.00024095,-0.00022695,-5.5314e-05,0.00018766
0.0018661,-0.00048334,-7.6805e-05,-1.8719e-05,6.3509e-05
0.0015427,-0.00039959,-2.2813e-05,-5.5601e-06,1.8864e-05
0.00090289,-0.00023386,0.0024133,0.00058817,-0.0019955
0.00041782,-0.00010822,0.0050223,0.001224,-0.0041528
0.00016139,-4.1803e-05,0.002856,0.00069607,-0.0023616
5.3897e-05,-1.396e-05,0.0007722,0.0001882,-0.00063852
1.5959e-05,-4.1336e-06,-0.00017283,-4.2123e-05,0.00014291
0,0,-0.00044357,-0.00010811,0.00036678
0,0,-0.00038441,-9.3688e-05,0.00031786
-0.0026781,0.00013966,-0.00023134,-5.6382e-05,0.00019129
-0.018571,0.00096843,-0.00010928,-2.6634e-05,9.0362e-05
-0.015359,0.00080096,-4.287e-05,-1.0448e-05,3.5448e-05
-0.0056826,0.00029634,0.0004417,0.00010765,-0.00036523
-0.00038624,2.0142e-05,0.00094508,0.00023034,-0.00078147
0.0015294,-7.9756e-05,0.00053991,0.00013159,-0.00044644
0.0016839,-8.7813e-05,0.00014598,3.5579e-05,-0.00012071
0.0011266,-0.00011479,-3.2673e-05,-7.9631e-06,2.7017e-05
-0.001904,-0.0069294,-8.3854e-05,-2.0437e-05,6.9337e-05
-0.0033001,-0.0098233,-7.267e-05,-1.7711e-05,6.0089e-05
-0.0016437,-0.0047946,-4.3733e-05,-1.0659e-05,3.6162e-05
-0.00034631,-0.0010359,-2.0659e-05,-5.035e-06,1.7082e-05
0.00020575,0.00054668,-8.1108e-06,-1.9768e-06,6.7067e-06
0.00033226,0.00091847,-2.7448e-06,-6.6898e-07,2.2697e-06
0.00026292,0.0007268,-1.1955e-06,-1.9871e-07,1.0544e-06
0.00014979,0.00041406,-0.0049403,2.102e-05,0.0049552
6.7939e-05,0.00018781,-0.010281,4.3744e-05,0.010312
2.5828e-05,7.1398e-05,-0.0058466,2.4876e-05,0.0058643
8.5135e-06,2.3534e-05,-0.0015808,6.7259e-06,0.0015856
-0.0043709,-0.00025768,0.00035381,-1.5054e-06,-0.00035488
-0.030327,-0.0018346,0.00090796,-3.8632e-06,-0.00091071
-0.025083,-0.0015174,-0.00014701,6.2549e-07,0.00014745
-0.0092801,-0.00056139,-0.00147,6.2547e-06,0.0014745
-0.00063075,-3.8157e-05,-0.00088155,3.7508e-06,0.00088422
0.0024976,0.00015109,-0.00021101,8.978e-07,0.00021165
0.0027444,0.00016602,9.6609e-05,-4.1105e-07,-9.6901e-05
-0.0016346,-9.8886e-05,0.00018056,-7.6823e-07,-0.0001811
-0.0049939,-0.0003021,0.00014876,-6.3296e-07,-0.00014921
-0.0027278,-0.00016502,8.9526e-05,-3.8091e-07,-8.9797e-05
-0.00061956,-3.748e-05,4.2291e-05,-1.7994e-07,-4.2419e-05
0.00031525,1.9071e-05,1.6591e-05,-7.0589e-08,-1.6641e-05
0.00055374,3.3498e-05,-0.00017094,7.2729e-07,0.00017145
0.0004472,2.7053e-05,-0.00036574,1.5562e-06,0.00036685
0.00026172,1.5833e-05,-0.00020894,8.8901e-07,0.00020958
0.00012112,7.3268e-06,-5.6494e-05,2.4037e-07,5.6665e-05
4.6783e-05,2.8301e-06,1.2644e-05,-5.3799e-08,-1.2683e-05
-0.0044184,-8.5099e-06,3.2451e-05,-1.3807e-07,-3.2549e-05
-0.030742,-6.5285e-05,2.8123e-05,-1.1966e-07,-2.8208e-05
-0.02543,-5.4227e-05,1.6922e-05,-7.1999e-08,-1.6973e-05
-0.0094086,-2.0063e-05,-2.5382e-05,1.0799e-07,2.5458e-05
-0.00063949,-1.3636e-06,-6.6321e-05,2.8218e-07,6.6521e-05
0.0025322,5.3997e-06,-3.8437e-05,1.6354e-07,3.8553e-05
0.0038424,5.3972e-06,-1.0362e-05,4.4087e-08,1.0393e-05
0.02293,-6.8816e-06,2.3903e-06,-1.017e-08,-2.3976e-06
0.02315,-9.4331e-06,6.1347e-06,-2.6102e-08,-6.1532e-06
0.0098188,-4.0102e-06,5.3165e-06,-2.262e-08,-5.3325e-06
0.0015702,-4.2508e-07,3.1995e-06,-1.3613e-08,-3.2091e-06
-0.0016589,9.8469e-07,1.5109e-06,-6.4286e-09,-1.5155e-06
-0.0022189,1.1875e-06,-5.7163e-06,2.4321e-08,5.7335e-06
-0.0016313,8.4773e-07,-1.293e-05,5.5015e-08,1.2969e-05
-0.000883,4.5887e-07,-7.407e-06,3.1515e-08,7.4294e-06
-0.00038531,2.0024e-07,-2.019e-06,8.5902e-09,2.0251e-06
0.00093153,-2.9776e-08,4.5188e-07,-1.9226e-09,-4.5324e-07
0.021368,-2.0424e-06,1.1597e-06,-4.9344e-09,-1.1632e-06
0.02256,-2.1713e-06,1.005e-06,-4.2762e-09,-1.0081e-06
0.009578,-9.2415e-07,6.0484e-07,-2.5734e-09,-6.0666e-07
0.0014486,-1.3977e-07,2.8572e-07,-1.2157e-09,-2.8658e-07
-0.0017362,1.6752e-07,1.1209e-07,-4.769e-10,-1.1242e-07
-0.0022724,2.1926e-07,-1.1548e-06,4.9136e-09,1.1583e-06
-0.0016609,1.6026e-07,-2.471e-06,1.0513e-08,2.4784e-06
-0.00089906,8.6747e-08,-1.4116e-06,6.0061e-09,1.4159e-06
-0.00039232,3.7854e-08,-3.8167e-07,1.6239e-09,3.8283e-07
-0.00061097,5.714e-09,8.5425e-08,-3.6346e-10,-8.5683e-08
-0.020152,-3.5073e-07,2.1924e-07,-9.3281e-10,-2.199e-07
-0.024425,-4.3e-07,1.9e-07,-8.084e-10,-1.9057e-07
-0.0111,-1.9611e-07,1.1434e-07,-4.8649e-10,-1.1469e-07
-0.0020572,-3.6344e-08,5.4013e-08,-2.2981e-10,-5.4177e-08
0.0016172,2.8571e-08,2.1206e-08,-9.0227e-11,-2.127e-08
0.002366,4.1799e-08,7.1765e-09,-3.0534e-11,-7.1982e-09
0.0017972,3.175e-08,2.1316e-09,-9.0696e-12,-2.1381e-09
0.00099758,1.7624e-08,-2.2549e-07,9.5942e-10,2.2617e-07
0.0004437,7.8388e-09,-4.6927e-07,1.9966e-09,4.7069e-07
0.00016607,2.9339e-09,-2.6686e-07,1.1354e-09,2.6766e-07
5.4044e-05,9.5479e-10,-7.2153e-08,3.0699e-10,7.2371e-08
1.5661e-05,2.7667e-10,1.6149e-08,-6.8711e-11,-1.6198e-08
-0.0025238,-7.1739e-09,4.1446e-08,-1.7634e-10,-4.1571e-08
-0.027935,-7.9406e-08,3.5918e-08,-1.5282e-10,-3.6027e-08
-0.02593,-7.3705e-08,2.1615e-08,-9.1969e-11,-2.1681e-08
-0.010275,-2.9208e-08,1.0211e-08,-4.3445e-11,-1.0242e-08
-0.0011571,-3.289e-09,4.0089e-09,-1.7057e-11,-4.021e-09
0.0022808,6.4831e-09,1.3567e-09,-5.7724e-12,-1.3608e-09
0.0027199,7.7314e-09,4.062e-10,-1.7283e-12,-4.0742e-10
0.001917,5.4491e-09,0,0,0
0.0010127,2.8785e-09,0,0,0
0.00043373,1.2329e-09,-3.2245e-12,1.372e-14,3.2343e-12
0.0001575,4.477e-10,-4.2628e-08,1.8137e-10,4.2757e-08
4.9996e-05,1.4211e-10,-8.8713e-08,3.7745e-10,8.8981e-08
1.4188e-05,4.033e-11,-5.0448e-08,2.1464e-10,5.06e-08
-0.00080311,0.0076999,-1.364e-08,5.8035e-11,1.3681e-08
-0.0055691,0.053394,2.0563e-06,2.0532e-06,-3.0615e-09
-0.004606,0.044161,0.027143,0.027143,2.2415e-10
-0.0017041,0.016339,0.056488,0.056488,1.0011e-08
-0.00011583,0.0011105,0.032123,0.032123,5.4671e-09
0.00045865,-0.0043973,0.0086853,0.0086853,6.5022e-10
0.00050498,-0.0048415,-0.0019439,-0.0019439,-1.339e-09
0.00034383,-0.0032965,-0.004989,-0.004989,-1.7429e-09
0.00017738,-0.0017007,-0.0043236,-0.0043236,-1.3645e-09
7.4604e-05,-0.00071527,-0.0026019,-0.0026019,-7.7482e-10
2.6697e-05,-0.00025596,-0.0012291,-0.0012291,-3.6602e-10
8.3723e-06,-8.027e-05,-0.00048257,-0.00048257,-1.437e-10
2.3519e-06,-2.2549e-05,-0.00016331,-0.00016331,-4.8631e-11
0,0,-4.8896e-05,-4.8896e-05,-1.456e-11
0,0,0,0,0
0,0,0,0,0
0,0,0,0,0
0,0,0,0,0
0,0,0,0,0
0,0,0,0,0
0,0,0,0,0
