0,0,0,0,0
0,0,0,0,0
0,0,0,0,0
0,0,0,0,0
0,0,0,0,0
0,0,0,0,0
0,0,0,0,0
0,0,0,0,0
-0.0013868,0.00058298,0,0,0
-0.015351,0.0064528,0,0,0
-0.014249,0.0059895,0,0,0
-0.0056465,0.0023735,-3.1826e-07,3.3914e-08,-2.2753e-07
-0.00063583,0.00026728,-0.0042074,0.00044834,-0.003008
0.0012533,-0.00052684,-0.0087559,0.00093304,-0.0062598
0.0014946,-0.00062828,-0.0049792,0.00053059,-0.0035598
-0.00026359,0.0041033,-0.0013463,0.00014346,-0.00096248
-0.0085761,0.031291,0.00030132,-3.2109e-05,0.00021542
-0.007315,0.025973,0.00077207,-8.3451e-05,0.00055274
-0.002708,0.0096102,-0.015778,-0.013893,-0.0012178
-0.00016247,0.00064411,-0.033826,-0.028807,-0.0032432
0.00075992,-0.0025995,-0.019275,-0.016377,-0.001872
0.0008281,-0.0028585,-0.0051882,-0.0044305,-0.00048951
0.00056383,-0.0019463,0.0012033,0.00098715,0.00013963
-0.0022682,0.00051952,0.0030307,0.0025396,0.00031732
-0.028204,0.016442,0.0026199,0.0022016,0.0002703
-0.026249,0.015503,0.001576,0.0013243,0.0001626
-0.010406,0.006156,-0.0085343,-0.0071715,-0.00088049
-0.0011694,0.00068522,-0.019018,-0.015981,-0.0019621
0.0023127,-0.0013769,-0.010882,-0.0091447,-0.0011227
0.0024445,-0.0010048,-0.0029395,-0.0024701,-0.00030327
-0.01157,0.026315,0.00066454,0.00055842,6.8561e-05
-0.015381,0.032745,0.0017055,0.0014332,0.00017596
-0.007021,0.014905,0.001478,0.001242,0.00015249
-0.001223,0.0027158,0.00088949,0.00074745,9.1769e-05
0.0011377,-0.0022399,0.00042019,0.00035309,4.3351e-05
0.0016046,-0.0032414,0.00016265,0.00014021,1.6979e-05
0.0012079,-0.0024556,-0.030563,0.021032,-0.00053432
0.00067051,-0.0013631,-0.063704,0.043686,-0.0011222
0.00029823,-0.00060626,-0.036236,0.024835,-0.00063916
0.00011162,-0.00022691,-0.0097974,0.0067148,-0.00017282
3.6325e-05,-7.3844e-05,0.0021928,-0.0015029,3.8679e-05
1.0526e-05,-2.1398e-05,0.0056278,-0.0038571,9.9268e-05
0.0021937,0.0027871,0.0048772,-0.0033427,8.6028e-05
0.015212,0.019327,0.0029338,-0.0020107,5.1749e-05
0.012582,0.015985,-0.015887,0.010889,-0.00028023
0.004655,0.005914,-0.035404,0.024265,-0.00062449
0.00031639,0.00040197,-0.020258,0.013884,-0.00035734
-0.0012528,-0.0015917,-0.0054721,0.0037504,-9.6522e-05
-0.0013794,-0.0017525,0.0012371,-0.00084786,2.1821e-05
0.0031502,0.00037914,0.0031749,-0.002176,5.6002e-05
0.027873,0.010288,0.0027515,-0.0018858,4.8533e-05
0.02325,0.0087589,0.0016551,-0.0011344,2.9194e-05
0.0086045,0.0032438,-0.0089628,0.0061428,-0.00015809
0.00056692,0.00019772,-0.019973,0.013689,-0.00035231
-0.0023418,-0.00090612,-0.011429,0.0078329,-0.00020159
-0.0025713,-0.00098866,-0.0030871,0.0021158,-5.4453e-05
-0.0017508,-0.00067316,0.00069791,-0.00047832,1.231e-05
0.00046733,0.0042034,0.0017912,-0.0012276,3.1594e-05
0.014791,0.050224,0.0015523,-0.0010639,2.738e-05
0.013945,0.046702,0.00093415,-0.00064023,1.6477e-05
0.0055375,0.018511,0.00044128,-0.00030244,7.7837e-06
0.00061638,0.0020817,0.00017325,-0.00011874,3.056e-06
-0.0012386,-0.0041125,6.0021e-05,-3.8093e-05,1.0269e-06
-0.0014771,-0.0049043,0.018396,0.027632,-9.6663e-05
-0.001041,-0.0034566,0.038247,0.05753,-0.00020181
-0.00054994,-0.0018259,0.02175,0.032715,-0.00011476
0.001066,0.0045375,0.0058807,0.0088455,-3.1029e-05
0.0089398,0.036604,-0.0013162,-0.0019798,6.9449e-06
0.0074374,0.030419,-0.0033785,-0.0050811,1.782e-05
0.002754,0.011262,-0.0091468,-0.0053955,-3.9261e-05
0.00018771,0.00076721,-0.014705,-0.0047147,-0.00010456
-0.00074329,-0.003038,-0.0081925,-0.002426,-6.0352e-05
-0.00081837,-0.0033448,-0.0023168,-0.00080894,-1.5781e-05
-0.00055721,-0.0022774,0.00033484,-9.5265e-05,4.5014e-06
0.00044679,0.0018261,0.00111,0.00013256,1.023e-05
0.0049707,0.020316,0.00099067,0.00015804,8.7142e-06
0.0041679,0.017035,0.00059618,9.5107e-05,5.2442e-06
0.0015445,0.0063126,0.00028137,4.4885e-05,2.475e-06
0.00010209,0.00041725,-0.0033981,-0.00054209,-2.9891e-05
-0.00041933,-0.0017139,-0.0072645,-0.0011589,-6.39e-05
-0.00046169,-0.001887,-0.0041411,-0.00066062,-3.6427e-05
-0.00031435,-0.0012848,-0.0011227,-0.0001791,-9.8757e-06
-0.00016218,-0.00066285,0.00025128,4.0086e-05,2.2103e-06
-0.0015163,0.00072702,0.0006449,0.00010288,5.6727e-06
-0.016053,0.011033,0.00055889,8.9158e-05,4.9161e-06
-0.014886,0.010302,0.00033634,5.3655e-05,2.9585e-06
-0.005898,0.0040863,0.00015888,2.5346e-05,1.3976e-06
-0.00066391,0.00046113,6.2229e-05,9.9272e-06,5.4738e-07
0.0013087,-0.00090896,-0.0019583,-0.00031241,-1.7226e-05
0.0015606,-0.001084,-0.0041131,-0.00065614,-3.618e-05
0.0010999,-0.00076398,-0.0023426,-0.0003737,-2.0606e-05
0.00058105,-0.00040358,-0.00063338,-0.00010104,-5.5714e-06
0.00024887,-0.00017285,0.00014176,2.2615e-05,1.247e-06
-0.00033119,0.00023003,0.00036382,5.804e-05,3.2003e-06
-0.00838,0.0058205,0.0003153,5.0299e-05,2.7735e-06
-0.008856,0.0061511,0.00018975,3.027e-05,1.6691e-06
-0.003761,0.0026123,8.9634e-05,1.4299e-05,7.8845e-07
-0.00056885,0.0003951,3.5191e-05,5.6139e-06,3.0955e-07
0.00068175,-0.00047352,1.1825e-05,1.8864e-06,1.0401e-07
0.00089233,-0.00061978,-0.0011131,-0.00017758,-9.7915e-06
0.00065221,-0.000453,-0.002324,-0.00037073,-2.0442e-05
0.00035304,-0.00024521,-0.0013216,-0.00021082,-1.1625e-05
0.00015405,-0.000107,-0.00035732,-5.7002e-05,-3.1431e-06
-0.0004041,0.0034573,7.9975e-05,1.2758e-05,7.0348e-07
-0.0050832,0.038692,0.00020525,3.2743e-05,1.8055e-06
-0.0047299,0.035922,0.00017788,2.8376e-05,1.5647e-06
-0.0018765,0.014237,0.00010705,1.7077e-05,9.4161e-07
-0.0002113,0.0016031,5.1946e-05,8.0593e-06,-9.8146e-07
0.00041651,-0.00316,0.018239,-9.7333e-05,-0.018855
0.0004967,-0.0037685,0.037923,-0.00020808,-0.039239
0.00035007,-0.002656,0.021564,-0.00011862,-0.022314
0.00018493,-0.0014031,0.0058299,-3.2158e-05,-0.0060332
-0.00058535,0.0044411,-0.0013048,7.1975e-06,0.0013503
-0.0031167,0.023647,-0.0033488,1.8472e-05,0.0034656
-0.0023325,0.017697,-0.0029021,1.6008e-05,0.0030034
-0.0008048,0.006106,-0.0017457,9.6296e-06,0.0018066
-1.2438e-05,9.4367e-05,0.0094536,-5.2147e-05,-0.0097833
0.00026211,-0.0019886,0.021067,-0.00011621,-0.021802
0.0002691,-0.0020417,0.012055,-6.6494e-05,-0.012475
0.00017729,-0.0013451,0.0032561,-1.7961e-05,-0.0033697
-0.00015752,0.011889,-0.00073612,4.0605e-06,0.0007618
-0.0016753,0.086868,-0.0018892,1.0421e-05,0.0019551
-0.0014031,0.071979,-0.0016373,9.0312e-06,0.0016944
-0.00051989,0.026637,-0.0009853,5.435e-06,0.0010197
-3.4488e-05,0.001804,-0.00046786,2.565e-06,0.00047837
0.00014101,-0.0071772,-0.032083,-3.0978e-05,-0.043511
0.00015525,-0.0079022,-0.06645,-6.6225e-05,-0.09088
0.00010571,-0.0053804,-0.037771,-3.7752e-05,-0.051698
-8.4761e-05,0.0083068,-0.010207,-1.0235e-05,-0.013983
-0.000943,0.075683,0.0022846,2.2907e-06,0.0031297
-0.00079069,0.063143,0.0058609,6.9424e-06,0.0080303
-0.000293,0.023385,-0.02699,0.014061,-0.017693
-1.9367e-05,0.0015616,-0.063685,0.029256,-0.047117
7.9551e-05,-0.0063291,-0.03651,0.016636,-0.027197
9.0018e-06,-3.2335e-06,-0.0096949,0.0044983,-0.0071117
-0.0004853,0.043555,0.0024888,-0.0010065,0.0020285
-0.00041993,0.037499,0.0059512,-0.0025825,0.004609
-0.00015381,0.01375,-0.0079579,0.010717,-0.0099814
-6.7033e-06,0.00063615,-0.024118,0.025616,-0.026581
4.6331e-05,-0.0040933,-0.014011,0.014697,-0.015343
4.982e-05,-0.004412,-0.0036108,0.0038959,-0.0040121
-0.00052383,-0.0024751,0.0011287,-0.0010125,0.0011444
-0.024016,0.020312,0.0024594,-0.0024067,0.0026008
-0.029174,0.025883,0.0020813,-0.0020638,0.0022154
-0.013266,0.011832,0.0012525,-0.001242,0.0013332
-0.0024583,0.0021631,0.00059168,-0.0005867,0.00062981
0.0019334,-0.0017779,0.0002323,-0.00023034,0.00024727
0.0028282,-0.0025713,7.8057e-05,-7.74e-05,8.3086e-05
0.0021482,-0.0019531,-0.0073479,0.0072861,-0.0078214
0.0011925,-0.0010841,-0.015341,0.015212,-0.016329
0.00053038,-0.00048221,-0.0087237,0.0086503,-0.0092859
0.00019851,-0.00018048,-0.0023587,0.0023389,-0.0025107
4.8398e-05,-5.5847e-05,0.00052792,-0.00052348,0.00056194
-0.010324,0.0018257,0.0013549,-0.0013435,0.0014422
-0.017577,0.0031316,0.0011742,-0.0011643,0.0012498
-0.009243,0.0016468,0.00070662,-0.00070067,0.00075215
-0.002256,0.00040194,0.0003338,-0.00033099,0.00035531
0.00079528,-0.00014169,0.00013026,-0.00012916,0.00013916
0.0015953,-0.00028423,-0.010397,0.010363,-0.0043794
0.0013189,-0.00023498,-0.021717,0.021644,-0.009198
0.00077187,-0.00013752,-0.012357,0.012316,-0.0052386
0.00035719,-6.364e-05,-0.0033412,0.00333,-0.0014164
0.00013797,-2.4582e-05,0.00074781,-0.0007453,0.00031702
-0.0027554,0.00023687,0.0019192,-0.0019128,0.00081361
-0.019413,0.0016971,0.0016632,-0.0016577,0.0007051
-0.016067,0.0014056,0.0010005,-0.00099714,0.00042414
-0.0059445,0.00052005,-0.0054179,0.0053998,-0.0022968
-0.00040404,3.5347e-05,-0.012074,0.012033,-0.0051184
-0.00018611,-5.7825e-05,-0.0069086,0.0068855,-0.0029288
-0.018007,0.00075508,-0.0018661,0.0018599,-0.0007911
-0.01715,0.00073898,0.00042188,-0.00042046,0.00017885
-0.0066528,0.00028029,0.0010827,-0.0010791,0.000459
-0.00055858,1.4891e-05,0.00093832,-0.00093518,0.00039778
0.0017072,-8.2377e-05,0.00056468,-0.00056279,0.00023939
0.001954,-9.1078e-05,0.0002665,-0.00026561,0.00011298
0.0013648,-6.3108e-05,-0.0032186,0.0032078,-0.0013644
0.00071663,-3.2958e-05,-0.0068806,0.0068576,-0.0029169
0.00030694,-1.4116e-05,-0.0039223,0.0039092,-0.0016628
0.00011146,-5.1261e-06,-0.0010634,0.0010598,-0.0004508
-0.0025399,0.00488,0.000238,-0.00023721,0.0001009
-0.012179,0.023105,0.00061083,-0.00060878,0.00025895
-0.0090743,0.017201,0.00052796,-0.00052619,0.00022435
-0.0031288,0.0059308,-0.018144,0.018139,-0.00065975
-4.8199e-05,9.1365e-05,-0.038272,0.038259,-0.0015903
0.0010157,-0.0019253,-0.02179,0.021783,-0.00091556
8.5974e-05,0.0016194,-0.0058876,0.0058857,-0.00024584
-0.005948,0.023634,0.0013282,-0.0013277,5.9459e-05
-0.0051412,0.019968,0.0033931,-0.003391,0.00014605
-0.0018872,0.0073594,-0.0011916,0.013755,-0.00032179
-8.7513e-05,0.00042295,-0.0068302,0.032975,-0.00085695
0.00056208,-0.0020834,-0.0040545,0.018922,-0.00049466
0.00060598,-0.0022694,-0.00099407,0.005014,-0.00012935
-0.0011817,-0.00033434,0.00040703,-0.0013067,3.6894e-05
-0.017403,0.012546,0.00079281,-0.0031019,8.3846e-05
-0.01626,0.012049,0.00065825,-0.0026593,7.1423e-05
-0.0064471,0.0047875,0.00039613,-0.0016004,4.2982e-05
-0.00071959,0.00051507,0.00018713,-0.00075601,2.0304e-05
0.0014409,-0.0010997,7.3292e-05,-0.0002961,7.9525e-06
0.001715,-0.0012989,-0.0023065,0.0093182,-0.00025026
0.0012087,-0.00091546,-0.0048443,0.019571,-0.00052563
0.00063852,-0.0004836,-0.002759,0.011147,-0.00029937
-0.0026636,0.00093741,-0.00074598,0.0030138,-8.0942e-05
-0.020267,0.0078614,0.00016686,-0.00067414,1.8105e-05
-0.016813,0.0065403,-0.00088673,0.0035824,-9.6214e-05
-0.0062233,0.0024218,-0.0023658,0.0095578,-0.0002567
-0.0004236,0.00016507,-0.001333,0.0053855,-0.00014464
0.0016773,-0.00065363,-0.00031528,0.0012737,-3.4209e-05
0.0018468,-0.00071966,0.00013564,-0.00054799,1.4718e-05
0.00027306,-0.00010641,0.00025577,-0.0010333,2.7752e-05
-0.010247,0.0039931,0.0002137,-0.00086335,2.3187e-05
-0.0098405,0.0038347,0.00012608,-0.00050935,1.368e-05
-0.0039101,0.0015237,5.9557e-05,-0.00024061,6.4622e-06
-0.00042068,0.00016393,2.3327e-05,-9.424e-05,2.531e-06
0.00089818,-0.00035001,-0.00073408,0.0029657,-7.9651e-05
0.0010609,-0.0004134,-0.0015418,0.0062289,-0.00016729
0.00074769,-0.00029136,-0.00087811,0.0035476,-9.5278e-05
0.0019574,6.2488e-05,-0.00023742,0.00095919,-2.5761e-05
0.017463,0.0023294,5.3139e-05,-0.00021468,5.7658e-06
0.016114,0.0021994,0.00013638,-0.00055098,1.4798e-05
0.0063807,0.00087347,0.00011819,-0.00047749,1.2824e-05
0.00072185,9.7057e-05,7.1095e-05,-0.00028723,7.7141e-06
-0.001412,-0.00019557,-0.000385,0.0015554,-4.1774e-05
-0.0016838,-0.00023322,-0.00085795,0.0034661,-9.3091e-05
-0.0011868,-0.00016437,-0.00049092,0.0019833,-5.3267e-05
-0.00062691,-8.6831e-05,-0.00013261,0.00053573,-1.4388e-05
-0.00026851,-3.719e-05,2.9979e-05,-0.00012111,3.2528e-06
-3.9697e-05,0.000192,7.6939e-05,-0.00031083,8.3482e-06
0.00036991,0.0014207,6.6677e-05,-0.00026938,7.2347e-06
0.00032276,0.0011774,4.0126e-05,-0.00016211,4.3539e-06
0.00012266,0.00043606,1.8955e-05,-7.658e-05,2.0567e-06
8.3373e-06,2.9638e-05,7.442e-06,-3.0066e-05,8.0748e-07
-3.3013e-05,-0.00011736,2.5185e-06,-1.0175e-05,2.7327e-07
-3.6348e-05,-0.00012922,7.3619e-07,-2.9742e-06,7.9879e-08
-2.4749e-05,-8.798e-05,-0.00023615,0.00095406,-2.5624e-05
-1.2768e-05,-4.539e-05,-0.00049145,0.0019855,-5.3325e-05
-5.37e-06,-1.909e-05,-0.00027947,0.0011291,-3.0324e-05
1.7453e-05,0.00018911,-7.5564e-05,0.00030528,-8.199e-06
0.00021385,0.0021667,1.6912e-05,-6.8327e-05,1.8351e-06
0.00019888,0.0020125,4.3405e-05,-0.00017536,4.7096e-06
7.8881e-05,0.00079775,3.7093e-05,-0.00015142,4.0804e-06
8.8824e-06,8.9831e-05,-0.0068964,0.0072326,-1.1999e-05
-1.7509e-05,-0.00017707,-0.014389,0.015199,-2.8923e-05
-2.088e-05,-0.00021117,-0.0081842,0.0086507,-1.6652e-05
-1.4716e-05,-0.00014883,-0.0022125,0.0023378,-4.4713e-06
-7.7739e-06,-7.862e-05,0.00049595,-0.00052625,1.0814e-06
7.6004e-06,0.0024487,0.0012717,-0.0013462,2.657e-06
0.00011977,0.027465,0.0011021,-0.0011666,2.3026e-06
0.00011191,0.0255,0.00066326,-0.00070208,1.3857e-06
4.4392e-05,0.010106,0.00031331,-0.00033165,6.5459e-07
5.011e-06,0.0011381,0.00012301,-0.00013021,2.57e-07
-9.8776e-06,-0.0022434,4.0269e-05,-4.4818e-05,8.6355e-08
-1.1779e-05,-0.0026753,-0.017965,-0.0099556,-8.1291e-06
-8.3021e-06,-0.0018856,-0.037413,-0.020691,-1.6972e-05
-4.3856e-06,-0.00099606,-0.021276,-0.011766,-9.6512e-06
1.3882e-05,0.0031528,-0.0057525,-0.0031814,-2.6095e-06
7.3914e-05,0.016787,0.0012875,0.00071205,5.8405e-07
5.5316e-05,0.012563,0.0033043,0.0018274,1.4989e-06
1.9086e-05,0.0043348,0.0028636,0.0015837,1.299e-06
2.9497e-07,6.6993e-05,0.0017233,0.00095307,7.8174e-07
-6.2159e-06,-0.0014117,0.00081332,0.0004498,3.6894e-07
-6.3818e-06,-0.0014494,-0.0098226,-0.0054323,-4.4558e-06
-4.2046e-06,-0.00095494,-0.020999,-0.011613,-9.5255e-06
-2.1199e-06,-0.00048148,-0.01197,-0.0066201,-5.4301e-06
-8.7588e-07,-0.00019893,-0.0032453,-0.0017948,-1.4721e-06
-0.0012675,0.0007199,0.00072635,0.0004017,3.2949e-07
-0.014026,0.0087234,0.0018642,0.001031,8.4562e-07
-0.013019,0.0081112,0.0016155,0.00089345,7.3284e-07
-0.0051592,0.0032167,0.00097222,0.00053768,4.4102e-07
-0.00058095,0.00036222,0.00045883,0.00025375,2.0814e-07
0.0011452,-0.000714,-0.0055414,-0.0030646,-2.5137e-06
0.0013656,-0.00085147,-0.011846,-0.0065516,-5.3738e-06
0.0009625,-0.00060011,-0.0067531,-0.0037348,-3.0634e-06
0.00050845,-0.00031701,-0.0018308,-0.0010125,-8.3051e-07
-0.0016094,-0.0087395,0.00040977,0.00022662,1.8588e-07
-0.0085692,-0.040772,0.0010517,0.00058161,4.7706e-07
-0.0064131,-0.030332,0.0009114,0.00050404,4.1343e-07
-0.0022127,-0.010457,0.00054848,0.00030333,2.488e-07
-3.4197e-05,-0.00016103,0.0002591,0.00014329,1.1753e-07
0.00072064,0.0033933,0.00010172,5.6257e-05,4.6144e-08
0.00073987,0.0034839,3.4425e-05,1.9038e-05,1.5616e-08
0.00048745,0.0022953,8.3518e-06,5.5652e-06,1.7156e-06
0.00024577,0.0011573,-0.025847,-0.0017852,0.022618
0.00010154,0.00047815,-0.053791,-0.0037151,0.04707
3.5819e-05,0.00016866,-0.030589,-0.0021127,0.026767
1.11e-05,5.2269e-05,-0.0082706,-0.00057122,0.0072373
-0.00067578,-0.00018772,0.0018511,0.00012785,-0.0016198
-0.0047075,-0.0014025,0.0047508,0.00032812,-0.0041572
-0.0038935,-0.00116,0.0041153,0.00028348,-0.0036018
-0.0014405,-0.00042917,-0.02266,-0.011392,0.010592
-9.7909e-05,-2.917e-05,-0.051143,-0.023983,0.025531
0.00038769,0.00011551,-0.02929,-0.013652,0.014699
0.00030945,9.2195e-05,-0.007888,-0.0036891,0.0039469
-0.0020512,-0.00061112,0.0018468,0.00083131,-0.00095458
-0.0023187,-0.00069082,0.0046203,0.0021253,-0.0023453
-0.00098439,-0.00029328,0.0040041,0.0018418,-0.0020325
-0.00013586,-4.0476e-05,0.0024086,0.0011079,-0.0012226
0.00019695,5.8676e-05,-0.013043,-0.0059996,0.0066208
0.0002505,7.4633e-05,-0.029066,-0.01337,0.014754
0.00018164,5.4117e-05,-0.016632,-0.0076503,0.0084424
-3.0035e-05,0.0040147,-0.0044925,-0.0020665,0.0022804
-0.0013778,0.044127,0.0010156,0.00046717,-0.00051554
-0.0013029,0.040952,0.0026066,0.001199,-0.0013231
-0.00051751,0.016228,0.0022589,0.0010391,-0.0011466
-5.739e-05,0.0018276,0.001357,0.00062323,-0.00068974
0.000116,-0.0036017,-0.031234,-0.027261,0.0037351
0.00013833,-0.0042952,-0.066086,-0.057231,0.0083236
9.7496e-05,-0.0030272,-0.037639,-0.032572,0.0047628
-7.0389e-05,0.0057503,-0.010174,-0.0088057,0.0012865
-0.00082318,0.050279,0.0022829,0.0019735,-0.00029084
-0.00069107,0.041902,0.0058586,0.0050646,-0.00074626
-0.0002561,0.015516,-0.00033937,0.0014098,0.0016442
-1.6858e-05,0.0010376,-0.0082174,-0.0035592,0.0043787
-3.4803e-05,0.0020984,-0.0049672,-0.0022783,0.0025275
-0.00041757,0.025177,-0.0011666,-0.00046348,0.0006609
-0.00031573,0.019037,0.00057973,0.00037918,-0.00018851
-9.9933e-05,0.0060254,0.0010531,0.00059728,-0.00042842
9.3688e-06,-0.00056489,0.00086284,0.0004746,-0.00036494
4.5233e-05,-0.0027273,0.00051903,0.00028549,-0.00021952
4.3551e-05,-0.0026259,-0.0028107,-0.001546,0.0011888
2.8213e-05,-0.0017011,-0.0062634,-0.0034452,0.0026491
1.4045e-05,-0.00084684,-0.003584,-0.0019713,0.0015158
-0.00086434,0.0010397,-0.00096809,-0.00053249,0.00040945
-0.0096294,0.015258,0.00021886,0.00012038,-9.2566e-05
-0.0089393,0.014239,0.00056169,0.00030895,-0.00023757
-0.0035425,0.005647,0.00048678,0.00026775,-0.00020588
-0.00039893,0.00063709,0.00029294,0.00016113,-0.0001239
0.00078636,-0.0012558,0.00013825,7.6045e-05,-5.8474e-05
0.00093776,-0.0014976,-0.0016697,-0.00091841,0.0007062
0.00066093,-0.0010555,-0.0035695,-0.0019634,0.0015097
0.00034914,-0.00055758,-0.0020348,-0.0011192,0.00086062
4.296e-05,-6.8606e-05,-0.00055165,-0.00030343,0.00023332
-0.0045406,0.0072513,0.00012347,6.7914e-05,-5.2222e-05
-0.0055618,0.0088821,0.00031688,0.0001743,-0.00013402
-0.0025319,0.0040434,0.00027462,0.00015105,-0.00011615
-0.00047014,0.00075082,0.00016526,9.0902e-05,-6.9898e-05
0.00036959,-0.00059023,7.7995e-05,4.2901e-05,-3.2988e-05
0.00054071,-0.00086351,-0.00094196,-0.00051812,0.0003984
0.00041071,-0.00065591,-0.0020137,-0.0011076,0.00085171
0.00022798,-0.00036408,-0.0011479,-0.00063141,0.00048552
-0.00017554,0.0004921,-0.00031122,-0.00017118,0.00013163
-0.0030274,0.0071788,6.9656e-05,3.8314e-05,-2.9461e-05
-0.0028329,0.0066999,0.00017877,9.833e-05,-7.561e-05
-0.001124,0.0026572,0.00015493,8.5215e-05,-6.5526e-05
-0.00012697,0.00029986,9.2717e-05,5.126e-05,-3.9511e-05
0.00025027,-0.00059106,-0.0067878,-0.00027759,-0.0010432
0.00029846,-0.00070487,-0.014201,-0.00061858,-0.0021395
0.00021035,-0.00049679,-0.0080793,-0.00035396,-0.001215
0.00011112,-0.00026243,-0.0021843,-9.5609e-05,-0.00032858
4.7594e-05,-0.0001124,0.00048928,2.1615e-05,7.3376e-05
-0.00038204,0.0081553,0.0012557,5.5473e-05,0.00018832
-0.0018846,0.038781,0.0010882,4.8075e-05,0.0001632
-0.0014055,0.028876,0.0006549,2.8931e-05,9.8214e-05
-0.00048515,0.0099577,0.00030937,1.3667e-05,4.6395e-05
-7.4738e-06,0.0001534,0.00011989,5.3528e-06,1.6898e-05
0.00015749,-0.0032326,-0.020652,-0.00016845,-0.017411
0.0001617,-0.0033189,-0.043052,-0.0003538,-0.036244
0.00010653,-0.0021866,-0.024489,-0.0002015,-0.020612
5.3714e-05,-0.0011025,-0.0066214,-5.4482e-05,-0.0055731
0.0016282,0.0013536,0.001482,1.2194e-05,0.0012473
0.017785,0.019864,0.0038034,3.1295e-05,0.0032013
0.016503,0.018537,0.0032962,2.7121e-05,0.0027743
0.0065396,0.0073517,0.0019836,1.6322e-05,0.0016696
0.00073632,0.00082941,0.00093704,7.7102e-06,0.00078869
-0.0014514,-0.0016349,0.00036789,3.0271e-06,0.00030965
-0.0017309,-0.0019497,0.00012362,1.0171e-06,0.00010405
-0.0012199,-0.0013741,-0.011637,-9.575e-05,-0.0097944
-0.00064442,-0.0007259,-0.024295,-0.0001999,-0.020448
-0.00027601,-0.00031091,-0.013816,-0.00011368,-0.011628
-0.00010023,-0.0001129,-0.0037355,-3.0736e-05,-0.0031441
0.0014933,0.0016821,0.00083606,6.8793e-06,0.00070369
0.010567,0.011903,0.0021457,1.7655e-05,0.001806
0.0087471,0.009853,0.0018595,1.5301e-05,0.0015651
0.0032363,0.0036454,0.0011191,9.2079e-06,0.00094189
0.00021996,0.00024777,0.00052814,4.3456e-06,0.00044452
-0.000871,-0.00098111,-0.0063784,-5.2483e-05,-0.0053686
-0.00095898,-0.0010802,-0.013636,-0.0001122,-0.011477
-0.00065295,-0.0007355,-0.0077731,-6.3959e-05,-0.0065425
-0.00033686,-0.00037945,-0.0021074,-1.734e-05,-0.0017737
-0.00070716,0.00080961,0.00047167,3.881e-06,0.00039699
-0.003972,0.0066637,0.0012105,9.9603e-06,0.0010189
-0.0032591,0.0055407,0.0010488,8.6296e-06,0.00088273
-0.0012044,0.0020515,-0.0030842,-2.5377e-05,-0.0025959
-8.1556e-05,0.00013978,-0.0074341,-6.1169e-05,-0.0062571
0.00032294,-0.0005535,-0.00428,-3.5217e-05,-0.0036024
0.0020363,0.00022082,-0.0011493,-9.4563e-06,-0.0009673
0.0081972,0.0035147,0.00027796,2.2871e-06,0.00023395
0.006047,0.0027113,0.00068276,5.6178e-06,0.00057466
0.0020945,0.00091863,-0.0015043,-1.2377e-05,-0.0012661
5.0254e-05,-1.6679e-05,-0.004006,-3.2962e-05,-0.0033718
-0.00065698,-0.00033755,-0.0023124,-1.9027e-05,-0.0019463
-0.00067891,-0.00033902,-0.00060466,-4.9752e-06,-0.00050892
-0.0021951,-3.824e-05,0.00017247,1.4191e-06,0.00014516
-0.019561,0.0019167,0.00039196,3.2251e-06,0.0003299
-0.01804,0.0018366,0.00033388,2.7472e-06,0.00028102
-0.0071448,0.00072982,0.00020093,1.6533e-06,0.00016912
-0.00081104,7.8971e-05,9.4918e-05,7.81e-07,7.989e-05
0.0015757,-0.00016701,3.7265e-05,3.0663e-07,3.1365e-05
0.0018825,-0.00019749,1.2611e-05,1.0377e-07,1.0615e-05
0.0013268,-0.00013919,3.7759e-06,3.1069e-08,3.1781e-06
0.00070089,-7.3529e-05,-8.9451e-08,-7.3602e-10,-7.5288e-08
0.00030019,-3.1493e-05,-0.0011825,-9.73e-06,-0.0009953
0.00010901,-1.1436e-05,-0.0024609,-2.0249e-05,-0.0020713
3.4603e-05,-3.6302e-06,-0.0013995,-1.1515e-05,-0.0011779
-0.0059267,0.00017299,-0.00037838,-3.1134e-06,-0.00031848
-0.041166,0.0012067,8.4689e-05,6.9683e-07,7.128e-05
-0.034047,0.00099805,0.0002173,1.788e-06,0.0001829
-0.012597,0.00036926,-0.00047876,-3.9394e-06,-0.00040296
-0.00085618,2.5098e-05,-0.001275,-1.0491e-05,-0.0010731
0.0033903,-9.9382e-05,-0.00073596,-6.0556e-06,-0.00061944
0.0037327,-0.00010942,-0.00019244,-1.5835e-06,-0.00016197
0.0015149,0.0012669,5.4892e-05,4.5166e-07,4.6201e-05
-0.019167,0.026719,0.00012475,1.0265e-06,0.000105
-0.021036,0.02819,0.00010626,8.7436e-07,8.944e-05
-0.0089624,0.011962,6.395e-05,5.2619e-07,5.3825e-05
-0.0013235,0.0018083,3.0209e-05,2.4857e-07,2.5426e-05
0.0016777,-0.0021699,1.0691e-05,9.7355e-08,8.818e-06
0.0021732,-0.0028395,-0.015452,-3.0637e-06,-0.015393
0.0015884,-0.0020754,-0.032164,-6.4348e-06,-0.03204
0.00085979,-0.0011234,-0.018291,-3.6649e-06,-0.018221
0.00037519,-0.00049021,-0.0049456,-9.909e-07,-0.0049265
0.0001383,-0.0001807,0.0011069,2.2178e-07,0.0011026
-0.00053476,0.0016167,0.0028408,5.6919e-07,0.0028299
-0.01154,0.033388,0.0024619,4.9327e-07,0.0024525
-0.012179,0.035214,0.0014816,2.9685e-07,0.0014759
-0.0051675,0.014941,0.00069989,1.4023e-07,0.00069719
-0.00078156,0.0022598,0.00027478,5.5055e-08,0.00027372
0.00093669,-0.0027084,9.313e-05,1.85e-08,9.1177e-05
0.001226,-0.0035449,0.001864,-1.7415e-06,-0.019214
0.0008961,-0.002591,0.0038213,-3.6358e-06,-0.040044
-0.00099527,0.00042843,0.0021731,-2.0675e-06,-0.022772
-0.016174,0.019654,0.00058755,-5.5902e-07,-0.0061569
-0.015131,0.018586,-0.0001315,1.2512e-07,0.001378
-0.006002,0.007382,-0.0003375,3.2111e-07,0.0035367
-0.00067149,0.00081864,-0.00029248,2.7828e-07,0.003065
0.0013378,-0.0016546,-0.00017602,1.6747e-07,0.0018445
0.0015954,-0.0019732,-8.307e-05,7.9037e-08,0.0008705
0.0011244,-0.0013907,0.0010033,-9.5454e-07,-0.010513
0.00059398,-0.00073466,0.0021448,-2.0406e-06,-0.022475
0.0002544,-0.00031466,0.0012226,-1.1633e-06,-0.012812
9.2383e-05,-0.00011426,0.00033147,-3.1537e-07,-0.0034735
2.9325e-05,-3.627e-05,-7.4188e-05,7.0586e-08,0.00077742
-0.0013974,0.0017284,-0.0001904,1.8115e-07,0.0019952
-0.0097481,0.012057,-0.00016501,1.5699e-07,0.0017291
-0.0080624,0.009972,-9.9256e-05,9.4437e-08,0.0010401
-0.0029829,0.0036894,0.0005375,-5.114e-07,-0.0056325
-0.00020274,0.00025076,0.0011978,-1.1396e-06,-0.012552
0.00080282,-0.00099296,0.00068538,-6.521e-07,-0.0071822
0.00078162,-0.00094836,0.00018513,-1.7614e-07,-0.00194
-0.0038082,0.0055031,-4.1853e-05,3.9821e-08,0.00043858
-0.005044,0.0072015,-0.00010741,1.022e-07,0.0011256
-0.0023041,0.0032876,-9.3088e-05,8.8568e-08,0.00097548
-0.0004045,0.00058143,-5.6021e-05,5.33e-08,0.00058704
0.00036937,-0.00052063,-2.6464e-05,2.5179e-08,0.00027731
0.00052307,-0.00074027,-9.8325e-06,5.4218e-07,0.00010861
0.00039419,-0.00055843,0.0073633,0.0070369,-0.003418
0.00021881,-0.00030998,0.01533,0.014644,-0.0071789
9.7322e-05,-0.00013787,0.0087183,0.0083278,-0.0040887
3.6426e-05,-5.1602e-05,0.0023572,0.0022516,-0.0011055
-0.00078098,0.00017751,-0.00052759,-0.00050396,0.00024743
-0.015811,0.0038708,-0.001354,-0.0012934,0.00063501
-0.016671,0.0040855,-0.0011734,-0.0011209,0.00055032
-0.0070734,0.0017335,-0.00070618,-0.00067455,0.00033118
-0.0010698,0.00026219,-0.00033328,-0.00031835,0.0001563
0.0012822,-0.00031422,0.0040251,0.0038448,-0.0018877
0.0016782,-0.00041128,0.0086048,0.0082193,-0.0040354
0.0012266,-0.00030061,0.0049052,0.0046855,-0.0023004
0.00066396,-0.00016272,0.0013298,0.0012703,-0.00062367
0.0016825,0.00028657,-0.00029764,-0.00028431,0.00013959
0.0097647,0.0024534,-0.00076389,-0.00072967,0.00035824
0.0080221,0.0020424,-0.000662,-0.00063235,0.00031046
0.0029652,0.00075633,-0.00039839,-0.00038055,0.00018684
0.00020087,5.157e-05,-0.00018802,-0.0001796,8.8177e-05
-0.00079539,-0.00020421,0.0022708,0.002169,-0.0010649
-0.00087574,-0.00022483,0.0048544,0.0046369,-0.0022766
-0.00059627,-0.00015308,0.0027673,0.0026433,-0.0012978
-0.00030762,-7.8978e-05,0.00075024,0.00071663,-0.00035184
-0.00012938,-3.3216e-05,-0.00016792,-0.00016039,7.8748e-05
0.00073943,0.00018984,-0.00043095,-0.00041164,0.0002021
0.005434,0.0013951,-0.00037347,-0.00035674,0.00017515
0.0045023,0.0011559,-0.00022475,-0.00021469,0.0001054
0.0016673,0.00042805,-0.00010607,-0.00010132,4.9745e-05
0.00011332,2.9094e-05,0.001281,0.0012237,-0.00060078
-0.00044872,-0.0001152,0.0027386,0.0026159,-0.0012843
-0.00049405,-0.00012684,0.0015612,0.0014912,-0.00073215
-0.00033639,-8.6363e-05,0.00042325,0.00040429,-0.00019849
-0.0025821,6.9249e-05,-9.473e-05,-9.0486e-05,4.4426e-05
-0.016775,0.00077042,-0.00024312,-0.00023223,0.00011402
-0.01384,0.00064599,-0.00021064,-0.0002012,9.8784e-05
-0.0051189,0.00023938,0.00061943,0.00059168,-0.0002905
-0.00034967,1.5822e-05,0.0014931,0.0014262,-0.00070021
0.0013755,-6.4992e-05,0.0008596,0.0008211,-0.00040313
0.0015144,-7.1557e-05,0.00023082,0.00022048,-0.00010825
-0.00032764,1.5481e-05,-5.5825e-05,-5.3324e-05,2.6181e-05
-0.0088903,0.00042007,-0.00013716,-0.00013101,6.4323e-05
-0.0075692,0.00035765,-0.00011886,-0.00011354,5.5744e-05
-0.0028032,0.00013245,-7.1532e-05,-6.8328e-05,3.3547e-05
-0.00017086,8.0732e-06,-3.3791e-05,-3.2277e-05,1.5847e-05
0.00078304,-3.6999e-05,-1.3235e-05,-1.2642e-05,6.2068e-06
0.00085437,-4.0369e-05,0.00041649,0.00039784,-0.00019533
0.00058172,-2.7487e-05,0.00087476,0.00083558,-0.00041024
0.00030012,-1.4181e-05,0.00049821,0.0004759,-0.00023365
0.00012622,-5.9641e-06,0.00013471,0.00012867,-6.3174e-05
-0.00018982,0.0014733,-3.015e-05,-2.8799e-05,1.4139e-05
-0.0046731,0.029429,-7.7378e-05,-7.3911e-05,3.6288e-05
-0.0049372,0.031024,-6.7057e-05,-6.4053e-05,3.1448e-05
-0.0020965,0.013163,-4.1611e-05,-3.9804e-05,1.8917e-05
-0.00031709,0.0019909,-0.016621,-0.01663,-0.00010244
0.00038003,-0.0023861,-0.034557,-0.034578,-0.00022829
0.00049741,-0.0031231,-0.019649,-0.019662,-0.00013063
-6.8894e-05,0.00093163,-0.0053129,-0.0053163,-3.5284e-05
-0.002802,0.021054,0.0011889,0.0011897,7.9768e-06
-0.0023944,0.017896,0.0030514,0.0030533,2.0472e-05
-0.00088599,0.0066218,0.0026444,0.0026461,1.7742e-05
-5.2198e-05,0.00039971,0.0015914,0.0015924,1.0677e-05
0.00024989,-0.001854,0.00075061,0.00075153,4.9058e-06
0.00027192,-0.0020211,-0.014851,-0.0090764,-0.0018201
0.00018514,-0.0013761,-0.031421,-0.019404,-0.0037913
9.5518e-05,-0.00070996,-0.017895,-0.011061,-0.0021562
-0.0006903,0.00025731,-0.0048465,-0.0029988,-0.00058304
-0.014556,0.010981,0.0010847,0.00067118,0.0001305
-0.015355,0.011655,0.0027839,0.0017225,0.00033491
-0.0065157,0.0049501,0.0024126,0.0014928,0.00029024
-0.00098567,0.00075012,0.0014519,0.00089837,0.00017467
0.0011813,-0.000899,0.00068522,0.00042398,8.2433e-05
0.0015462,-0.0011767,-0.0082755,-0.0051205,-0.00099556
0.0011301,-0.00086005,-0.017691,-0.010947,-0.0021283
0.00061173,-0.00046554,-0.010085,-0.0062401,-0.0012133
0.00026694,-0.00020315,-0.0027342,-0.0016918,-0.00032893
9.8396e-05,-7.4881e-05,0.00061195,0.00037865,7.3619e-05
3.1621e-05,-2.4064e-05,0.0015705,0.00097178,0.00018894
9.067e-06,-6.9002e-06,0.0013611,0.00084217,0.00016374
0,0,0.0008191,0.00050682,9.8539e-05
0,0,0.00038693,0.00023941,4.6549e-05
0,0,0.00015191,9.3996e-05,1.8275e-05
0,0,5.141e-05,3.181e-05,6.1847e-06
0,0,1.5392e-05,9.5241e-06,1.8517e-06
