0,0,0,0,0
0,0,0,0,0
0,0,0,0,0
0,0,0,0,0
0,0,0,0,0
0,0,0,0,0
0,0,0,0,0
0,0,0,0,0
-1.7994e-05,0.0013425,0,0,0
-8.5167e-05,0.0063543,0,0,0
-6.3402e-05,0.0047305,0,0,0
-2.1861e-05,0.001631,7.1551e-07,-6.9197e-09,-2.2814e-07
-3.3677e-07,2.5126e-05,0.009459,-9.1478e-05,-0.0030159
7.0967e-06,-0.00052949,0.019685,-0.00019037,-0.0062764
7.2861e-06,-0.00054362,0.011194,-0.00010826,-0.0035692
4.8004e-06,-0.00035816,0.0030267,-2.9271e-05,-0.00096504
2.4204e-06,-0.00018058,-0.00067742,6.5513e-06,0.00021599
-0.0013112,-9.8081e-06,-0.0017386,1.6814e-05,0.00055433
-0.026174,0.0012663,-0.0015067,1.4571e-05,0.0004804
-0.027592,0.0013544,-0.00090673,8.769e-06,0.0002891
-0.011707,0.00057587,-0.00042833,4.1424e-06,0.00013657
-0.0017707,8.7442e-05,-0.00016817,1.6263e-06,5.3618e-05
0.0021221,-0.0001048,-5.6739e-05,5.4872e-07,1.8091e-05
0.0027776,-0.00013717,0.0022445,-2.1706e-05,-0.00071563
0.0020302,-0.00010026,0.0047064,-4.5515e-05,-0.0015006
0.0010989,-5.4268e-05,0.0026764,-2.5883e-05,-0.00085334
0.00047953,-2.3681e-05,0.00072363,-6.9982e-06,-0.00023072
-0.00043122,-0.0020964,-0.00016196,1.5663e-06,5.164e-05
-0.0066728,-0.023111,-0.00041567,4.0199e-06,0.00013253
-0.0062302,-0.02145,-0.00036114,4.4339e-06,0.00011484
-0.0024754,-0.0085,-0.012242,0.012563,-0.00010327
-0.00027874,-0.00095715,-0.025129,0.026142,-0.00032612
0.00054944,0.0018867,-0.014272,0.014866,-0.0001912
-0.00033722,0.0017508,-0.0038616,0.0040194,-5.0824e-05
-0.010523,-0.0039391,0.00085717,-0.00089955,1.3645e-05
-0.0099526,-0.0042905,0.0022103,-0.0023088,3.1686e-05
-0.0039362,-0.0016734,0.0019155,-0.0020008,2.746e-05
-0.00041706,-9.8551e-05,0.0011526,-0.0012039,1.6522e-05
0.00090894,0.00049244,-0.0023306,0.0024344,-3.341e-05
0.001073,0.00054966,-0.0057697,0.0060266,-8.2711e-05
0.00075384,0.00037913,-0.0033302,0.0034785,-4.7741e-05
0.00039822,0.00020028,-0.00089833,0.00093833,-1.2878e-05
-6.6719e-05,0.0023383,0.00020591,-0.00021508,2.9518e-06
-0.0025645,0.024964,0.00052846,-0.00055199,7.5757e-06
-0.0024182,0.023153,0.00045899,-0.00047938,6.5646e-06
-0.00096049,0.0091738,0.013663,-0.013644,-5.9033e-06
-0.00010878,0.0010327,0.02799,-0.027932,-1.8641e-05
-0.00025196,-0.0017577,0.015894,-0.01586,-1.0929e-05
-0.0090472,0.0031155,0.0043008,-0.0042918,-2.9052e-06
-0.0096265,0.0041324,-0.00095355,0.00095113,7.7998e-07
-0.0040658,0.0015755,-0.0024605,0.0024549,1.8112e-06
-0.00058856,-1.2123e-05,-0.0021324,0.0021275,1.5697e-06
0.00076906,-0.00058999,-0.001283,0.0012801,9.4444e-07
0.00099192,-0.00063286,0.0025944,-0.0025885,-1.9098e-06
0.0007229,-0.00044261,0.0064228,-0.0064081,-4.7279e-06
0.00039058,-0.00023273,0.0037072,-0.0036987,-2.7289e-06
-0.00060469,0.011299,0.001,-0.00099773,-7.3612e-07
-0.002605,0.039201,-0.00022922,0.00022869,1.6873e-07
-0.0017828,0.026507,-0.00058828,0.00058693,4.3304e-07
-0.00057148,0.0084871,-0.00050839,0.00050859,-9.9358e-07
2.758e-05,-0.00040566,0.018554,-0.00045736,-0.018096
0.00022575,-0.0033204,0.039106,-0.0014442,-0.03766
0.0002178,-0.0032035,0.022264,-0.00084675,-0.021416
5.2089e-05,-0.00076614,0.0060158,-0.00022508,-0.0057904
-0.00053448,0.0078613,-0.0013565,6.0429e-05,0.001296
-0.00047093,0.0069265,-0.0034663,0.00014031,0.0033258
-0.00017485,0.0025717,0.001505,-6.0922e-05,-0.001444
-9.5766e-06,0.00014085,0.0075763,-0.00030668,-0.0072692
4.9665e-05,-0.00073048,0.0044825,-0.00018145,-0.0043008
5.4682e-05,-0.00080427,0.0011076,-4.4833e-05,-0.0010627
3.7231e-05,-0.00054761,-0.00043642,1.7666e-05,0.00041873
-1.2362e-05,0.0031047,-0.0008628,3.4925e-05,0.00082782
-0.00014135,0.015914,-0.00071828,2.9075e-05,0.00068916
-0.00010835,0.011893,-0.00043226,1.7497e-05,0.00041473
-3.7449e-05,0.0041019,-0.00020419,8.2656e-06,0.00019592
-3.3621e-07,5.965e-05,-7.9574e-05,3.7551e-06,7.684e-05
1.2452e-05,-0.0013359,0.0078368,0.0067433,-0.0010084
1.2784e-05,-0.0013716,0.016357,0.014031,-0.0021449
8.4225e-06,-0.00090366,0.0093066,0.0079791,-0.0012242
3.6054e-06,-6.0423e-07,0.0025163,0.0021574,-0.00033099
-2.5888e-05,0.019429,-0.00056319,-0.00048286,7.408e-05
-3.2944e-05,0.023752,-0.0014454,-0.0012392,0.00019012
-1.5069e-05,0.01081,-0.0012526,-0.0010739,0.00016477
-2.775e-06,0.0020014,-0.00075383,-0.0006463,9.9156e-05
2.2234e-06,-0.0015779,-0.0003561,-0.00030531,4.684e-05
3.2529e-06,-0.0023084,-0.00014046,-0.00012054,1.8371e-05
2.4708e-06,-0.0017534,-0.0087229,-0.0089844,-0.00024108
1.3715e-06,-0.00097331,-0.018069,-0.018625,-0.00051281
6.1002e-07,-0.00043291,-0.010267,-0.010585,-0.00029268
2.2832e-07,-0.00016203,-0.002776,-0.0028618,-7.9134e-05
-6.3175e-07,0.0034132,0.00062132,0.00064053,1.7711e-05
-7.7936e-06,0.038348,0.0015946,0.0016439,4.5456e-05
-7.2541e-06,0.035609,0.0013831,0.0014258,3.9389e-05
-2.8747e-06,0.014111,0.01635,0.016312,-3.5421e-05
-3.237e-07,0.001589,0.032689,0.032567,-0.00011185
-0.0054125,-0.0010142,0.01852,0.018449,-6.5578e-05
-0.025621,0.0062893,0.0050179,0.004999,-1.7432e-05
-0.019073,0.0048302,-0.0010958,-0.0010907,4.68e-06
-0.0065763,0.0011824,-0.0028524,-0.0028406,1.0868e-05
-0.00010119,-0.000556,-0.0024717,-0.0024614,9.4172e-06
0.002135,-0.0010516,0.0022227,0.0022135,-8.4686e-06
0.002192,-0.00092627,0.0070187,0.0069897,-2.6742e-05
0.0014442,-0.00058451,0.004115,0.004098,-1.5679e-05
0.00072814,-0.00028489,0.0010938,0.0010893,-4.1676e-06
-0.0019774,0.00021578,-0.00029367,-0.00029246,1.1189e-06
-0.015692,0.002271,-0.00068196,-0.00067914,2.5983e-06
-0.013033,0.0018997,-0.00059093,-0.00058849,2.2515e-06
-0.0048251,0.00070405,0.00053141,0.00052921,-2.0247e-06
-0.00032858,4.8096e-05,0.0016781,0.0016711,-6.3935e-06
0.0013011,-0.00019045,0.00098384,0.00097977,-3.7485e-06
-0.001964,-0.00012996,0.00026152,0.00026044,-9.9642e-07
-0.022577,0.00041011,-7.0213e-05,-6.9923e-05,2.6752e-07
-0.018977,0.00038362,-0.00016304,-0.00016237,6.2121e-07
-0.0069955,0.0001382,-0.0001413,-0.00014072,5.3836e-07
-0.00041412,4.1346e-07,-8.5018e-05,-8.4666e-05,3.2392e-07
0.0019635,-4.901e-05,0.00017192,0.00017121,-6.5501e-07
0.0021423,-5.1109e-05,0.0004256,0.00042384,-1.6216e-06
0.0014541,-3.4134e-05,0.00024565,0.00024464,-9.3596e-07
0.00075019,-1.761e-05,6.6265e-05,6.5991e-05,-2.5247e-07
0.00031551,-7.4065e-06,-1.5189e-05,-1.5126e-05,5.7871e-08
-0.00069915,-0.002978,-3.8981e-05,-3.882e-05,1.4852e-07
-0.0055956,-0.020633,-3.3782e-05,-3.3643e-05,1.2871e-07
-0.0046474,-0.017064,-1.9528e-05,-2.1041e-05,7.7445e-08
-0.0017231,-0.0063134,0.010597,-0.010515,-1.566e-07
-0.00011712,-0.00042911,0.022069,-0.021866,-3.8769e-07
0.00046375,0.0016992,0.012551,-0.012434,-2.2377e-07
0.0005106,0.0018708,0.0033935,-0.0033618,-6.0362e-08
0.00034766,0.0012738,-0.0007596,0.00075235,1.3836e-08
-0.00011544,-0.00042296,-0.0019495,0.0019309,3.5509e-08
-0.0013199,-0.004836,-0.0016895,0.0016734,3.0773e-08
-0.0010117,-0.003707,-0.0010167,0.001007,1.8519e-08
-0.00034969,-0.0012813,-0.00048029,0.00047571,8.7484e-09
-3.1394e-06,-1.1503e-05,-0.00018857,0.00018677,3.4347e-09
0.00011627,0.00042601,-6.3622e-05,6.3015e-05,1.1589e-09
0.00011937,0.00043737,0.0025167,-0.0024927,-4.5842e-08
7.8647e-05,0.00028816,0.0052773,-0.005227,-9.6125e-08
3.9654e-05,0.00014529,0.003001,-0.0029724,-5.4663e-08
1.6383e-05,6.0028e-05,0.00081142,-0.00080367,-1.478e-08
5.7791e-06,2.1174e-05,-0.00018161,0.00017988,3.308e-09
-6.869e-05,0.0057023,-0.00046609,0.00046164,8.4897e-09
-0.0003331,0.026961,-0.00040393,0.00040007,7.3574e-09
-0.00024835,0.02007,-0.00024308,0.00024076,4.4277e-09
-8.5629e-05,0.0069199,-0.00011583,0.00011369,-1.0435e-06
-1.3191e-06,0.0001066,-0.013262,-0.00055584,-0.013823
2.7798e-05,-0.0022464,-0.027521,-0.0012346,-0.028767
2.854e-05,-0.0023064,-0.015646,-0.00070613,-0.016359
1.221e-05,-0.0033586,-0.0042291,-0.00019215,-0.0044231
-6.3495e-05,-0.021122,0.00094654,4.3005e-05,0.00098996
-6.3819e-05,-0.019211,0.0024293,0.00011037,0.0025407
-2.5461e-05,-0.0075993,0.0021053,9.5651e-05,0.0022018
-2.5944e-06,-0.00087776,0.0012669,5.7563e-05,0.0013251
6.0772e-06,0.0016524,0.00059849,2.7192e-05,0.00062595
7.1053e-06,0.001982,0.00023367,9.6003e-06,0.0002455
5.0078e-06,0.0013969,-0.017155,-0.014214,-0.0032217
2.6454e-06,0.00073792,-0.035842,-0.029588,-0.0068528
1.133e-06,0.00031606,-0.020396,-0.016826,-0.0039111
4.1144e-07,0.00011477,-0.0055146,-0.0045494,-0.0010575
1.306e-07,3.6431e-05,0.0012343,0.0010182,0.00023668
-1.5392e-06,0.00062951,0.0031677,0.0026133,0.00060744
-1.7447e-05,0.0068535,0.0027452,0.0022647,0.00052642
-1.6195e-05,0.0063614,0.0016521,0.0013629,0.0003168
-6.4176e-06,0.0025209,0.00078042,0.00064383,0.00014965
-7.2266e-07,0.00028387,0.0003064,0.00025277,5.8755e-05
1.4245e-06,-0.00055956,0.00010369,8.5542e-05,1.9884e-05
1.6988e-06,-0.00066729,3.1209e-05,2.4879e-05,5.8936e-06
1.1973e-06,-0.00047031,0.0021627,-0.0096825,-0.00079014
6.3247e-07,-0.00024844,0.0045009,-0.02015,-0.0016444
2.7089e-07,-0.00010641,0.0025595,-0.011459,-0.00093509
-8.6485e-07,0.016578,0.00069204,-0.0030982,-0.00025283
-4.5279e-06,0.078637,-0.00015489,0.00069343,5.6587e-05
-3.3851e-06,0.058547,-0.00040033,0.0017766,0.00014521
-1.1702e-06,0.020188,-0.037527,-0.038472,-6.3051e-05
-1.8028e-08,0.000311,-0.077587,-0.082345,-0.0003174
3.799e-07,-0.0065537,-0.044101,-0.046916,-0.00018779
3.9003e-07,-0.0067285,-0.011936,-0.012632,-4.64e-05
2.5697e-07,-0.004433,0.0026498,0.0029239,1.8283e-05
0.0032475,0.0017376,0.0068302,0.0073721,3.6145e-05
0.015371,0.01788,0.0059226,0.0063737,3.0091e-05
0.011443,0.013673,0.0035636,0.003835,1.8105e-05
0.0039454,0.0047257,-0.0072059,-0.0077548,-3.6611e-05
6.0781e-05,4.628e-05,-0.017839,-0.019198,-9.0635e-05
-0.0012808,-0.0015669,-0.010297,-0.011081,-5.2314e-05
-0.001315,-0.0016087,-0.0027775,-0.0029891,-1.4112e-05
-0.00035503,-0.0037139,0.00063665,0.00068514,3.2346e-06
0.0031089,-0.018938,0.0016339,0.0017584,8.3015e-06
0.0027521,-0.015442,0.001415,0.0015228,7.1935e-06
0.0010213,-0.0057095,-0.012834,-0.012931,-6.4688e-06
5.4018e-05,-0.00040691,-0.02808,-0.028386,-2.0427e-05
-0.0002975,0.001509,-0.016039,-0.016219,-1.1976e-05
-0.00032151,0.0016688,-0.0043259,-0.0043736,-3.1835e-06
-9.666e-05,0.00050171,0.00099619,0.001009,8.547e-07
0.00073479,-0.0038139,0.0025156,0.0025453,1.9848e-06
0.00065364,-0.0033927,0.0021801,0.0022059,1.72e-06
0.00024241,-0.0012582,0.001312,0.0013275,1.0351e-06
1.2301e-05,-6.3848e-05,0.00061951,0.00062684,4.8878e-07
-7.1314e-05,0.00037015,-0.0030289,-0.0030647,-2.3897e-06
-7.6869e-05,0.00039898,-0.0067274,-0.006807,-5.3078e-06
-5.2338e-05,0.00027166,-0.0038478,-0.0038934,-3.0359e-06
-0.00029911,0.00012058,-0.001047,-0.0010594,-8.261e-07
-0.011742,-0.00078467,0.00023435,0.00023712,1.8489e-07
-0.014248,-0.0010032,0.00060144,0.00060855,4.7452e-07
-0.0064779,-0.00045913,0.00052122,0.00052739,4.1123e-07
-0.0012007,-8.4459e-05,0.00031367,0.00031738,2.4748e-07
0.00094358,6.7855e-05,0.00014817,0.00014993,1.1691e-07
0.0013805,9.9272e-05,5.8115e-05,5.8803e-05,4.5852e-08
0.0010486,7.5406e-05,-0.00076265,-0.00077167,-6.0171e-07
0.00058205,4.1857e-05,-0.0016222,-0.0016414,-1.2799e-06
0.00025889,1.8617e-05,-0.00092585,-0.0009368,-7.3048e-07
9.6896e-05,6.968e-06,-0.00025033,-0.00025329,-1.9751e-07
3.1533e-05,2.2676e-06,5.6028e-05,5.6691e-05,4.4205e-08
9.1374e-06,6.5709e-07,0.00014379,0.00014549,1.1345e-07
-0.00076585,-0.0018954,0.00012462,0.00012609,9.832e-08
-0.0036249,-0.0089713,7.5303e-05,7.5543e-05,5.9158e-08
-0.0026986,-0.0066787,0.004121,-0.004426,-1.1962e-07
-0.00093045,-0.0023028,0.0085163,-0.0092714,-2.9614e-07
-1.4334e-05,-3.5475e-05,0.0048397,-0.0052756,-1.7093e-07
0.00018147,0.001875,0.0013087,-0.0014263,-4.6109e-08
-0.00052609,0.0085857,-0.00029366,0.0003206,1.0566e-08
-0.00048729,0.0069719,-0.014854,0.014833,-8.1583e-09
-0.00015286,0.0026473,-0.03,0.029873,-4.992e-08
2.5171e-05,0.00026794,-0.017082,0.017011,-2.7609e-08
8.388e-05,-0.00060672,-0.0046976,0.0046859,-4.6072e-09
8.0476e-05,-0.0006974,0.00093737,-0.00092424,5.1505e-09
5.2921e-05,-0.00047949,0.0025675,-0.0025487,7.3729e-09
-2.1963e-06,-0.0019044,0.002239,-0.002224,5.8859e-09
-0.00018872,-0.011584,0.0013519,-0.0013433,3.3822e-09
-0.00016134,-0.0095317,0.00063862,-0.00063454,1.5977e-09
-5.992e-05,-0.0035244,0.00025073,-0.00024913,6.2727e-10
-3.805e-06,-0.00024205,8.5108e-05,-8.4569e-05,2.1164e-10
1.6465e-05,0.00094539,0.0034395,-0.0034608,-8.372e-09
1.8128e-05,0.0010409,0.007105,-0.0071498,-1.7555e-08
1.2343e-05,0.00070872,0.0040404,-0.0040658,-9.983e-09
-4.0984e-06,0.001605,0.0010924,-0.0010993,-2.6992e-09
-4.6861e-05,0.00602,-0.0002445,0.00024605,6.0413e-10
-3.5921e-05,0.0044221,-0.00062751,0.00063146,1.5505e-09
-1.2415e-05,0.001523,-0.00054382,0.00054724,1.3437e-09
-1.1146e-07,2.8044e-05,-0.00032727,0.00032933,8.0862e-10
4.128e-06,-0.00048881,-0.00015201,0.00015551,-3.2281e-07
4.2381e-06,-0.00050186,0.034182,-0.00076031,-0.0042726
2.7923e-06,-0.00033065,0.071242,-0.0016887,-0.0088916
1.4079e-06,-0.00016671,0.040518,-0.00096589,-0.0050564
5.8167e-07,-6.8879e-05,0.010957,-0.00026283,-0.0013671
2.0518e-07,-2.4296e-05,-0.0024524,5.8826e-05,0.00030599
0.0012697,0.0001084,-0.0062939,0.00015097,0.0007853
0.014054,0.0012811,-0.0054544,0.00013084,0.00068057
0.013045,0.0011911,-0.0032825,7.8738e-05,0.00040956
0.0051693,0.00047201,-0.0015506,3.7195e-05,0.00019347
0.0005821,5.3151e-05,-0.00060878,1.4603e-05,7.5959e-05
-0.0011474,-0.00010477,-0.0002054,4.9271e-06,2.5629e-05
-0.0013683,-0.00012494,0.0081252,-0.0001949,-0.0010138
-0.0009644,-8.8059e-05,0.017038,-0.00040869,-0.0021258
-0.00050945,-4.6518e-05,0.0096888,-0.00023241,-0.0012089
0.00055766,0.0015665,0.0026196,-6.2838e-05,-0.00032686
0.0035931,0.0075016,-0.00058632,1.4064e-05,7.3157e-05
0.0027087,0.0055876,-0.0015048,3.6095e-05,0.00018775
0.00093548,0.0019267,-0.0013027,3.1278e-05,0.00016243
1.4521e-05,2.9691e-05,0.01776,-2.8127e-05,-0.0036649
-0.000306,-0.00062569,0.038223,-8.8818e-05,-0.0077845
-0.00031417,-0.00064238,0.021801,-5.2074e-05,-0.0044349
-0.00020699,-0.00042323,0.0058848,-1.3842e-05,-0.0011979
-0.00010436,-0.00021339,-0.0013429,3.7163e-06,0.00027132
0.00021721,0.0086482,-0.0034086,8.6298e-06,0.00069161
0.00088078,0.030037,-0.002954,7.4788e-06,0.00059937
0.00060085,0.020312,-0.0017777,4.5008e-06,0.0003607
0.00019257,0.0065037,-0.00084046,2.1253e-06,0.0001693
-9.263e-06,-0.00031086,-0.0094676,-1.0391e-05,-0.014404
-7.5821e-05,-0.0025445,-0.019128,-2.3079e-05,-0.030094
-7.315e-05,-0.0024548,-0.010848,-1.32e-05,-0.017119
-2.3531e-06,0.0020861,-0.0029239,-3.5919e-06,-0.0046305
0.00018689,0.016519,0.00065483,1.3741e-06,0.0010361
0.00014692,0.012559,0.0070347,0.0075392,-0.00080001
5.0629e-05,0.0043295,0.0126,0.015687,-0.0048952
-1.6604e-07,3.495e-05,0.0072134,0.0089209,-0.0027074
-1.7492e-05,-0.0014409,0.0021273,0.0024122,-0.00045178
-1.7958e-05,-0.0014794,-0.00022106,-0.00053959,0.00050506
-1.1832e-05,-0.00097467,-0.0009293,-0.0013853,0.00072299
0.0028528,8.3832e-05,-0.00083654,-0.0012005,0.00057718
0.019821,0.003786,-0.00051334,-0.0007225,0.00033166
0.016395,0.0032276,-0.00024249,-0.0003413,0.00015667
0.0060659,0.0011985,-9.5205e-05,-0.000134,6.1511e-05
0.00041223,7.6793e-05,-3.2122e-05,-4.5211e-05,2.0754e-05
-0.0016326,-0.00032852,0.0012707,0.0017884,-0.00082097
-0.0017975,-0.00036171,0.0026645,0.0037502,-0.0017215
-0.0012239,-0.00024628,0.0015152,0.0021326,-0.00097895
-0.00063143,-0.00012706,0.00040968,0.00057661,-0.00026469
-0.00017741,-3.5698e-05,-9.1693e-05,-0.00012905,5.9241e-05
0.0037057,0.00074568,-0.00023532,-0.00033121,0.00015204
0.0045849,0.0009226,-0.00020394,-0.00028704,0.00013176
0.00209,0.00042055,-0.00012273,-0.00017274,7.9294e-05
0.00038888,7.8253e-05,-5.7977e-05,-8.16e-05,3.7458e-05
-0.00030571,-6.1516e-05,-2.2762e-05,-3.2037e-05,1.4706e-05
-0.00044725,-8.9998e-05,-7.6799e-06,-1.0809e-05,4.9619e-06
-0.00033973,-6.8361e-05,0.0003038,0.00042759,-0.00019628
-0.00018858,-3.7946e-05,0.00063703,0.0008966,-0.00041158
-8.3875e-05,-1.6878e-05,0.00036226,0.00050987,-0.00023405
-3.1393e-05,-6.317e-06,9.7947e-05,0.00013786,-6.3282e-05
0.0001532,0.0064474,-2.1922e-05,-3.0855e-05,1.4164e-05
0.0011302,0.044722,-5.4546e-05,-7.7469e-05,3.6347e-05
0.00093721,0.036989,0.022644,0.022654,-1.5781e-05
0.00034675,0.013685,0.047196,0.047246,-7.9444e-05
2.3568e-05,0.00093016,0.026842,0.026871,-4.7002e-05
-9.3323e-05,-0.0036832,0.0072557,0.0072631,-1.1614e-05
-6.368e-05,0.00012463,-0.001627,-0.0016299,4.5762e-06
0.00020096,0.026224,-0.0041715,-0.0041772,9.0471e-06
0.00018798,0.022548,-0.0036146,-0.0036194,7.5317e-06
6.7722e-05,0.0082703,-0.0021753,-0.0021782,4.5326e-06
2.026e-07,0.00038845,-0.0010276,-0.0010289,2.1411e-06
-2.4016e-05,-0.0024543,-0.00040344,-0.00040397,8.4063e-07
-2.5044e-05,-0.0026471,-0.00013827,-0.00013845,2.8363e-07
-1.6726e-05,-0.0017895,-0.023015,-0.023008,-1.122e-05
-8.6293e-06,-0.00092322,-0.047812,-0.047797,-2.3526e-05
-3.6293e-06,-0.00038829,-0.027189,-0.027181,-1.3379e-05
4.2504e-06,0.0025725,-0.0073514,-0.0073491,-3.6173e-06
6.1015e-05,0.029969,0.0016454,0.0016449,8.0961e-07
5.6898e-05,0.027845,0.0042228,0.0042214,2.0778e-06
2.2593e-05,0.011039,0.0036596,0.0036584,1.8007e-06
2.5441e-06,0.0012431,0.0022023,0.0022016,1.0837e-06
-5.0149e-06,-0.0024503,0.0010404,0.00104,5.1191e-07
-5.9804e-06,-0.0029221,0.00040845,0.00040832,2.0098e-07
-4.215e-06,-0.0020595,0.00013686,0.00013872,6.7811e-08
-2.2266e-06,-0.001088,-0.018018,0.0071166,-2.6824e-06
-9.5366e-07,-0.00046598,-0.037583,0.014724,-5.6248e-06
3.0447e-06,0.0014877,-0.021372,0.0083732,-3.1986e-06
1.594e-05,0.0077887,-0.0057786,0.0022639,-8.6484e-07
1.1917e-05,0.005823,0.001293,-0.00050658,1.9352e-07
4.1198e-06,0.002013,-0.00099836,0.00039114,-1.4942e-07
6.3466e-08,3.101e-05,-0.0061089,0.0023933,-9.1427e-07
-1.3374e-06,-0.00065348,-0.0033786,0.0013237,-5.0565e-07
-1.3731e-06,-0.00067092,-0.0005638,0.00022088,-8.4379e-08
-9.3928e-08,0.0053668,0.00063028,-0.00024693,9.433e-08
3.3812e-06,0.027272,0.00090225,-0.00035348,1.3503e-07
2.6682e-06,0.020376,0.00072028,-0.00028219,1.078e-07
9.185e-07,0.0070249,0.00041286,-0.00016117,6.1932e-08
-5.4269e-09,9.8654e-05,-0.013403,0.012894,-1.2523e-07
-3.2548e-07,-0.0022938,-0.028223,0.026963,-3.1003e-07
-3.2829e-07,-0.0023522,-0.016067,0.01534,-1.7895e-07
-0.001426,-0.00063506,-0.0043435,0.0041473,-4.8271e-08
-0.009887,0.0055612,0.00097389,-0.00092893,1.1064e-08
-0.0081772,0.0049229,0.0024995,-0.0023841,2.8396e-08
-0.0030254,0.0018269,0.0021658,-0.0020658,2.4606e-08
-0.00020564,9.6625e-05,-0.0019477,0.0018577,-2.2128e-08
0.00081424,-0.00053216,-0.0061503,0.0058664,-6.9874e-08
0.0008965,-0.00057511,-0.0036059,0.0034394,-4.0967e-08
0.0006104,-0.00039158,-0.00095851,0.00091425,-1.089e-08
-2.5968e-05,1.6659e-05,0.00025734,-0.00024546,2.9236e-09
-0.0022313,0.0014314,0.00059752,-0.00056993,6.7885e-09
-0.0019076,0.0012238,-0.00025944,0.00024746,-2.9475e-09
-0.00070846,0.00045449,-0.001306,0.0012457,-1.4838e-08
-4.4988e-05,2.886e-05,-0.00077269,0.00073701,-8.7786e-09
7.0924e-05,-4.5499e-05,-0.00019092,0.00018211,-2.1691e-09
-0.00037139,0.00023825,7.523e-05,-7.1757e-05,8.5469e-10
-0.0002901,0.00018611,0.00014873,-0.00014186,1.6897e-09
-7.5054e-05,4.8148e-05,0.00012382,-0.0001181,1.4067e-09
2.935e-05,-1.8828e-05,7.4499e-05,-7.1059e-05,8.4639e-10
6.0138e-05,-3.858e-05,-0.00015065,0.00014369,-1.7115e-09
5.3663e-05,-3.4425e-05,-0.00037294,0.00035572,-4.237e-09
3.4012e-05,-2.1819e-05,-0.00021526,0.00020532,-2.4456e-09
1.6646e-05,-1.0678e-05,-5.8066e-05,5.5385e-05,-6.5969e-10
-0.0043529,1.4568e-05,1.331e-05,-1.2695e-05,1.5121e-10
-0.020633,8.828e-05,3.4158e-05,-3.2581e-05,3.8808e-10
-0.015361,6.6396e-05,2.9603e-05,-2.8236e-05,3.3632e-10
-0.0052966,2.2925e-05,1.7811e-05,-1.6989e-05,2.0236e-10
-8.1598e-05,3.5523e-07,-3.6017e-05,3.4354e-05,-4.0919e-10
0.0017195,-7.4858e-06,-8.9164e-05,8.5047e-05,-1.013e-09
0.0017654,-7.6855e-06,-5.1465e-05,4.9089e-05,-5.847e-10
0.0011631,-5.0636e-06,-1.3883e-05,1.3242e-05,-1.5772e-10
0.00058644,-2.553e-06,3.1821e-06,-3.0352e-06,3.6152e-11
-0.00080006,0.0021686,8.1667e-06,-7.7897e-06,9.2783e-11
-0.0048482,0.010269,7.0775e-06,-6.7507e-06,8.0408e-11
-0.0036464,0.0076448,4.2592e-06,-4.0626e-06,4.839e-11
-0.001259,0.0026359,2.012e-06,-1.9191e-06,2.2859e-11
-1.9509e-05,4.0607e-05,7.8994e-07,-7.5346e-07,8.9745e-12
0.00041111,-0.00085571,2.6733e-07,-2.5499e-07,3.0371e-12
0.00042208,-0.00087855,1.2199e-06,-7.5578e-08,-3.8023e-07
0.00027808,-0.00057882,0.015069,1.0133e-05,-0.0050266
0.00014021,-0.00029184,0.03136,2.1087e-05,-0.010461
5.7929e-05,-0.00012058,0.017833,1.1991e-05,-0.0059487
2.0434e-05,-4.2533e-05,0.0048218,3.2422e-06,-0.0016084
6.3324e-06,-1.3181e-05,-0.0010792,-7.2567e-07,0.00035999
-0.0034951,0.00051506,-0.0027697,-1.8624e-06,0.00092389
-0.016551,0.0024552,-0.0024003,-1.614e-06,0.00080066
-0.012322,0.0018278,-0.0014445,-9.713e-07,0.00048184
-0.0042484,0.00063021,-0.00068237,-4.5883e-07,0.00022762
-6.5447e-05,9.7085e-06,-0.0002679,-1.8014e-07,8.9364e-05
0.0013792,-0.00020459,-9.0391e-05,-6.078e-08,3.0151e-05
0.001416,-0.00021005,0.0035756,2.4043e-06,-0.0011927
0.00093291,-0.00013839,0.0074977,5.0415e-06,-0.002501
0.00047037,-6.9775e-05,0.0042637,2.867e-06,-0.0014222
-0.00097899,0.0071339,0.0011528,7.7517e-07,-0.00038454
-0.0039697,0.024642,-0.00025802,-1.735e-07,8.6067e-05
-0.002708,0.016658,-0.00066219,-4.4527e-07,0.00022089
-0.00086792,0.0053335,-0.00057387,-3.8588e-07,0.00019143
4.1749e-05,-0.00025486,-0.00034536,-2.3222e-07,0.0001152
0.00034173,-0.0020861,-0.00016395,-9.8418e-07,5.4398e-05
0.00032969,-0.0020127,-0.010764,-0.011561,-0.00026596
0.00021049,-0.001285,-0.022289,-0.024058,-0.00059072
0.00010379,-0.00063358,-0.012669,-0.013681,-0.00033787
4.2141e-05,-0.00025726,-0.0034237,-0.0036991,-9.1938e-05
0.0013089,0.00071415,0.00076628,0.00082793,2.0577e-05
0.0089794,0.0055452,0.0019664,0.0021246,5.2805e-05
0.0074229,0.004609,-0.00085381,-0.00092249,-2.2928e-05
0.0027463,0.0017052,-0.004298,-0.0046438,-0.00011542
0.00018666,0.0001159,-0.0025429,-0.0027475,-6.8286e-05
-0.00026929,-0.0001672,-0.00062833,-0.00067887,-1.6873e-05
0.0014101,0.00087554,0.00024758,0.0002675,6.6484e-06
0.0011015,0.00068392,0.00048946,0.00052884,1.3144e-05
0.00028497,0.00017694,0.00040748,0.00044026,1.0942e-05
-0.00011144,-6.9192e-05,0.00024517,0.0002649,6.5838e-06
-0.00022833,-0.00014178,-0.00049577,-0.00053565,-1.3313e-05
-0.00020375,-0.00012651,-0.0012273,-0.0013261,-3.2958e-05
-0.00012914,-8.0184e-05,-0.00070842,-0.00076541,-1.9023e-05
-4.0521e-05,0.00063052,-0.00019109,-0.00020647,-5.1315e-06
0.00042626,0.013343,4.3801e-05,4.7325e-05,1.1762e-06
0.00046767,0.014077,0.00011241,0.00012146,3.0187e-06
0.00019948,0.0059736,9.7421e-05,0.00010526,2.6161e-06
2.9809e-05,0.00090326,5.8628e-05,6.3345e-05,1.5744e-06
-3.6677e-05,-0.0010831,2.7695e-05,2.9923e-05,7.4372e-07
-4.8006e-05,-0.0014177,1.1433e-05,1.1166e-05,2.9169e-07
-3.5088e-05,-0.0010362,0.0073973,-0.0076938,-3.8279e-06
-1.8993e-05,-0.00056089,0.015388,-0.016019,-8.1422e-06
-8.2879e-06,-0.00024475,0.0087499,-0.00911,-4.647e-06
-0.0042631,0.00043213,0.0023658,-0.0024631,-1.2565e-06
-0.029542,0.0035932,-0.00052951,0.00055129,2.8122e-07
-0.024433,0.0029875,-0.0013588,0.0014147,7.2166e-07
-0.0090395,0.0011084,0.00058999,-0.00061426,-3.1334e-07
-0.0006144,7.5335e-05,0.00297,-0.0030922,-1.5773e-06
0.0024329,-0.00029831,0.0017572,-0.0018295,-9.3322e-07
0.0011321,-0.00013881,0.00043418,-0.00045204,-2.3059e-07
-0.0054961,0.00067391,-0.00017108,0.00017812,9.0859e-08
-0.0045083,0.0005528,-0.00033822,0.00035214,1.7963e-07
-0.0014832,0.00018186,-0.00028157,0.00029316,1.4954e-07
0.00011267,-1.3815e-05,-0.00016942,0.00017639,8.9976e-08
0.00065436,-8.0235e-05,0.00034258,-0.00035668,-1.8194e-07
0.0006387,-7.8315e-05,0.0008481,-0.000883,-4.5042e-07
0.00041258,-5.0589e-05,0.00048952,-0.00050966,-2.5998e-07
-0.00031089,0.0064191,0.00013205,-0.00013748,-7.0129e-08
-0.0017,0.02217,-3.0267e-05,3.1513e-05,1.6075e-08
-0.0011767,0.014987,-7.847e-05,8.0868e-05,-7.5723e-07
-0.00037706,0.0047984,-0.010522,-3.5112e-05,-0.010556
2.1077e-05,-0.00022963,-0.021798,-0.00017675,-0.021968
0.00015113,-0.001877,-0.012392,-0.00010457,-0.012492
0.00014581,-0.0018109,-0.0033528,-2.5839e-05,-0.0033776
-0.0042429,-0.00043308,0.00074619,1.0182e-05,0.00075598
-0.030021,0.0044438,0.0019208,2.0129e-05,0.0019402
-0.024849,0.0039154,0.0016653,1.6757e-05,0.0016814
-0.009194,0.0014538,0.0010022,1.0084e-05,0.0010119
-0.00062336,7.9623e-05,0.00047323,4.7619e-06,0.00047781
0.0024762,-0.00041293,-0.0023137,-2.3282e-05,-0.0023361
0.0027263,-0.00045464,-0.0051389,-5.1711e-05,-0.0051886
0.0018563,-0.00030955,-0.0029393,-2.9577e-05,-0.0029677
-0.0027815,0.00010279,-0.00079981,-8.0481e-06,-0.00080754
-0.017295,0.0011752,0.00017897,1.8008e-06,0.0001807
-0.013031,0.00090087,-0.00013818,-1.3905e-06,-0.00013952
-0.0044976,0.00031136,-0.00084552,-8.5081e-06,-0.0008537
-5.7285e-05,2.7953e-06,-0.00046763,-4.7055e-06,-0.00047215
0.0014747,-0.00010353,-7.8034e-05,-7.8522e-07,-7.8789e-05
0.0015141,-0.00010629,8.7237e-05,8.7782e-07,8.808e-05
0.00064778,-4.5474e-05,0.00012488,1.2566e-06,0.00012609
-0.0033685,0.00023647,9.9693e-05,1.0032e-06,0.00010066
-0.0033857,0.00023768,5.7286e-05,5.7644e-07,5.784e-05
-0.0013507,9.4822e-05,2.7061e-05,2.723e-07,2.7323e-05
-0.00013764,9.6623e-06,1.0624e-05,1.0691e-07,1.0727e-05
0.00032241,-2.2633e-05,3.5847e-06,3.6071e-08,3.6194e-06
0.00037695,-2.6462e-05,-0.0001418,-1.4269e-06,-0.00014317
0.00026567,-1.865e-05,-0.00029734,-2.992e-06,-0.00030022
-0.0021393,2.9477e-08,-0.00016909,-1.7015e-06,-0.00017072
-0.015748,6.4302e-05,-4.5718e-05,-4.6004e-07,-4.616e-05
-0.013052,5.514e-05,1.0232e-05,1.0296e-07,1.0331e-05
-0.0048303,2.0481e-05,2.6261e-05,2.6425e-07,2.6515e-05
-0.00032681,1.2871e-06,2.2756e-05,2.2898e-07,2.2976e-05
0.0013019,-5.6432e-06,-2.0464e-05,-2.0592e-07,-2.0662e-05
0.0014334,-6.2133e-06,-6.462e-05,-6.5024e-07,-6.5245e-05
0.00097595,-4.2305e-06,-3.7886e-05,-3.8123e-07,-3.8253e-05
0.0005035,-2.1825e-06,-1.0071e-05,-1.0134e-07,-1.0168e-05
0.00021176,-9.1793e-07,2.7038e-06,2.7207e-08,2.7299e-06
-0.00046924,2.034e-06,6.2786e-06,6.3179e-08,6.3393e-06
-0.0037556,1.6279e-05,5.4412e-06,5.4753e-08,5.4938e-06
-0.0031191,1.3521e-05,3.2745e-06,3.295e-08,3.3062e-06
-0.0011565,5.0131e-06,1.5469e-06,1.5565e-08,1.5618e-06
-7.8605e-05,3.4073e-07,6.0669e-07,6.1048e-09,6.1256e-07
0.00031126,-1.3492e-06,-7.9616e-06,-8.0114e-08,-8.0385e-06
0.0003427,-1.4855e-06,-1.6935e-05,-1.7041e-07,-1.7099e-05
0.00023333,-1.0114e-06,-9.6653e-06,-9.7258e-08,-9.7588e-06
-7.7477e-05,0.0021654,-2.6133e-06,-2.6296e-08,-2.6386e-06
-0.00088587,0.010252,5.849e-07,5.8856e-09,5.9056e-07
-0.00067905,0.0076319,9.3063e-07,-5.5524e-07,1.5155e-06
-0.0002347,0.0026314,-0.0075405,-0.0075398,-6.5801e-07
-2.107e-06,4.0531e-05,-0.015694,-0.015691,-3.3124e-06
7.8036e-05,-0.00085426,-0.0089249,-0.008923,-1.9598e-06
6.161e-05,0.00051148,-0.0024131,-0.0024126,-4.8424e-07
-0.00015207,0.014792,0.00054017,0.00053998,1.9081e-07
-0.00016354,0.013975,0.0013855,0.0013862,3.7718e-07
-6.4357e-05,0.005533,-0.007639,0.0064355,-1.5732e-07
-4.6065e-06,0.00059414,-0.017675,0.011616,-7.9195e-07
1.7928e-05,-0.001268,-0.010121,0.0065362,-4.6855e-07
1.2832e-05,-0.00094129,-0.0026946,0.001809,-1.1577e-07
-3.7592e-05,0.0028203,0.00067849,-0.00032952,4.5619e-08
-3.5292e-05,0.0026478,0.0016384,-0.00094853,9.0187e-08
-1.2624e-05,0.00094713,0.0014101,-0.0008316,7.5072e-08
8.0777e-08,-6.0602e-06,0.02638,0.028396,-6.751e-08
4.6204e-06,-0.00034664,0.053536,0.059901,-2.1318e-07
4.7875e-06,-0.00035918,0.030374,0.034106,-1.2499e-07
3.1888e-06,-0.00023924,0.008223,0.0092151,-3.3224e-08
1.6452e-06,-0.00012343,-0.0018126,-0.002079,8.9198e-09
6.9192e-07,-5.1911e-05,-0.0046929,-0.0053114,2.0713e-08
2.476e-07,-1.8576e-05,-0.004067,-0.004603,1.7951e-08
7.7649e-08,-5.8255e-06,-0.0024475,-0.0027701,1.0803e-08
2.1812e-08,-1.6365e-06,-0.0011562,-0.0013086,5.1031e-09
0,0,-0.00045393,-0.00051375,2.0035e-09
0,0,-0.00015362,-0.00017386,6.7802e-10
0,0,-4.5994e-05,-5.2055e-05,2.03e-10
