0,0,0,0,0
0,0,0,0,0
0,0,0,0,0
0,0,0,0,0
0,0,0,0,0
0,0,0,0,0
0,0,0,0,0
0,0,0,0,0
0,0,0,0,0
0,0,0,0,0
0,0,0,0,0
0,0,0,0,0
0,0,0,0,0
0,0,0,0,0
0,0,0,0,0
0,0.00091795,0,0,0
0,0.01831,0,0,0
0,0.019301,7.9848e-07,7.9848e-07,0
0,0.0081896,0.010556,0.010556,0
0,0.0012387,0.021968,0.021968,0
0,-0.0014845,0.012492,0.012492,0
0,-0.001943,0.0033776,0.0033776,0
0,-0.0014202,-0.00075597,-0.00075597,0
0,-0.00076874,-0.0019402,-0.0019402,0
0,-0.00033545,-0.0016814,-0.0016814,0
0,-0.00012365,-0.0010119,-0.0010119,0
-0.00016812,-1.0557e-05,-0.00047799,-0.00047799,0
-0.021086,0.0036483,-0.00018766,-0.00018766,0
-0.029986,0.0052044,-6.3509e-05,-6.3509e-05,0
-0.014641,0.0025411,-1.9015e-05,-1.9015e-05,0
-0.003162,0.00054881,0,0,0
0.0016722,-0.00029023,1.9798e-07,1.9798e-07,0
0.0028074,-0.00048726,0.0026172,0.0026172,0
0.0022215,-0.00038557,0.0054467,0.0054467,0
0.0012656,-0.00021966,0.0030974,0.0030974,0
0.00057405,-9.9633e-05,0.00083747,0.00083747,0
-0.00041186,7.1484e-05,-0.00018744,-0.00018744,0
-0.0069025,0.001198,-0.00048105,-0.00048105,0
-0.0064526,0.0011199,-0.00041689,-0.00041689,0
-0.0025654,0.00044525,-0.00025084,-0.00025084,0
-0.00028888,5.0138e-05,0.00053042,0.00053042,0
0.00056943,-9.8831e-05,0.001304,0.001304,0
0.00067906,-0.00011786,0.00075223,0.00075223,0
0.0004786,-8.3067e-05,0.00020293,0.00020293,0
0.0017908,-1.6765e-05,-4.6475e-05,-4.6475e-05,0
0.017132,0.00028134,-0.00011927,-0.00011927,0
0.01584,0.00027176,-0.00010337,-0.00010337,0
0.0062742,0.00010823,-6.2206e-05,-6.2206e-05,0
0.00070865,1.1817e-05,-2.9386e-05,-2.9386e-05,0
-0.0013899,-2.4505e-05,-1.1537e-05,-1.1537e-05,0
-0.0016575,-2.9223e-05,-3.8921e-06,-3.8921e-06,0
-0.0011682,-2.0596e-05,0.00015973,0.00015973,0
-0.0006171,-1.088e-05,0.00033485,0.00033485,0
-0.00026431,-4.66e-06,0.00019042,0.00019042,0
0.00028535,-0.0019433,5.1485e-05,5.1485e-05,0
0.0041904,-0.021492,-1.1523e-05,-1.1523e-05,0
0.0039092,-0.019948,-3.0445e-05,-3.0445e-05,0
0.0015526,-0.0079051,-0.011547,-0.011547,0
0.00017483,-0.00089016,-0.023992,-0.023992,0
-0.00034461,0.0017546,-0.013642,-0.013642,0
-0.00041096,0.0020925,-0.0036894,-0.0036894,0
-0.00028965,0.0014748,0.00082414,0.00082414,0
-0.00015301,0.00077906,0.0021173,0.0021173,0
-6.5534e-05,0.00033368,0.0018352,0.0018352,0
-0.00077634,-0.00036024,0.0011044,0.0011044,0
-0.0083373,-0.0052901,0.00052171,0.00052171,0
-0.0077338,-0.0049351,0.00020461,0.00020461,0
-0.0030639,-0.00196,-0.0027873,-0.0027873,0
-0.00034502,-0.00022071,-0.0059241,-0.0059241,0
0.00068008,0.00043506,-0.0033807,-0.0033807,0
0.00079473,0.00051748,-0.00091406,-0.00091406,0
-0.0098332,-0.00048661,0.00020458,0.00020458,0
-0.01738,-0.0012552,0.00052505,0.00052505,0
-0.0091692,-0.00067892,0.00045502,0.00045502,0
-0.0022226,-0.00015585,0.00027383,0.00027383,0
0.00081496,7.507e-05,0.00012936,0.00012936,0
0.0016091,0.00013416,5.0786e-05,5.0786e-05,0
0.0013268,0.00010868,1.7133e-05,1.7133e-05,0
0.0007765,6.3604e-05,-0.00070314,-0.00070314,0
0.00035934,2.9434e-05,-0.001474,-0.001474,0
0.0001388,1.1369e-05,-0.00083822,-0.00083822,0
4.6352e-05,3.7968e-06,-0.00022664,-0.00022664,0
0.00070152,-1.4148e-05,5.0725e-05,5.0725e-05,0
0.013719,-0.00030462,0.00013018,0.00013018,0
0.014462,-0.00032112,0.00011282,0.00011282,0
0.0061362,-0.00013625,6.7895e-05,6.7895e-05,0
0.00092809,-2.0607e-05,3.2073e-05,3.2073e-05,0
-0.0011123,2.4698e-05,1.2579e-05,1.2579e-05,0
-0.0014559,3.2326e-05,-0.00017135,-0.00017135,0
-0.0010641,2.3627e-05,-0.0003642,-0.0003642,0
-0.00057599,1.2789e-05,-0.00020783,-0.00020783,0
-8.0809e-05,0.0022967,-5.6193e-05,-5.6193e-05,0
0.0033089,0.045701,1.2577e-05,1.2577e-05,0
0.003556,0.048175,3.2278e-05,3.2278e-05,0
0.0015129,0.02044,2.7973e-05,2.7973e-05,0
0.00023011,0.0030915,1.6834e-05,1.6834e-05,0
-0.00027579,-0.0037051,5.9529e-06,9.9453e-06,0
-0.00036097,-0.0048496,-0.02643,0.026349,0
-0.00026384,-0.0035446,-0.055008,0.054829,0
-0.00014281,-0.0019187,-0.031282,0.031179,0
-6.2319e-05,-0.00083724,-0.008458,0.0084301,0
-2.2971e-05,-0.00030861,0.001893,-0.0018868,0
0.00013055,0.0062455,0.0048584,-0.0048424,0
0.00095434,0.043968,0.0042104,-0.0041966,0
0.00079106,0.036388,0.0025345,-0.0025262,0
0.00029268,0.013463,0.010477,-0.010494,0
1.9893e-05,0.00091505,0.019782,-0.019825,0
-7.877e-05,-0.0036234,0.011141,-0.011166,0
-8.6727e-05,-0.0039894,0.0030169,-0.0030237,0
-5.9051e-05,-0.0027163,-0.00066458,0.00066613,0
-0.0011128,-0.00091911,-0.0017056,0.0017096,0
-0.021601,0.0090298,-0.0014781,0.0014816,0
-0.022762,0.0099292,-0.00088954,0.00089161,0
-0.0096575,0.0042363,-0.00042021,0.00042119,0
-0.0014608,0.00063216,-0.00016498,0.00016536,0
0.0017503,-0.00077989,-5.5832e-05,5.5961e-05,0
0.002291,-0.0010208,-1.6542e-05,1.6581e-05,0
0.0016745,-0.0007461,0.0023009,-0.0023062,0
0.00090638,-0.00040386,0.0047883,-0.0047994,0
0.00039552,-0.00017623,0.002723,-0.0027293,0
0.00014579,-6.496e-05,0.00073623,-0.00073794,0
4.6852e-05,-2.0876e-05,-0.00016478,0.00016516,0
-0.00050661,0.0032753,-0.0004229,0.00042389,0
-0.0057563,0.03632,-0.0003665,0.00036735,0
-0.005343,0.033712,-0.00022056,0.00022107,0
-0.0021173,0.013359,-0.00010419,0.00010443,0
-0.00023842,0.0015043,-3.9494e-05,4.2326e-05,0
0.00046997,-0.0029653,0.018652,0.017538,0
0.00056046,-0.0035363,0.038842,0.036473,0
0.00039501,-0.0024923,0.02209,0.020738,0
-0.0014343,5.288e-05,0.0059728,0.0056072,0
-0.011303,0.0089325,-0.0013368,-0.001255,0
-0.0093903,0.0076495,-0.0034305,-0.0032206,0
-0.0034759,0.0028409,0.0016549,0.0015536,0
-0.00023403,0.00017906,0.0078423,0.0073624,0
0.00093827,-0.00078209,0.0046319,0.0043485,0
0.0010331,-0.00086109,0.0011491,0.0010787,0
0.00070338,-0.0005863,-0.00044376,-0.0004166,0
-4.4481e-05,0.0040296,-0.00088429,-0.00083017,0
-0.0026722,0.029913,-0.00073721,-0.00069209,0
-0.0022817,0.0248,-0.0004425,-0.00041748,0
-0.00084726,0.0091781,0.015012,-0.013194,0
-5.394e-05,0.00062078,0.031596,-0.027125,0
0.00017264,-0.0018359,0.017986,-0.015407,0
-0.00040803,0.0043392,0.0048623,-0.0041666,0
-0.00044208,0.0047013,-0.0010901,0.00093081,0
-0.00015433,0.0016412,-0.0027975,0.0023886,0
1.0332e-05,-0.00010987,0.0013495,-0.0011523,0
6.7767e-05,-0.00072067,0.0063953,-0.0054605,0
6.8913e-05,-0.00073286,0.0037773,-0.0032252,0
4.677e-05,-0.00049737,0.00093704,-0.00080008,0
2.4076e-05,-0.00025604,-0.00036188,0.00030899,0
-4.5655e-06,0.0014039,-0.00072112,0.00061572,0
-0.00016093,0.016714,-0.00060118,0.00051331,0
-0.00015166,0.015538,-0.00036179,0.00030891,0
-6.0236e-05,0.0061588,-0.00017091,0.00014593,0
-6.8209e-06,0.00069392,-6.7099e-05,5.7292e-05,0
1.3445e-05,-0.0013678,-2.2707e-05,1.9389e-05,0
1.6034e-05,-0.0016312,-6.1196e-06,5.7446e-06,-6.0836e-07
1.1301e-05,-0.0011497,0.0089783,-0.00079902,-0.0080425
5.9696e-06,-0.00060732,0.018685,-0.0016628,-0.016737
2.5568e-06,-0.00026012,0.010625,-0.00094559,-0.0095179
6.8443e-07,-0.00019852,0.0028729,-0.00025567,-0.0025734
-3.0313e-05,-0.013082,-0.000643,5.7223e-05,0.00057598
-4.3443e-05,-0.01857,-0.0016502,0.00014686,0.0014782
-2.1252e-05,-0.0090626,-0.0014301,0.00012727,0.0012811
-4.5899e-06,-0.0019573,-0.00086065,7.6593e-05,0.00077094
2.4273e-06,0.0010351,-0.00040727,3.6167e-05,0.00036491
4.0751e-06,0.0017378,-0.0094946,-0.00018391,0.00971
3.2247e-06,0.0013751,-0.019481,-0.00040748,0.019958
1.8371e-06,0.00078341,-0.011064,-0.00023302,0.011337
8.3327e-07,0.00035533,-0.002987,-6.3392e-05,0.0030612
3.1678e-07,0.00013509,0.00066854,1.4188e-05,-0.00068516
1.0442e-07,4.4527e-05,0.0017158,3.6413e-05,-0.0017584
-0.000368,-7.1639e-05,0.0014869,3.1557e-05,-0.0015239
-0.015867,-0.0036508,0.00089484,1.8991e-05,-0.00091708
-0.019265,-0.0044327,0.00042271,8.9711e-06,-0.00043322
-0.0087598,-0.0020155,0.00016596,3.5221e-06,-0.00017009
-0.0016235,-0.00037354,5.6164e-05,1.1919e-06,-5.756e-05
0.0012762,0.00029365,1.6816e-05,3.5687e-07,-1.7234e-05
0.0018671,0.00042961,0,0,0
0.0014182,0.00032632,-1.7508e-07,-3.7157e-09,1.7943e-07
0.00078725,0.00018114,-0.0023146,-4.9121e-05,0.0023721
0.00035015,8.0566e-05,-0.0048168,-0.00010223,0.0049365
0.00013106,3.0154e-05,-0.0027392,-5.8132e-05,0.0028072
-0.00017423,0.00026589,-0.00074061,-1.5718e-05,0.00075902
-0.0043136,0.0051108,0.00016576,3.5179e-06,-0.00016988
-0.0045603,0.0053846,0.00042542,9.0285e-06,-0.00043599
-0.0019349,0.0022847,0.00036868,7.8243e-06,-0.00037784
-0.00029265,0.00034555,0.00022187,4.7087e-06,-0.00022739
0.00035074,-0.00041413,0.00010602,3.4782e-06,-0.00010737
0.00045907,-0.00054205,0.016055,0.016576,0.00054597
0.00033554,-0.00039619,0.03334,0.034495,0.0012097
0.00018163,-0.00021446,0.018956,0.019616,0.00069177
7.9256e-05,-9.3581e-05,0.0051241,0.0053038,0.00018819
2.9214e-05,-3.4495e-05,-0.0011469,-0.0011871,-4.2121e-05
-4.4386e-05,5.2409e-05,-0.0029433,-0.0030466,-0.0001081
-0.0010699,0.0012633,-0.0025508,-0.0026403,-9.3684e-05
-0.0011307,0.0013351,-0.0015351,-0.0015889,-5.6379e-05
-0.00047976,0.00056647,-0.00072515,-0.00075058,-2.6633e-05
-7.2562e-05,8.5677e-05,-0.0002847,-0.00029468,-1.0456e-05
8.6963e-05,-0.00010268,-9.6047e-05,-9.9415e-05,-3.5276e-06
0.00011383,-0.0001344,0.0039417,0.0040799,0.00014477
8.3196e-05,-9.8233e-05,0.008263,0.0085529,0.00030348
4.5033e-05,-5.3173e-05,0.0046989,0.0048637,0.00017258
-2.3842e-05,2.8152e-05,0.0012705,0.0013151,4.6662e-05
-0.00029435,0.00034756,-0.00028436,-0.00029433,-1.0444e-05
-0.00024712,0.00029178,-0.00072971,-0.00075531,-2.6801e-05
-9.1622e-05,0.00010818,0.00035202,0.00036437,1.2929e-05
-6.2728e-06,7.4066e-06,0.0016682,0.0017267,6.1268e-05
2.4838e-05,-2.9328e-05,0.00098528,0.0010198,3.6187e-05
2.7348e-05,-3.2291e-05,0.00024442,0.00025299,8.977e-06
1.862e-05,-2.1986e-05,-9.4394e-05,-9.7705e-05,-3.4669e-06
-0.00054354,-9.7004e-06,-0.0001881,-0.0001947,-6.9085e-06
-0.023843,6.6035e-05,-0.00015681,-0.00016231,-5.7594e-06
-0.028953,8.4263e-05,-9.4371e-05,-9.7681e-05,-3.466e-06
-0.013165,3.8555e-05,-4.458e-05,-4.6143e-05,-1.6373e-06
-0.0024399,7.0943e-06,-1.7502e-05,-1.8116e-05,-6.4282e-07
0.0019181,-5.6952e-06,-5.9231e-06,-6.1309e-06,-2.1754e-07
0.0028062,-8.3321e-06,-1.7549e-06,-1.8165e-06,-6.4455e-08
0.0021316,-6.3289e-06,0.0002441,0.00025266,8.965e-06
0.0011832,-3.5131e-06,0.00050798,0.0005258,1.8657e-05
0.00052627,-1.5626e-06,0.00028887,0.00029901,1.061e-05
0.00019697,-5.8484e-07,7.8105e-05,8.0845e-05,2.8686e-06
6.4101e-05,-1.9032e-07,-1.7481e-05,-1.8094e-05,-6.4205e-07
-0.00030739,0.0022958,-4.4865e-05,-4.6439e-05,-1.6478e-06
-0.0065018,0.045794,-3.8881e-05,-4.0245e-05,-1.428e-06
-0.006854,0.048274,-2.3399e-05,-2.4219e-05,-8.5938e-07
-0.0029081,0.020483,-1.1053e-05,-1.1441e-05,-4.0596e-07
-0.00043985,0.0030979,-4.3396e-06,-4.4918e-06,-1.5938e-07
0.00052715,-0.0037128,-3.4602e-06,-1.5154e-06,-2.05e-06
0.00068997,-0.0048596,-0.026329,6.219e-05,-0.026387
0.00050431,-0.003552,-0.054793,0.00013037,-0.054914
0.00027298,-0.0019227,-0.031159,7.4137e-05,-0.031228
0.00011912,-0.00083898,-0.0084247,2.0045e-05,-0.0084434
4.3908e-05,-0.00030925,0.0018856,-4.4864e-06,0.0018898
1.4111e-05,-9.9384e-05,0.0048393,-1.1514e-05,0.00485
-0.0002596,0.00632,0.0041938,-9.9786e-06,0.0042031
-0.0018282,0.044023,0.0025239,-6.0051e-06,0.0025294
-0.0015121,0.03641,0.0011922,-2.8367e-06,0.0011949
-0.00055943,0.013471,0.00046808,-1.1137e-06,0.00046912
-3.8024e-05,0.0009156,0.00015672,-3.7573e-07,0.00015707
0.00015056,-0.0036256,-0.022314,1.542e-05,-0.022329
0.00016577,-0.0039918,-0.046537,3.2325e-05,-0.046567
0.00011287,-0.0027179,-0.026464,1.8382e-05,-0.026481
5.8231e-05,-0.0014022,-0.0071553,4.9701e-06,-0.0071599
2.4491e-05,-0.00058974,0.0016015,-1.1124e-06,0.0016025
0.0035082,0.001363,0.0041101,-2.8549e-06,0.0041128
0.024269,0.010849,0.0035619,-2.4741e-06,0.0035642
0.020071,0.0090091,0.0021436,-1.4889e-06,0.002145
0.0074254,0.0033401,0.0010122,-7.0307e-07,0.0010128
0.0005047,0.00022702,-0.0051469,3.5751e-06,-0.0051503
-0.0019985,-0.00089894,-0.011404,7.9213e-06,-0.011411
-0.0022003,-0.00098974,-0.0065213,4.5297e-06,-0.0065255
-0.0014982,-0.00067389,-0.0017741,1.2323e-06,-0.0017753
-0.00077292,-0.00034767,0.00039708,-2.7581e-07,0.00039734
-5.9088e-05,-2.6579e-05,0.0010191,-7.0786e-07,0.0010197
0.0051891,0.0023341,0.00088317,-6.1345e-07,0.00088374
0.0055563,0.0024993,0.00053149,-3.6917e-07,0.00053183
0.0023628,0.0010628,0.00025107,-1.7439e-07,0.00025123
0.00035891,0.00016144,9.8468e-05,-6.8396e-08,9.8532e-05
-0.00043015,-0.00019349,-0.0013414,9.3172e-07,-0.0013422
-0.00056302,-0.00025325,-0.0028509,1.9803e-06,-0.0028528
-0.00041151,-0.0001851,-0.0016269,1.1301e-06,-0.001628
-0.0035724,-3.4264e-06,-0.00043988,3.0555e-07,-0.00044017
-0.023325,0.00062731,9.8454e-05,-6.8386e-08,9.8517e-05
-0.019247,0.00053888,0.00025268,-1.7551e-07,0.00025284
-0.0071192,0.00020016,0.00021895,-1.5208e-07,0.00021909
-0.0004864,1.2471e-05,-0.00020908,1.4523e-07,-0.00020921
0.0019129,-5.5264e-05,-0.0006471,4.4948e-07,-0.00064752
0.0021062,-6.0846e-05,-0.00037895,2.6322e-07,-0.00037919
0.001434,-4.1429e-05,-0.0001008,7.0013e-08,-0.00010086
0.00073984,-2.1374e-05,2.6888e-05,-1.8676e-08,2.6905e-05
0.00031116,-8.9893e-06,6.265e-05,-4.3517e-08,6.2691e-05
0.00070673,2.0777e-05,5.4294e-05,-3.7713e-08,5.4329e-05
0.0041635,0.00016537,3.2674e-05,-2.2696e-08,3.2695e-05
0.0034245,0.00013732,1.5429e-05,-1.0717e-08,1.5439e-05
0.0012634,5.0912e-05,-7.8454e-05,5.4494e-08,-7.8505e-05
8.5868e-05,3.4604e-06,-0.00017383,1.2074e-07,-0.00017394
-0.00034001,-1.3702e-05,-9.9404e-05,6.9046e-08,-9.9468e-05
-0.00037436,-1.5087e-05,-2.7043e-05,1.8784e-08,-2.706e-05
-0.00025489,-1.0272e-05,6.0526e-06,-4.2042e-09,6.0565e-06
-4.3805e-05,-0.0011453,1.5534e-05,-1.079e-08,1.5544e-05
0.00091541,-0.012621,1.3462e-05,-9.3507e-09,1.3471e-05
0.00088123,-0.011714,8.1014e-06,-5.6273e-09,8.1066e-06
0.00035085,-0.0046419,3.827e-06,-2.6583e-09,3.8295e-06
3.8463e-05,-0.00052274,1.5025e-06,-1.0437e-09,1.5035e-06
-7.9254e-05,0.0010303,5.0848e-07,-3.5319e-10,5.0881e-07
-9.4514e-05,0.0012286,1.5224e-07,-1.0575e-10,1.5234e-07
-6.6613e-05,0.00086594,5.1172e-07,-5.1331e-07,-1.5861e-09
-3.5189e-05,0.00045744,0.0067649,-0.0067858,-2.0968e-05
-1.5072e-05,0.00019592,0.014078,-0.014122,-4.3637e-05
-5.473e-06,7.1147e-05,0.0080059,-0.0080307,-2.4815e-05
-1.7373e-06,2.2584e-05,0.0021646,-0.0021713,-6.7094e-06
-4.9301e-07,6.409e-06,-0.00048448,0.00048598,1.5017e-06
0,0,-0.0012434,0.0012472,3.854e-06
0,0,-0.0010776,0.0010809,3.34e-06
5.5577e-05,-0.00072247,-0.00064848,0.00065048,2.01e-06
0.00026305,-0.0034196,-0.00030621,0.00030715,9.4911e-07
0.00019583,-0.0025457,0.0015571,-0.0015619,-4.8262e-06
6.7522e-05,-0.00087775,0.00345,-0.0034606,-1.0693e-05
1.0402e-06,-1.3522e-05,0.0019728,-0.0019789,-6.115e-06
-1.2844e-05,0.00016697,0.00053671,-0.00053837,-1.6636e-06
4.0427e-05,-0.00052553,-0.00012012,0.0001205,3.7234e-07
3.7222e-05,-0.00048387,-0.00030826,0.00030922,9.5549e-07
1.1781e-05,-0.00015315,0.00014871,-0.00014917,-4.6093e-07
-1.7798e-06,2.3137e-05,0.00070471,-0.00070689,-2.1843e-06
-6.2723e-06,8.1537e-05,0.00041622,-0.00041751,-1.2901e-06
-6.044e-06,7.8569e-05,0.00010325,-0.00010357,-3.2004e-07
-3.9792e-06,5.1728e-05,-3.9876e-05,3.9999e-05,1.236e-07
-1.7142e-06,-0.00029037,-7.9461e-05,7.9707e-05,2.463e-07
1.167e-05,-0.013631,-6.6245e-05,6.645e-05,2.0533e-07
1.4891e-05,-0.01656,-3.9866e-05,3.999e-05,1.2357e-07
6.8135e-06,-0.0075304,-1.8832e-05,1.8891e-05,5.8372e-08
1.2537e-06,-0.0013955,-7.3937e-06,7.4166e-06,2.2917e-08
-1.0064e-06,0.0010973,-1.848e-06,2.5021e-06,6.5412e-07
-1.4724e-06,0.0016053,0.0086475,-0.00010268,0.0085448
-1.1184e-06,0.0012194,0.017998,-0.00021526,0.017783
-6.2083e-07,0.00067687,0.010235,-0.00012241,0.010112
-2.5421e-07,0.00027715,0.0027673,-3.3097e-05,0.0027342
2.6468e-06,-0.0028857,-0.00061936,7.4077e-06,-0.00061195
3.8773e-06,-0.0042273,-0.0015896,1.9012e-05,-0.0015705
1.8998e-06,-0.0020713,-0.0013776,1.6476e-05,-0.0013611
4.1241e-07,-0.00044963,-0.00082901,9.9152e-06,-0.0008191
-2.181e-07,0.00023779,-0.00039145,4.6819e-06,-0.00038677
-3.6615e-07,0.00039921,0.0019905,-2.3807e-05,0.0019667
-2.8974e-07,0.0003159,0.0044104,-5.275e-05,0.0043577
-1.6507e-07,0.00017997,0.0025221,-3.0165e-05,0.0024919
-7.487e-08,8.1629e-05,0.00068613,-8.2063e-06,0.00067792
-2.8463e-08,3.1032e-05,-0.00015357,1.8367e-06,-0.00015173
-0.0014258,-0.00014059,-0.00039412,4.7138e-06,-0.00038941
-0.0098868,-0.0010428,-0.00034156,4.0851e-06,-0.00033747
-0.0081771,-0.00086499,-0.00020555,2.4584e-06,-0.00020309
-0.0030254,-0.00032003,-9.7059e-05,1.1609e-06,-9.5898e-05
-0.00020563,-2.1752e-05,0.00049354,-5.9029e-06,0.00048764
0.00081424,8.6132e-05,0.0010935,-1.3079e-05,0.0010805
0.00089649,9.4832e-05,0.00062534,-7.4792e-06,0.00061786
0.00025689,0.0023086,0.00017012,-2.0347e-06,0.00016809
-0.0021365,0.015594,-3.8076e-05,4.554e-07,-3.7621e-05
-0.001895,0.012884,-9.8319e-05,5.6029e-07,-9.6542e-05
-0.00070273,0.0047667,-0.0079953,-0.008043,4.6573e-05
-3.6121e-05,0.00032522,-0.016514,-0.01674,0.0002207
0.00020606,-0.0012811,-0.0093859,-0.0095194,0.00013035
0.00022228,-0.001411,-0.0025407,-0.0025738,3.2337e-05
1.8255e-05,0.0096271,0.00056334,0.00057613,-1.2488e-05
-0.00055186,0.049618,0.001453,0.0014785,-2.4886e-05
-0.00043612,0.037099,0.0012616,0.0012829,-2.0744e-05
-0.00014994,0.012789,0.021416,0.021396,1.9809e-05
1.1944e-06,0.00017477,0.04335,0.043287,6.1309e-05
5.3527e-05,-0.0041824,0.024588,0.024552,3.5903e-05
4.723e-05,-0.0045441,0.0066578,0.006648,9.5498e-06
-9.7383e-05,-0.007947,-0.0014652,-0.0014626,-2.5474e-06
-0.00012218,-0.006824,-0.003797,-0.0037909,-5.9357e-06
-5.2042e-05,-0.0028796,-0.0032906,-0.0032853,-5.1441e-06
-6.3809e-06,-0.00055409,-0.0019792,-0.0019774,-3.0951e-06
1.1583e-05,0.00035098,0.013234,-0.0048679,6.5448e-06
1.4327e-05,0.0005257,0.029122,-0.0085535,1.609e-05
1.0307e-05,0.00039731,0.016645,-0.0047797,9.2818e-06
0.00084947,9.1669e-05,0.0044969,-0.0012959,2.504e-06
0.0093433,-0.001272,-0.0010148,0.00028174,-5.7345e-07
0.0086711,-0.0012332,-0.0026042,0.00072299,-1.4716e-06
0.0034361,-0.00049127,0.0012563,-0.00034877,7.099e-07
0.00038698,-5.3384e-05,0.0059533,-0.0016528,3.3641e-06
-0.00076264,0.00011151,0.0035162,-0.00097619,1.987e-06
-0.00090713,0.00014212,0.00087228,-0.00024217,4.9291e-07
0.000853,0.0059237,-0.00033687,9.3523e-05,-1.9036e-07
0.0022003,0.0099571,-0.00067128,0.00018637,-3.7933e-07
0.0011901,0.0052313,-0.00055963,0.00015537,-3.1624e-07
0.00027321,0.0012793,-0.00033679,9.3501e-05,-1.9031e-07
-0.00013159,-0.00044583,-0.00016017,4.5291e-05,-8.9865e-08
-0.00023519,-0.00089854,-0.014271,0.014855,4.5696e-07
-0.00019051,-0.00074342,-0.02959,0.030885,1.0125e-06
-0.0001115,-0.00043508,-0.016821,0.017562,5.7898e-07
-5.1596e-05,-0.00020134,-0.0045464,0.0047478,1.5751e-07
-1.993e-05,-7.7771e-05,0.0010176,-0.0010626,-3.5254e-08
-0.0027711,0.00031481,0.0026115,-0.0027272,-9.0477e-08
-0.019172,0.0023554,0.0022632,-0.0023635,-7.841e-08
-0.015855,0.0019544,0.0013617,-0.0014221,-4.7178e-08
-0.005866,0.0007231,-0.0028795,0.0030071,9.9762e-08
-0.0003987,4.9148e-05,-0.007079,0.0073925,2.4525e-07
0.0015788,-0.00019461,-0.0040837,0.0042646,1.4148e-07
-0.0010861,-0.00012978,-0.0011017,0.0011505,3.8168e-08
-0.018401,0.00044002,0.0002523,-0.00026348,-8.741e-09
-0.015587,0.00040932,0.00064752,-0.0006762,-2.2433e-08
-0.0057361,0.00014763,0.00056116,-0.00058601,-1.9441e-08
-0.00031543,8.58e-07,0.00033764,-0.00035259,-1.1698e-08
0.0016417,-5.1806e-05,-0.00071397,0.00074559,2.4735e-08
0.0017839,-5.4126e-05,-0.0017552,0.0018329,6.0809e-08
0.0012091,-3.6174e-05,-0.0010125,0.0010574,3.508e-08
0.00062381,-1.8662e-05,-0.00027315,0.00028525,9.4635e-09
-0.00015365,0.0011058,6.2557e-05,-6.5327e-05,-2.1673e-09
-0.0045109,0.012324,0.00016055,-0.00016766,-5.5623e-09
-0.0042447,0.011441,0.00013914,-0.0001453,-4.8204e-09
-0.0016855,0.004534,8.3732e-05,-8.7441e-05,-2.9009e-09
-0.00019073,0.00051058,4.0565e-05,-4.0262e-05,-1.3698e-09
0.00037596,-0.0010064,0.013371,0.013782,6.9654e-09
0.00044834,-0.0012002,0.027798,0.028709,1.5433e-08
0.00031599,-0.00084591,0.015807,0.016327,8.8254e-09
0.00014453,0.00060625,0.0042734,0.004415,2.4009e-09
-0.00089401,0.04521,-0.00095645,-0.00098816,-5.3737e-10
-0.0011463,0.055056,-0.0024547,-0.0025361,-1.3791e-09
-0.0005248,0.025044,-0.0021273,-0.0021978,-1.1952e-09
-9.645e-05,0.0046392,-0.0012802,-0.0013226,-7.1927e-10
7.7659e-05,-0.0036518,-0.00060245,-0.00062455,-2.0536e-06
0.00011362,-0.0053427,0.030217,0.0031758,-0.027143
8.6301e-05,-0.0040582,0.063299,0.0070366,-0.056488
4.7905e-05,-0.0022527,0.036018,0.0040239,-0.032123
2.1307e-05,-0.0010019,0.0097449,0.0010947,-0.0086853
7.9748e-06,-0.00037501,-0.0021811,-0.00024501,0.0019439
-4.0455e-05,0.0019024,-0.0055976,-0.00062881,0.004989
-0.00029777,0.014003,-0.004851,-0.00054494,0.0043236
-0.0002469,0.01161,-0.0029194,-0.00032794,0.0026019
-9.135e-05,0.0042956,-0.0013791,-0.00015492,0.0012291
-6.2089e-06,0.00029197,-0.00054144,-6.0822e-05,0.00048257
2.4586e-05,-0.0011561,-0.00018266,-2.0519e-05,0.0001628
2.7069e-05,-0.0012729,0.0074962,0.00084208,-0.0066812
1.8431e-05,-0.00086668,0.015715,0.0017653,-0.014006
9.5086e-06,-0.00044713,0.0089363,0.0010039,-0.0079647
3.9991e-06,-0.00018805,0.0024162,0.00027142,-0.0021535
-1.4777e-05,0.00069485,-0.00054079,-6.0749e-05,0.00048199
-7.6265e-05,0.0035863,-0.0013879,-0.00015591,0.001237
-5.6983e-05,0.0026796,-0.0012028,-0.00013511,0.001072
-1.9691e-05,0.00092595,-0.00072384,-8.1312e-05,0.00064514
-3.0334e-07,1.4264e-05,-0.00034179,-3.8395e-05,0.00030463
6.3923e-06,-0.00030059,0.001738,0.00019524,-0.001549
6.5629e-06,-0.00030861,0.0038509,0.00043259,-0.0034322
4.3239e-06,-0.00020333,0.0022021,0.00024737,-0.0019627
2.1801e-06,-0.00010252,0.00059908,6.7298e-05,-0.00053395
-0.0010927,-4.2047e-06,-0.00013409,-1.5062e-05,0.00011951
-0.021813,0.00074605,-0.00034412,-3.8657e-05,0.00030671
-0.022995,0.00079758,-0.00029823,-3.3501e-05,0.0002658
-0.0097568,0.00033909,-0.00017947,-2.0161e-05,0.00015996
-0.0014757,5.1481e-05,-8.4746e-05,-9.5199e-06,7.5531e-05
0.0017686,-6.1699e-05,0.00043093,4.8408e-05,-0.00038408
0.0023149,-8.0757e-05,0.00095481,0.00010726,-0.000851
0.0016919,-5.9026e-05,0.000546,6.1335e-05,-0.00048664
0.00091584,-3.195e-05,0.00014854,1.6686e-05,-0.00013239
0.00039964,-1.3942e-05,-3.3246e-05,-3.7346e-06,2.9631e-05
-0.00073721,0.0075117,-8.5324e-05,-9.5848e-06,7.6046e-05
-0.0060862,0.052123,-7.3944e-05,-8.3064e-06,6.5904e-05
-0.0050594,0.04311,-4.4499e-05,-4.9988e-06,3.9661e-05
-0.0018769,0.01595,-2.1021e-05,-2.3614e-06,1.8735e-05
-0.00012757,0.0010841,-6.2481e-06,1.0701e-06,7.3479e-06
0.00050514,-0.0042928,0.026502,0.026402,-0.0001001
0.00055617,-0.0047264,0.055157,0.054946,-0.00021274
0.00037868,-0.0032181,0.031367,0.031246,-0.0001214
0.00019537,-0.0016603,0.0084809,0.0084482,-3.2825e-05
8.2167e-05,-0.00069827,-0.0018982,-0.0018909,7.3468e-06
-0.00010088,0.0023821,-0.0048716,-0.0048528,1.8855e-05
-0.0014329,0.029055,-0.0042218,-0.0042055,1.6341e-05
-0.001336,0.027019,-0.0025407,-0.0025309,9.8337e-06
-0.00053046,0.010716,-0.0012002,-0.0011956,4.6454e-06
-5.9733e-05,0.0012067,-0.00047121,-0.00046939,1.8238e-06
0.00011774,-0.0023786,-0.00015946,-0.00015885,6.1721e-07
0.00014041,-0.0028365,-4.5841e-05,-4.7065e-05,-5.0154e-07
9.8963e-05,-0.0019992,0.02517,0.0065463,-0.0090732
5.2278e-05,-0.0010561,0.052381,0.013624,-0.018882
2.2391e-05,-0.00045233,0.029787,0.0077472,-0.010738
-4.6247e-05,0.005212,0.0080538,0.0020947,-0.0029032
-0.00037449,0.037228,-0.0018026,-0.00046883,0.0006498
-0.00031114,0.030819,-0.0046263,-0.0012032,0.0016677
-0.00011538,0.011408,-0.0040092,-0.0010427,0.0014452
-7.8425e-06,0.00077538,-0.0024106,-0.00062569,0.00086958
3.1054e-05,-0.0030703,0.02772,0.023946,-0.0018388
3.4191e-05,-0.0033804,0.059613,0.050335,-0.0045204
2.328e-05,-0.0023017,0.034003,0.028651,-0.0026078
1.201e-05,-0.0011875,0.0091893,0.0077453,-0.0007035
5.0513e-06,-0.00049942,-0.0020669,-0.0017362,0.00016111
1.8076e-06,-0.00017871,-0.0053046,-0.0044558,0.00041349
5.6688e-07,-5.6046e-05,-0.0045971,-0.0038615,0.00035834
1.5565e-07,-1.5388e-05,-0.0027665,-0.0023239,0.00021565
-4.7529e-05,0.0046991,-0.0013069,-0.0010978,0.00010187
-9.8911e-05,0.0097792,-0.00051309,-0.00043099,3.9995e-05
-5.6248e-05,0.0055611,-0.00017364,-0.00014586,1.3535e-05
-1.5208e-05,0.0015036,-5.1988e-05,-4.367e-05,4.0525e-06
3.4038e-06,-0.00033653,0,0,0
8.7358e-06,-0.00086369,5.4129e-07,4.5468e-07,-4.2194e-08
7.5707e-06,-0.0007485,0.0071558,0.0060108,-0.00055779
4.556e-06,-0.00045045,0.014892,0.012509,-0.0011608
2.1522e-06,-0.00021279,0.0084685,0.0071135,-0.00066012
8.4498e-07,-8.3542e-05,0.0022897,0.0019233,-0.00017848
2.8596e-07,-2.8272e-05,-0.00051247,-0.00043048,3.9947e-05
-0.003568,0.00032205,-0.0013152,-0.0011048,0.00010252
-0.024743,0.0022919,-0.0011398,-0.00095745,8.8849e-05
-0.020464,0.0018956,-0.00068594,-0.00057619,5.3469e-05
-0.0075712,0.00070132,-0.0003239,-0.00027207,2.5248e-05
-0.00051461,4.7668e-05,0.001647,0.0013835,-0.00012839
0.0020377,-0.00018875,0.0036493,0.0030654,-0.00028446
0.0022435,-0.00020782,0.0020868,0.0017529,-0.00016267
0.0015276,-0.0001415,0.00056772,0.00047688,-4.4254e-05
0.00078809,-7.3001e-05,-0.00012706,-0.00010673,9.9047e-06
-0.00055324,0.0045429,-0.00032611,-0.00027393,2.542e-05
-0.0060162,0.031704,-0.00028261,-0.00023739,2.203e-05
-0.0050367,0.026227,-0.00017008,-0.00014286,1.3257e-05
-0.0018668,0.0097038,-8.0342e-05,-6.7488e-05,6.2627e-06
-0.00012759,0.00065961,-3.1543e-05,-2.6496e-05,2.4588e-06
0.00050524,-0.0026119,-9.4437e-06,-8.9388e-06,-3.6821e-07
0.00055627,-0.0028757,0.01627,0.00036684,-0.015868
0.00037876,-0.001958,0.033867,0.00076902,-0.033023
0.0001954,-0.0010102,0.019259,0.00043732,-0.018779
-0.00025089,0.0094161,0.0052072,0.00011824,-0.0050774
-0.0015471,0.046427,-0.0011655,-2.6464e-05,0.0011364
-0.0011644,0.034628,-0.0029911,-6.792e-05,0.0029165
-0.00040206,0.011943,-0.0025922,-5.8861e-05,0.0025276
-6.2338e-06,0.00018418,-0.00156,-3.5422e-05,0.0015211
0.00013136,-0.0038813,-0.00073803,-1.6726e-05,0.00071682
0.00013487,-0.0039849,-0.015104,8.5053e-05,-0.022502
8.8858e-05,-0.0026254,-0.030928,0.00018845,-0.04732
4.4802e-05,-0.0013237,-0.017562,0.00010776,-0.026935
1.851e-05,-0.00054691,-0.0047404,2.9317e-05,-0.0072904
6.5294e-06,-0.00019292,0.001061,-6.5617e-06,0.0016317
-5.2365e-05,0.0015472,0.0027229,-1.684e-05,0.0041877
-0.00037658,0.011127,0.0023598,-1.4594e-05,0.0036292
-0.00031193,0.0092163,0.0014201,-8.7828e-06,0.002184
-0.00011541,0.0034099,0.00067085,-4.1489e-06,0.0010317
-7.8441e-06,0.00023176,0.0002631,-1.6272e-06,0.00040463
3.106e-05,-0.00091772,-0.0035841,2.2166e-05,-0.0055121
3.4198e-05,-0.0010104,-0.0076176,4.7112e-05,-0.011715
9.7993e-06,-0.0022145,-0.0043471,2.6885e-05,-0.0066855
-8.1499e-05,-0.01094,-0.0011754,7.2691e-06,-0.0018076
-7.2289e-05,-0.0089043,0.00026248,-2.1398e-06,0.00040447
-2.6807e-05,-0.0032926,-0.0070215,-0.0067844,-0.00036236
-1.3779e-06,-0.00023691,-0.015432,-0.014114,-0.0020151
7.8606e-06,0.00086708,-0.0087564,-0.0080262,-0.0011161
8.4792e-06,0.00095985,-0.0022964,-0.0021706,-0.00019238
2.4297e-06,0.0077611,0.00061651,0.00048517,0.00020075
-2.0207e-05,0.049623,0.0014367,0.0012461,0.00029144
-1.7924e-05,0.040905,0.0012326,0.00108,0.00023329
-6.6466e-06,0.015132,0.00073779,0.00064994,0.00013427
-3.4165e-07,0.001041,0.00035038,0.0003049,6.3401e-05
1.949e-06,-0.0040545,0.024618,-0.02795,-0.00032239
2.1024e-06,-0.004469,0.050994,-0.058377,-0.00071432
-0.0042771,-0.0012806,0.028986,-0.033208,-0.00040848
-0.029668,0.01065,0.0078334,-0.008982,-0.00011113
-0.024538,0.0094468,-0.0017528,0.0020098,2.4865e-05
-0.0090786,0.0035031,0.0015703,-0.0018005,-2.2277e-05
-0.00061703,0.00018007,0.0087326,-0.010013,-0.00012388
0.0024434,-0.0010272,0.0048368,-0.0055459,-6.8615e-05
0.0026902,-0.0011081,0.00083369,-0.00095593,-1.1827e-05
0.0018317,-0.00075446,-0.00086994,0.0009975,1.2341e-05
0.00094501,-0.00038924,-0.001263,0.0014481,1.7917e-05
-0.0006634,0.00062972,-0.001011,0.0011592,1.4342e-05
-0.007214,0.0054433,-0.00058127,0.00066657,8.2528e-06
-0.0060396,0.0045321,0.0075133,-0.0076937,-1.7451e-05
-0.0022385,0.0016784,0.0161,-0.016543,-4.2901e-05
-0.000153,0.00011443,0.0091804,-0.0094362,-2.4749e-05
0.0003428,0.00059916,0.0024811,-0.0025501,-6.6766e-06
-0.0011569,0.0067979,-0.00055777,0.00057357,1.529e-06
-0.0010544,0.0056953,-0.0014315,0.001472,3.9242e-06
-0.00032382,0.0020576,-0.0012406,0.0012757,3.4008e-06
6.0611e-05,7.8058e-05,-0.00074608,0.00076757,1.8181e-06
0.00018548,-0.00062731,0.0061023,-0.0016231,-0.0030203
0.00017645,-0.00066991,0.013295,-0.0039902,-0.0062871
0.00011572,-0.00045282,0.0075922,-0.0023019,-0.0035753
5.8096e-05,-0.00023242,0.0020514,-0.00062098,-0.00096669
2.4434e-05,-9.7749e-05,-0.00046228,0.00014221,0.00021637
8.7436e-06,-3.4979e-05,-0.0011864,0.00036499,0.00055531
2.7421e-06,-1.097e-05,-0.0010282,0.00031631,0.00048124
7.7027e-07,-3.0815e-06,-0.00061876,0.00019035,0.00028961
0,0,-0.0002923,8.9921e-05,0.00013681
0,0,-0.00011476,3.5304e-05,5.3712e-05
0,0,-3.8836e-05,1.1947e-05,1.8177e-05
0,0,-1.1628e-05,3.5771e-06,5.4424e-06
0,0,0,0,0
0,0,0,0,0
