0,0,0,0,0
0,0,0,0,0
0,0,0,0,0
0,0,0,0,0
0,0,0,0,0
0,0,0,0,0
0,0,0,0,0
0,0,0,0,0
-0.0064953,0,0,0,0
-0.030743,0,0,0,0
-0.022887,0,0,0,0
-0.0078913,0,0,0,0
-0.00012157,0,0,0,0
0.0025618,0,0,0,0
0.0026301,0,0,0,0
0.0017328,0,0,0,0
0.00087369,0,0,0,0
0.00036098,0,0,0,0
0.00012733,0,0,0,0
3.946e-05,0,0,0,0
1.0974e-05,0,0,0,0
0.00036653,0,0,0,0
0.004057,0,0,0,0
0.0037657,0,0,0,0
0.0014923,0,0,0,0
0.00016804,0,0,0,0
-0.00033124,0,0,0,0
-0.00039501,0,0,0,0
-0.0002784,0,0,0,0
-0.00014707,0,0,0,0
-6.299e-05,0,0,0,0
-2.2874e-05,0,0,0,0
6.0028e-05,0,0,0,0
0.0013401,0,0,0,0
0.0014149,0,0,0,0
0.00060033,0,0,0,0
9.0798e-05,0,0,0,0
-0.00010882,0,0,0,0
-0.00014243,0,0,0,0
-0.0001041,0,0,0,0
0.00016313,0.0040076,0,0,0
0.00055184,0.010525,0,0,0
0.0003472,0.0065052,0,0,0
0.00010238,0.0019226,0,0,0
-1.405e-05,-0.0002413,0,0,0
-4.9733e-05,-0.0009081,0,0,0
-4.5364e-05,-0.00082831,0,0,0
-2.8102e-05,-0.00051313,-1.711e-06,0,-3.8023e-07
-1.3559e-05,-0.00024757,-0.022619,0,-0.0050266
-5.4126e-06,-9.883e-05,-0.047073,0,-0.010461
-1.8567e-06,-3.3902e-05,-0.026769,0,-0.0059487
-5.6221e-07,-1.0266e-05,-0.0072378,0,-0.0016084
0,0,0.0016199,0,0.00035999
-5.6293e-07,1.3527e-07,0.0041575,0,0.00092389
-0.0074419,0.0017883,0.003603,0,0.00080066
-0.015487,0.0037216,0.0021683,0,0.00048184
-0.0088071,0.0021164,0.0010243,0,0.00022762
-0.0023813,0.00057222,0.00040214,0,8.9364e-05
0.00053296,-0.00012807,0.00013609,0,3.0242e-05
0.0013678,-0.00032869,4.0746e-05,0,9.0547e-06
0.0011854,-0.00028485,-6.0873e-07,0,-1.3527e-07
0.00071337,-0.00017142,-0.0080473,0,-0.0017883
0.00033699,-8.0979e-05,-0.016747,0,-0.0037216
0.0001323,-3.1793e-05,-0.0095236,0,-0.0021164
4.4774e-05,-1.0759e-05,-0.002575,0,-0.00057222
8.4145e-06,5.7676e-05,0.00057633,0,0.00012807
-0.0031858,0.03887,0.0014791,0,0.00032869
-0.0054141,0.066057,0.0012818,0,0.00028485
-0.0028471,0.034738,0.00077141,0,0.00017142
-0.0006949,0.0084784,0.00036659,2.3954e-06,8.0931e-05
0.00024497,-0.0029888,0.028947,0.031667,-0.00060443
0.0004914,-0.0059955,0.059993,0.065903,-0.0013133
0.00040625,-0.0049566,0.034103,0.037477,-0.00074972
0.00023775,-0.0029009,0.0092168,0.010133,-0.00020358
0.00011002,-0.0013424,-0.0020629,-0.0022679,4.5564e-05
-0.00026784,-9.8026e-05,-0.0052943,-0.0058205,0.00011694
-0.013365,0.017956,-0.0045881,-0.0050442,0.00010134
-0.016241,0.02196,-0.0027611,-0.0030356,6.0988e-05
-0.0073866,0.010009,-0.0013036,-0.0014331,2.8793e-05
-0.001369,0.0018549,0.0097356,0.010703,-0.00021504
0.0010762,-0.0014582,0.021153,0.023256,-0.00046723
0.0015744,-0.0021333,0.012076,0.013276,-0.00026673
0.00068739,0.0020334,0.0032791,0.003605,-7.2427e-05
-0.004965,0.039545,-0.00073391,-0.00080686,1.621e-05
-0.0049294,0.03714,-0.0018835,-0.0020708,4.1604e-05
-0.0019599,0.014727,-0.0016323,-0.0017946,3.6055e-05
-0.00019718,0.0016265,-0.00098073,-0.0010797,2.0361e-05
0.00046999,-0.0033162,0.020775,0.003498,-0.017663
0.00054805,-0.0039378,0.044018,0.0081412,-0.036776
0.00038627,-0.0027754,0.025073,0.0046757,-0.020914
0.00020405,-0.0014661,0.0067775,0.0012623,-0.0056547
8.7395e-05,-0.00062795,-0.0015211,-0.00028706,0.0012657
3.1736e-05,-0.00022803,-0.0039037,-0.00073672,0.0032484
-0.00017085,0.0023711,-0.0033831,-0.00063846,0.0028152
-0.0019997,0.027026,-0.0020359,-0.00038422,0.0016942
-0.0018588,0.025105,-0.00096276,-0.00017982,0.00079983
-0.00073661,0.0099486,-0.013682,0.022215,-0.0059735
-8.2946e-05,0.0011203,-0.027815,0.046356,-0.012979
0.0001635,-0.0022082,-0.015783,0.026367,-0.0074093
0.00019498,-0.0026334,-0.004257,0.0071311,-0.0020119
0.00013742,-0.001856,0.00095279,-0.0015961,0.00045031
8.2279e-06,-0.00011113,0.0024453,-0.0040962,0.0011557
-0.00068136,0.0092025,0.0021192,-0.0035499,0.0010015
-0.00065001,0.0087791,0.001275,-0.0021357,0.00060256
-0.00025848,0.003491,-0.0041307,0.0069196,-0.0019523
-2.8493e-05,0.00038482,-0.0096137,0.016104,-0.0045436
5.8169e-05,-0.00078563,-0.0055214,0.0092492,-0.0026095
6.9368e-05,-0.00093689,-0.0014906,0.0024969,-0.00070446
4.7376e-05,-0.00063986,0.00033898,-0.00056783,0.00016021
-0.00016418,0.0022174,0.00086997,-0.0014573,0.00041116
-0.00025915,0.0035,0.00075394,-0.001263,0.00035632
-0.00012791,0.0017276,0.00045372,-0.00076004,0.00021443
-2.7218e-05,0.00036761,0.00021433,-0.00035904,0.0001013
1.543e-05,-0.0002084,8.4021e-05,-0.00014075,3.971e-05
2.5298e-05,-0.00034167,-0.0016555,0.0027731,-0.00078239
2.0018e-05,-0.00027037,-0.0034959,0.0058561,-0.0016522
0.00028551,-0.00013014,-0.0019928,0.0033383,-0.00094185
0.011823,0.00096009,-0.00053882,0.00090261,-0.00025466
0.01435,0.001224,0.0001206,-0.00020202,5.6996e-05
0.0065249,0.00055987,0.00030946,-0.0005184,0.00014626
0.0012093,0.00010282,-0.00033087,0.00055425,-0.00015637
-0.00095052,-8.2843e-05,-0.0010853,0.0018181,-0.00051295
-0.0013906,-0.0001212,-0.00063274,0.0010599,-0.00029904
-0.0010563,-9.2062e-05,-0.00016176,0.00027097,-7.645e-05
-0.00058633,-5.1102e-05,5.3037e-05,-8.8844e-05,2.5066e-05
-0.0013404,-2.5287e-06,0.00011315,-0.00018954,5.3475e-05
-0.021631,0.00039442,9.5428e-05,-0.00015986,4.5101e-05
-0.022732,0.00042199,5.7429e-05,-9.6201e-05,2.7142e-05
-0.0096409,0.00017942,2.7129e-05,-4.5444e-05,1.2821e-05
-0.0014568,2.7258e-05,1.0651e-05,-1.7842e-05,5.0338e-06
0.0017459,-3.2668e-05,3.6045e-06,-6.038e-06,1.7035e-06
0.0022852,-4.2759e-05,1.0631e-06,-1.7808e-06,5.0242e-07
0.0016702,-3.1253e-05,-0.00021314,0.00035704,-0.00010073
0.00090409,-1.6917e-05,-0.00044356,0.00074303,-0.00020964
0.00039452,-7.382e-06,-0.00025224,0.00042254,-0.00011921
0.00014542,-2.7211e-06,-6.82e-05,0.00011425,-3.2233e-05
4.6734e-05,-8.7446e-07,1.5264e-05,-2.557e-05,7.2142e-06
-0.0001482,0.0001591,3.9175e-05,-6.5624e-05,1.8515e-05
-0.0069671,0.0068701,3.395e-05,-5.6872e-05,1.6046e-05
-0.0084592,0.0083415,2.0431e-05,-3.4226e-05,9.6562e-06
-0.0038464,0.0037929,9.6516e-06,-1.6168e-05,4.5615e-06
-0.00071286,0.00070294,6.3121e-06,-8.8665e-06,1.7882e-06
0.00056039,-0.00055259,0.033352,-0.033302,-3.5232e-05
0.00081985,-0.00080844,0.069406,-0.0693,-7.4401e-05
0.00062275,-0.00061408,0.039469,-0.039408,-4.2412e-05
0.00034568,-0.00034087,0.010672,-0.010655,-1.1467e-05
0.00015375,-0.00015161,-0.0023885,0.0023848,2.5666e-06
0.0005518,-5.1864e-08,-0.0061299,0.0061205,6.5871e-06
0.021327,0.0024257,-0.0053123,0.0053042,5.7085e-06
0.025878,0.0029623,-0.003197,0.0031921,3.4354e-06
0.011764,0.0013494,-0.0015102,0.0015079,1.6228e-06
0.0021803,0.00025008,-0.00059292,0.00059201,6.3714e-07
-0.0017139,-0.00019659,-0.00020066,0.00020035,2.1562e-07
-0.0025075,-0.00028762,-5.918e-05,5.9089e-05,6.3593e-08
-0.0019047,-0.00021847,0.011865,-0.011847,-1.275e-05
-0.0010573,-0.00012127,0.024693,-0.024655,-2.6534e-05
-0.00047024,-5.3939e-05,0.014042,-0.01402,-1.5089e-05
-0.00055191,-1.8449e-08,0.0037966,-0.0037908,-4.0798e-06
-0.016264,0.000863,-0.00084975,0.00084844,9.1312e-07
-0.019694,0.0010539,-0.0021808,0.0021775,2.3435e-06
-0.0089473,0.00048008,-0.00189,0.0018871,2.0309e-06
-0.0016582,8.8973e-05,-0.0011374,0.0011356,1.2222e-06
0.0013035,-6.9943e-05,-0.00053729,0.00053647,5.7736e-07
0.0019071,-0.00010233,-0.00021063,0.0002103,2.2633e-07
0.0014486,-7.7726e-05,0.0041499,-0.0041435,-4.4594e-06
0.00080409,-4.3145e-05,0.0087635,-0.0087501,-9.4171e-06
0.00035764,-1.919e-05,0.0049957,-0.004988,-5.3683e-06
0.00013386,-7.1824e-06,0.0013507,-0.0013487,-1.4515e-06
4.3562e-05,-2.3374e-06,-0.00030232,0.00030185,3.2486e-07
1.2623e-05,-6.7731e-07,-0.00077588,0.00077469,8.3374e-07
-2.7649e-07,7.1826e-07,-0.0006724,0.00067137,7.2254e-07
-0.0036551,0.0094952,-0.00040465,0.00040403,4.3483e-07
-0.0076066,0.01976,-0.00019115,0.00019086,2.0541e-07
-0.0043256,0.011237,-7.5048e-05,7.4933e-05,8.0645e-08
-0.0011696,0.0030383,-2.5397e-05,2.5359e-05,2.7292e-08
0.00026177,-0.00068002,-7.6042e-06,7.5925e-06,8.1713e-09
0.00067182,-0.0017452,-5.8982e-07,5.8999e-07,-1.2208e-10
0.00058221,-0.0015125,-0.0077973,0.0077996,-1.6138e-06
0.00035038,-0.0009102,-0.016227,0.016232,-3.3585e-06
0.0033614,0.00052832,-0.0092277,0.0092304,-1.9099e-06
0.022226,0.0064763,-0.002495,0.0024957,-5.1639e-07
0.018351,0.0054389,0.00055821,-0.00055837,1.1553e-07
0.006788,0.0020163,-0.0013409,0.0013413,-2.7753e-07
0.00046092,0.00013821,-0.0045311,0.0045324,-9.378e-07
-0.0018251,-0.00054727,-0.0025355,0.0025363,-5.2478e-07
-0.0020095,-0.00060255,-0.00053456,0.00053471,-1.1064e-07
-0.0013682,-0.00041026,0.00033729,-0.00033739,6.981e-08
-3.0417e-05,0.0038028,0.00055679,-0.00055695,1.1524e-07
0.0071797,0.044346,0.00045592,-0.00045605,9.4362e-08
0.0068335,0.041213,0.00026592,-0.000266,5.5037e-08
0.0027168,0.016335,0.00012562,-0.00012565,2.5999e-08
0.00030032,0.0018377,4.9318e-05,-4.9333e-05,1.0207e-08
-0.00061042,-0.0036279,1.4904e-05,-1.662e-05,-1.7076e-06
-0.00072795,-0.0043264,-0.023601,0.00098222,-0.02262
-0.00051306,-0.0030493,-0.049127,0.0020545,-0.047074
-0.00026834,-0.0016166,-0.027937,0.0011683,-0.026769
0.0015998,-0.0044034,-0.0075536,0.00031589,-0.0072378
0.0028738,-0.0065614,0.0016906,-7.0702e-05,0.00162
0.00152,-0.0033982,0.0043389,-0.00018145,0.0041575
0.00037047,-0.00083256,0.0037602,-0.00015725,0.003603
-0.00013194,0.00028554,0.0022629,-9.4634e-05,0.0021683
-0.00026466,0.00057279,0.001069,-4.4704e-05,0.0010243
-0.0002188,0.00047354,0.00041992,-1.665e-05,0.00040153
-0.00012805,0.00027714,0.0033046,0.011906,-0.0079113
-5.9258e-05,0.00012825,0.0066242,0.024789,-0.016707
-2.2889e-05,4.9538e-05,0.0037428,0.014098,-0.0095237
-7.6439e-06,1.6543e-05,0.001012,0.0038117,-0.002575
-0.0011874,-0.00018013,-0.0002265,-0.00085312,0.00057633
-0.013118,-0.0020481,-0.00058129,-0.0021895,0.0014791
-0.012176,-0.001901,-0.00050376,-0.0018975,0.0012819
-0.0048252,-0.00075334,-0.00030316,-0.0011419,0.00077142
-0.00054335,-8.4831e-05,-0.00014321,-0.00053942,0.00036441
0.001071,0.00016722,-5.6226e-05,-0.00021178,0.00014307
0.0012772,0.00019941,-1.9028e-05,-7.167e-05,4.8417e-05
0.0009002,0.00014054,-5.6119e-06,-2.1138e-05,1.428e-05
0.00047554,7.4244e-05,0.0011252,0.004238,-0.002863
0.00020368,3.1799e-05,0.0023416,0.0088198,-0.0059582
7.3961e-05,1.1547e-05,0.0013316,0.0050155,-0.0033883
-0.0012453,-6.2164e-05,0.00036003,0.0013561,-0.00091611
-0.014037,-0.00072761,-8.058e-05,-0.00030352,0.00020504
-0.013035,-0.00067633,-0.00020681,-0.00077896,0.00052623
-0.0051656,-0.00026802,-0.00017922,-0.00067507,0.00045605
-0.00058167,-3.018e-05,-0.00010783,-0.00040614,0.00027437
0.0011466,5.9491e-05,0.00034935,0.0013159,-0.00088894
0.0013673,7.0945e-05,0.00081306,0.0030625,-0.0020689
0.00096369,5.0002e-05,0.00046696,0.0017589,-0.0011882
0.00050908,2.6414e-05,0.00012606,0.00047482,-0.00032077
0.00021804,1.1313e-05,-2.8668e-05,-0.00010798,7.2948e-05
7.9178e-05,4.1082e-06,-7.3576e-05,-0.00027713,0.00018722
2.5133e-05,1.3041e-06,-6.3762e-05,-0.00024017,0.00016225
7.1324e-06,3.7007e-07,-3.8372e-05,-0.00014453,9.7641e-05
-0.00023292,-0.00066776,-1.8127e-05,-6.8276e-05,4.6124e-05
-0.0046459,-0.01332,-7.1167e-06,-2.6806e-05,1.8109e-05
-0.0048976,-0.014041,-2.4084e-06,-9.0715e-06,6.1283e-06
-0.002078,-0.0059576,-7.2109e-07,-2.7161e-06,1.8349e-06
-0.0003143,-0.00090106,-5.5957e-07,-5.2976e-07,-2.7412e-08
0.00037668,0.0010799,-0.0073974,-0.0070034,-0.00036238
0.00049303,0.0014135,-0.015395,-0.014575,-0.00075415
0.00036036,0.0010331,-0.0087545,-0.0082882,-0.00042886
0.00019506,0.00055922,-0.002367,-0.0022409,-0.00011596
8.5806e-05,0.00024382,0.00052978,0.00050156,2.5953e-05
0.0091316,-0.0026419,0.0013597,0.0012872,6.6606e-05
0.018948,-0.0056564,0.0011783,0.0011156,5.7723e-05
0.010773,-0.0032248,0.00070911,0.00067134,3.4738e-05
0.0029119,-0.00087415,0.00033478,0.00031695,1.64e-05
-0.00065173,0.00019565,-0.0025003,-0.0023671,-0.00012248
-0.0016726,0.00050213,-0.0054325,-0.0051431,-0.00026612
-0.0014495,0.00043516,-0.0031013,-0.0029361,-0.00015192
-0.00059079,0.00017736,-0.00084212,-0.00079726,-4.1253e-05
0.0052038,-0.0015622,0.00018848,0.00017844,9.2332e-06
0.0057582,-0.0017286,0.00048373,0.00045796,2.3697e-05
0.0024571,-0.00073763,0.00041914,0.00039681,2.0533e-05
0.00036352,-0.00010913,-0.00068403,-0.0006476,-3.3509e-05
-0.00045532,0.00013669,-0.0018294,-0.0017319,-8.9617e-05
-0.00059595,0.00017891,-0.0010613,-0.0010048,-5.199e-05
-0.00020953,0.00011811,-0.00028377,-0.00026865,-1.3901e-05
0.0095103,-0.00047467,7.1797e-05,6.7972e-05,3.5172e-06
0.011731,-0.00063139,0.0001721,0.00016293,8.4306e-06
0.0053427,-0.00028975,0.00014914,0.0001412,7.3062e-06
0.00098501,-5.2151e-05,8.9754e-05,8.4973e-05,4.3968e-06
-0.00078741,4.4922e-05,4.2374e-05,4.0117e-05,2.0758e-06
-0.0011469,6.4186e-05,-0.00031647,-0.00029961,-1.5503e-05
-0.00087115,4.8755e-05,-0.0006876,-0.00065098,-3.3684e-05
-0.00048356,2.7063e-05,-0.00039253,-0.00037163,-1.9229e-05
-0.00021508,1.2037e-05,-0.00010659,-0.00010091,-5.2216e-06
-8.05e-05,4.5053e-06,2.3856e-05,2.2586e-05,1.1687e-06
-2.6197e-05,1.4662e-06,6.1227e-05,5.7965e-05,2.9994e-06
0.00018356,0.00090767,5.306e-05,5.0234e-05,2.5993e-06
0.0038128,0.018096,3.1932e-05,3.0231e-05,1.5643e-06
0.0040193,0.019077,1.4277e-05,1.3474e-05,7.385e-07
0.0017054,0.0080942,-0.010668,-0.010662,-5.5155e-06
0.00025793,0.0012242,-0.022212,-0.022199,-1.1984e-05
-0.00030913,-0.0014672,-0.012632,-0.012624,-6.8413e-06
-0.00040461,-0.0019204,-0.0034155,-0.0034135,-1.8577e-06
-0.00029573,-0.0014036,0.00076446,0.00076401,4.1578e-07
0.0022006,0.00029313,0.0019619,0.0019608,1.0671e-06
0.0163,0.0069697,0.0017,0.001699,9.246e-07
0.013513,0.0059164,-0.0027744,-0.0027727,-1.5089e-06
0.0050009,0.0021949,-0.0074198,-0.0074154,-4.0355e-06
0.0003381,0.00014059,-0.0043045,-0.0043019,-2.3412e-06
-0.0013482,-0.0006013,-0.0011509,-0.0011502,-6.2598e-07
-0.0014844,-0.00066204,0.0002912,0.00029103,1.5838e-07
0.0012551,-7.6176e-05,0.000698,0.00069759,3.7964e-07
0.01519,0.002365,0.00060491,0.00060455,3.29e-07
0.012775,0.0020506,0.00036403,0.00036382,1.9799e-07
0.0047293,0.00075986,0.00017186,0.00017176,9.3475e-08
0.00030217,4.3049e-05,-0.0012836,-0.0012828,-6.9811e-07
-0.0013009,-0.00021701,-0.0027889,-0.0027872,-1.5168e-06
-0.0014247,-0.00023554,-0.0015921,-0.0015911,-8.6592e-07
-0.00097002,-0.00016037,-0.00043232,-0.00043206,-2.3513e-07
0.00030565,0.0045421,9.676e-05,9.6702e-05,5.2626e-08
0.0053793,0.032036,0.00024833,0.00024818,1.3506e-07
0.0045478,0.026512,0.00021521,0.00021508,1.1705e-07
0.0016869,0.0098097,0.00012951,0.00012944,7.044e-08
0.00010962,0.00066592,6.2342e-05,6.1108e-05,-1.1645e-06
-0.00046035,-0.0026412,0.015377,-0.00045638,-0.015834
-0.00050685,-0.002908,0.031959,-0.00099161,-0.032952
-0.00034511,-0.00198,0.018172,-0.00056608,-0.018739
-9.0128e-05,-0.0003204,0.0049126,-0.00015371,-0.0050665
0.0016787,0.013555,-0.0010995,3.4404e-05,0.001134
0.0018218,0.014588,-0.0028219,8.8296e-05,0.0029103
0.00077595,0.0062068,-0.0024455,7.652e-05,0.0025221
0.00011627,0.00093251,-0.0014727,4.4687e-05,0.0015174
-0.00014218,-0.0011338,-0.013077,-0.017993,-0.0049162
-0.00018609,-0.001484,-0.026041,-0.037483,-0.011442
-0.00013602,-0.0010847,-0.014746,-0.021317,-0.0065714
-7.3625e-05,-0.00058714,-0.0039897,-0.0057636,-0.001774
6.9903e-05,0.00055746,0.00088677,0.0012902,0.00040343
0.00069567,0.0055478,0.0022759,0.0033112,0.0010354
0.00058136,0.0046362,0.001972,0.0028691,0.00089715
0.00021541,0.0017178,-0.0032183,-0.0046824,-0.0014641
1.4715e-05,0.00011735,-0.0086069,-0.012523,-0.0039157
-5.8268e-05,-0.00046468,-0.0049932,-0.0072648,-0.0022716
-6.4154e-05,-0.00051161,-0.0013351,-0.0019424,-0.00060739
-4.3681e-05,-0.00034835,0.00033779,0.00049146,0.00015368
-1.1408e-05,-0.00068108,0.00080968,0.001178,0.00036836
0.00021248,-0.010076,0.00070169,0.0010209,0.00031923
0.00023059,-0.010569,0.00042267,0.00061473,0.00019206
9.8214e-05,-0.0044815,0.0054181,0.0047958,-0.00062226
1.4717e-05,-0.00067892,0.010939,0.0094905,-0.0014482
-1.7996e-05,0.00081081,0.0062025,0.0053707,-0.00083176
-2.3554e-05,0.0010613,0.0016778,0.0014532,-0.00022454
-1.3257e-05,0.0019742,-0.00037374,-0.00032268,5.1064e-05
6.9647e-05,0.024327,-0.00095919,-0.00082814,0.00013105
7.9177e-05,0.025385,-0.00083126,-0.00071769,0.00011357
3.3821e-05,0.010761,-0.00050025,-0.0004319,6.8349e-05
4.8603e-06,0.001639,-0.00023631,-0.00020403,3.2287e-05
-6.5405e-06,-0.0019321,-9.3836e-05,-8.1179e-05,1.2657e-05
-8.3799e-06,-0.002537,-0.014008,-0.014258,-0.00024938
-6.1249e-06,-0.0018543,-0.029097,-0.029623,-0.00052663
-3.3154e-06,-0.0010037,-0.016541,-0.016841,-0.00030021
-1.4467e-06,-0.00043799,-0.0044724,-0.0045535,-8.1169e-05
-5.3327e-07,-0.00016145,0.001001,0.0010192,1.8167e-05
4.2123e-07,0.00012753,0.002569,0.0026156,4.6625e-05
2.55e-05,0.00772,0.0022264,0.0022668,4.0406e-05
3.1021e-05,0.0093914,0.0013398,0.0013641,2.4317e-05
1.4105e-05,0.0042703,0.00063292,0.0006444,1.1487e-05
2.6141e-06,0.00079142,0.00024849,0.000253,4.5098e-06
-2.055e-06,-0.00062214,8.4093e-05,8.5619e-05,1.5262e-06
-3.0065e-06,-0.0009102,2.4802e-05,2.5252e-05,4.5013e-07
-2.2837e-06,-0.00069137,-0.0049726,-0.0050629,-9.0248e-05
-1.2676e-06,-0.00038377,-0.010348,-0.010536,-0.00018782
-5.6382e-07,-0.00017069,-0.0058848,-0.0059916,-0.0001068
2.9006e-07,-0.00056786,-0.0015911,-0.00162,-2.8878e-05
9.9263e-06,-0.010073,0.00035612,0.00036259,6.4633e-06
1.0516e-05,-0.010603,0.00091397,0.00093056,1.6588e-05
4.4706e-06,-0.0044963,0.00079207,0.00080645,1.4375e-05
6.7616e-07,-0.00068005,0.00047667,0.00048532,8.6511e-06
-8.1036e-07,0.00081502,0.00022447,0.00022912,4.6546e-06
-1.0607e-06,0.0010668,-0.0092205,-0.0017112,0.0075093
-7.7525e-07,0.00077971,-0.019343,-0.003718,0.015625
-4.1964e-07,0.00042205,-0.011008,-0.0021225,0.0088852
-1.8312e-07,0.00018417,-0.0029787,-0.00057635,0.0024023
-6.7498e-08,6.7886e-05,0.00066668,0.000129,-0.00053768
5.5985e-07,-0.0001353,0.001711,0.00033107,-0.0013799
4.0264e-06,-0.0010832,0.0014828,0.00028691,-0.0011959
3.3353e-06,-0.00090108,0.00089235,0.00017266,-0.00071968
1.234e-06,-0.00033338,0.00042153,8.1564e-05,-0.00033997
8.3872e-08,-2.2659e-05,0.0001655,3.2023e-05,-0.00013348
-3.3211e-07,8.9725e-05,5.6593e-05,1.1625e-05,-4.4968e-05
-3.6566e-07,9.8789e-05,0.0077633,0.010421,0.0026575
-2.4897e-07,6.7263e-05,0.016121,0.02168,0.0055587
-1.2845e-07,3.4702e-05,0.0091677,0.012329,0.003161
-5.4021e-08,1.4595e-05,0.0024787,0.0033334,0.00085467
-1.9331e-08,5.2227e-06,-0.00055478,-0.00074608,-0.00019129
1.1685e-07,0.0023403,-0.0014238,-0.0019148,-0.00049094
1.3588e-06,0.025887,-0.0012339,-0.0016594,-0.00042546
1.2628e-06,0.024028,-0.00074258,-0.00099862,-0.00025604
5.0042e-07,0.0095217,-0.00035079,-0.00047174,-0.00012095
5.635e-08,0.0010722,-0.00013645,-0.00018386,-4.7415e-05
-1.1108e-07,-0.0021135,0.016784,0.017718,0.0009342
-1.3246e-07,-0.0025204,0.035012,0.036984,0.0019728
-9.3359e-08,-0.0017764,0.019918,0.021042,0.0011246
-4.9318e-08,-0.00093838,0.0053854,0.0056894,0.00030407
-2.1123e-08,-0.00040192,-0.0012053,-0.0012734,-6.8056e-05
-7.6705e-09,-0.00014595,-0.0030934,-0.0032681,-0.00017466
-0.0012706,0.0007857,-0.0026809,-0.0028322,-0.00015137
-0.014064,0.0091964,-0.0016133,-0.0017044,-9.1092e-05
-0.013054,0.0085483,-0.00076212,-0.00080516,-4.3031e-05
-0.0051731,0.0033875,-0.00029922,-0.00031611,-1.6894e-05
-0.00058253,0.00038146,-0.00010081,-0.0001065,-5.6918e-06
0.0011483,-0.00075191,0.0059574,0.0062938,0.00033637
0.0013693,-0.00089668,0.012461,0.013165,0.00070357
0.00096511,-0.00063198,0.0070862,0.0074863,0.0004001
0.00050477,-0.00033054,0.001916,0.0020241,0.00010818
-0.0030093,0.0019706,-0.00042882,-0.00045304,-2.4212e-05
-0.0054059,0.0035399,-0.0011006,-0.0011627,-6.214e-05
-0.0028593,0.0018724,-0.00095377,-0.0010076,-5.3852e-05
-0.00069687,0.00045633,-0.00057398,-0.00060639,-3.2408e-05
0.00024818,-0.00016252,-0.00027114,-0.00028645,-1.5309e-05
0.00049785,-0.000326,-0.00010629,-0.00011229,-6.0014e-06
0.00041158,-0.00026951,0.0020942,0.0022125,0.00011824
0.00024088,-0.00015773,0.0044225,0.0046722,0.0002497
0.00011147,-7.2993e-05,0.0025211,0.0026634,0.00014234
4.3057e-05,-2.8195e-05,0.00068164,0.00072013,3.8487e-05
-0.00025633,0.0028058,-0.00015256,-0.00016118,-8.614e-06
-0.001873,0.019519,-0.00039155,-0.00041365,-2.2107e-05
-0.0015526,0.016146,-0.00033932,-0.00035848,-1.9159e-05
-0.00057443,0.0059736,-0.00020421,-0.00021573,-1.153e-05
-3.9043e-05,0.00040602,-9.6464e-05,-0.00010191,-5.4466e-06
0.0001546,-0.0016077,-3.5667e-05,-3.995e-05,-2.8385e-06
0.00017022,-0.0017701,0.029145,0.00078714,-0.0092571
0.0001159,-0.0012052,0.060676,0.0016622,-0.019263
-0.0028883,0.00037977,0.034507,0.00094756,-0.010954
-0.020418,0.0066837,0.0093299,0.0002562,-0.0029618
-0.016899,0.0056506,-0.0020882,-5.7342e-05,0.00066291
-0.0062529,0.0020959,-0.0053593,-0.00014717,0.0017013
-0.0004244,0.00013621,-0.0046437,-0.00012752,0.0014742
0.0016836,-0.00057198,0.0075785,0.00020811,-0.0024058
0.0018537,-0.00062976,0.020268,0.00055656,-0.0064342
0.0012621,-0.00042879,0.011758,0.00032288,-0.0037327
0.00065116,-0.00022122,0.0031439,8.6331e-05,-0.00099804
0.00027386,-9.3039e-05,-0.00079544,-2.1843e-05,0.00025252
9.8001e-05,-3.3294e-05,-0.0019067,-5.2357e-05,0.00060528
-0.0031336,0.00020124,-0.0016524,-4.5374e-05,0.00052455
-0.035017,0.0023402,-0.0009944,-2.7306e-05,0.00031568
-0.032511,0.0021749,-0.00046946,-1.2891e-05,0.00014903
-0.012884,0.00086186,0.0035062,9.628e-05,-0.0011131
-0.0014508,9.7051e-05,0.0076181,0.00020919,-0.0024184
0.0028597,-0.0001913,0.0043489,0.00011942,-0.0013806
0.0034103,-0.00022814,0.0011809,3.2428e-05,-0.00037489
0.0024036,-0.00016079,-0.00026431,-7.2579e-06,8.3906e-05
0.0012697,-8.4938e-05,-0.00067834,-1.8627e-05,0.00021534
-0.00058197,0.00054719,-0.00058786,-1.6143e-05,0.00018662
-0.012264,0.0064462,-0.00035378,-9.7147e-06,0.00011231
-0.011504,0.0059914,-0.00016712,-4.5891e-06,5.3053e-05
-0.0045658,0.0023748,-6.5613e-05,-1.8017e-06,2.0829e-05
-0.00051614,0.00026755,-2.2828e-05,-1.3294e-06,7.0174e-06
0.0010174,-0.00052738,-0.0082441,-0.0095146,-0.00041471
0.0012133,-0.00062892,-0.017143,-0.0198,-0.00086744
0.00085512,-0.00044326,-0.0097486,-0.01126,-0.00049329
0.00045172,-0.00023416,-0.0026358,-0.0030444,-0.00013337
-0.0014777,0.00010733,0.00058994,0.00068139,2.9851e-05
-0.018428,0.0022616,0.0015141,0.0017488,7.6612e-05
-0.017147,0.0021215,0.0013121,0.0015155,6.6394e-05
-0.0067977,0.00084201,0.00078963,0.00091204,3.9956e-05
-0.00076617,9.5185e-05,0.00037301,0.00043084,1.8875e-05
0.0015103,-0.00018763,0.00014645,0.00016915,7.4104e-06
0.001801,-0.00022375,4.9339e-05,5.6987e-05,2.4966e-06
0.0012694,-0.0001577,-0.0029158,-0.0033678,-0.00014754
0.00067055,-8.3306e-05,-0.0060989,-0.0070444,-0.00030861
0.0002872,-3.568e-05,-0.0034683,-0.0040059,-0.0001755
0.00010429,-1.2957e-05,-0.00093774,-0.0010831,-4.7451e-05
-0.0002737,-0.00084023,0.00020988,0.00024242,1.062e-05
-0.0061102,-0.016679,0.00053866,0.00062216,2.7256e-05
-0.006451,-0.017581,0.00046681,0.00053918,2.3621e-05
-0.0027372,-0.0074596,0.00028093,0.00032448,1.4215e-05
-0.00041399,-0.0011282,0.00013271,0.00015328,6.7151e-06
0.00049616,0.0013522,5.1263e-05,6.0848e-05,2.6324e-06
0.00064941,0.0017698,-0.011078,0.0088692,-5.1866e-05
0.00047466,0.0012936,-0.023086,0.018421,-0.00010953
0.00025693,0.00070021,-0.013131,0.010472,-6.2437e-05
-9.9408e-05,0.00023734,-0.0035504,0.0028314,-1.6882e-05
-0.0023,-0.00064235,0.00079464,-0.00063373,3.7784e-06
-0.0021599,-0.00066457,0.0020394,-0.0016264,9.697e-06
-0.0008574,-0.00026732,0.0017674,-0.0014095,8.4037e-06
-9.6977e-05,-3.1271e-05,0.0010636,-0.00084824,5.0574e-06
0.00019116,6.164e-05,0.00050287,-0.00040046,2.1595e-06
0.00022796,7.3508e-05,0.0058002,0.0029908,-0.0030338
0.00016067,5.1808e-05,0.011727,0.0064984,-0.0063152
8.4874e-05,2.7368e-05,0.0066507,0.0037097,-0.0035913
3.6352e-05,1.1722e-05,0.0017928,0.0010073,-0.00097104
1.3201e-05,4.2566e-06,-0.00040126,-0.00022546,0.00021734
-3.4642e-05,-0.00075427,-0.0010298,-0.00057864,0.00055778
-0.00077339,-0.015072,-0.00089247,-0.00050146,0.00048339
-0.00081653,-0.015888,-0.00053709,-0.00030178,0.0002909
-0.00034645,-0.0067414,-0.00025372,-0.00014256,0.00013742
-5.24e-05,-0.0010196,-9.9611e-05,-5.5969e-05,5.3952e-05
6.28e-05,0.001222,-3.371e-05,-1.8941e-05,1.8258e-05
8.2198e-05,0.0015994,-9.2958e-06,-5.5863e-06,6.0314e-06
6.0079e-05,0.001169,0.010538,0.00112,0.0074655
3.252e-05,0.0006328,0.021932,0.0023309,0.015536
1.4191e-05,0.00027613,0.012472,0.0013255,0.008835
5.2309e-06,0.00010178,0.0033721,0.00035838,0.0023888
-0.0017193,-0.00048825,-0.00075473,-8.0212e-05,-0.00053465
-0.019048,-0.0057571,-0.001937,-0.00020586,-0.0013722
-0.017681,-0.0053524,-0.0016786,-0.00017841,-0.0011892
-0.0070068,-0.0021211,-0.0010102,-0.00010736,-0.00071563
-0.000789,-0.00023884,-0.00047721,-5.0718e-05,-0.00033806
0.0015553,0.0004708,-0.00018707,-1.9882e-05,-0.00013252
0.0018547,0.00056145,0.0036859,0.00039173,0.0026111
0.0013072,0.00039571,0.0077836,0.00082724,0.0055139
0.00083348,0.0001688,0.0044371,0.00047157,0.0031432
0.0064584,-0.0016454,0.0011997,0.0001275,0.00084987
0.0075899,-0.0020739,-0.00026851,-2.8537e-05,-0.00019021
0.0034364,-0.00094748,-0.00068902,-7.3229e-05,-0.00048811
0.00064022,-0.00017458,0.00073667,7.8293e-05,0.00052186
-0.00049568,0.00013954,0.0024165,0.00025683,0.0017119
-0.00072519,0.00020415,0.0014088,0.00014973,0.000998
-0.00055084,0.00015507,0.00036016,3.8278e-05,0.00025514
-0.00030576,8.6078e-05,-0.00011809,-1.255e-05,-8.3653e-05
0.00025828,-0.0036375,-0.00025192,-2.6774e-05,-0.00017846
0.0026832,-0.025475,-0.00021247,-2.2581e-05,-0.00015051
0.0022447,-0.021077,-0.00012878,-1.4536e-05,-9.0554e-05
0.00083183,-0.0077983,-0.012152,-0.012522,0.00029339
5.6864e-05,-0.00053013,-0.025188,-0.026049,0.00068282
-0.00022517,0.0020992,-0.014318,-0.014813,0.00039216
-0.00016458,-0.0038023,-0.0038715,-0.0040051,0.00010587
0.00075359,-0.066096,0.00086598,0.00089635,-2.4076e-05
0.00076908,-0.061999,0.0022225,0.0023004,-6.179e-05
0.00030265,-0.02455,0.0019261,0.0019936,-5.3549e-05
2.5099e-05,-0.0026807,0.0011564,0.0011994,-2.9821e-05
-7.9419e-05,0.0055632,-0.035422,-0.003886,0.031772
-9.0963e-05,0.0065994,-0.07464,-0.0090442,0.066145
-6.3297e-05,0.0046437,-0.042495,-0.0051944,0.037616
-3.3437e-05,0.0024531,-0.011488,-0.0014023,0.010171
-1.4321e-05,0.0010507,0.002576,0.0003189,-0.0022765
1.0098e-05,-0.00074083,0.0066112,0.00081843,-0.0058425
0.0003035,-0.022266,0.0057294,0.00070927,-0.0050632
0.00032121,-0.023565,0.003448,0.00042684,-0.0030471
0.00013649,-0.010013,0.0016278,0.00020152,-0.0014385
2.0643e-05,-0.0015145,-0.012157,-0.001505,0.010744
-2.4741e-05,0.0018151,-0.026415,-0.00327,0.023343
-1.4628e-05,0.0049231,-0.01508,-0.0018668,0.013326
9.9448e-05,0.019401,-0.0040947,-0.0005069,0.0036186
8.9015e-05,0.01555,0.00091715,0.00011444,-0.0008096
3.2083e-05,0.0058155,0.011371,0.013299,0.0019448
4.9989e-07,0.00051858,0.020808,0.027323,0.0065716
-1.0802e-05,-0.0014062,0.0119,0.015546,0.0036774
-1.1354e-05,-0.0015878,0.0034654,0.0042341,0.0007753
-5.6647e-06,-0.00044121,-0.0004184,-0.00090343,-0.00048919
3.4702e-05,0.01239,-0.0015807,-0.0023814,-0.00080754
3.9067e-05,0.013418,-0.0014136,-0.0020692,-0.00066124
1.6686e-05,0.0057088,-0.00086455,-0.0012469,-0.00038567
2.4278e-06,0.0008497,-0.00040563,-0.00058869,-0.0001824
-3.1835e-06,-0.0010576,0.036475,0.0043966,-0.0029127
-4.0988e-06,-0.0013746,0.076187,0.0095528,-0.005937
-2.9958e-06,-0.0010047,0.04334,0.0054534,-0.0033696
-1.6216e-06,-0.00054382,0.011723,0.0014808,-0.00090912
6.2741e-07,0.0010575,-0.0026237,-0.00033144,0.00020348
1.4516e-05,0.014244,-0.0067336,-0.00085061,0.00052221
1.3632e-05,0.013275,-0.0058355,-0.00073716,0.00045256
5.4115e-06,0.0052637,-0.0035118,-0.00044363,0.00027235
6.1207e-07,0.00059363,-0.0016574,-0.00020944,0.0001282
-1.2065e-06,-0.0011701,0.019922,0.0015642,-0.0059868
-1.4388e-06,-0.0013954,0.042595,0.0033986,-0.012547
-1.0141e-06,-0.0009835,0.024282,0.0019402,-0.0071398
-5.3568e-07,-0.00051954,0.0065831,0.00052684,-0.0019318
-1.2631e-07,0.00039246,-0.0014734,-0.00011791,0.00043238
4.3626e-06,0.026433,-0.0037815,-0.00030262,0.0011097
5.3716e-06,0.032166,-0.0032771,-0.00026226,0.00096167
2.447e-06,0.01463,-0.0019722,-0.00015783,0.00057874
4.5489e-07,0.0027128,-0.00093163,-7.4557e-05,0.00027339
-3.576e-07,-0.0021326,-0.00036628,-2.9227e-05,0.00010611
-5.2317e-07,-0.00312,-0.0068786,0.00057586,-0.016186
-3.9739e-07,-0.0023699,-0.014095,0.0012161,-0.033749
-2.2059e-07,-0.0013155,-0.007994,0.00069322,-0.019198
-9.8112e-08,-0.0005851,-0.0021614,0.00018743,-0.0051908
2.4772e-07,0.0091772,0.00048376,-4.1951e-05,0.0011618
1.9605e-06,0.065085,0.0012416,-0.00010766,0.0029817
1.6279e-06,0.053869,0.001076,-9.3305e-05,0.002584
6.0356e-07,0.019938,0.00064751,-5.6151e-05,0.001555
4.1023e-08,0.0013552,0.00030775,-2.8563e-05,0.00073415
-1.6244e-07,-0.0053661,0.02486,-0.026945,-0.005483
-1.7885e-07,-0.0059081,0.051527,-0.056058,-0.011913
-1.2178e-07,-0.0040227,0.029291,-0.031877,-0.0068009
-6.2825e-08,-0.0020754,0.0079164,-0.0086186,-0.0018467
-2.6423e-08,-0.00087285,-0.0017718,0.001929,0.00041333
5.0663e-08,0.0016736,-0.0045473,0.0049507,0.0010608
6.6247e-07,0.021884,-0.0039408,0.0042904,0.00091931
6.1682e-07,0.020376,-0.0023716,0.002582,0.00055324
2.4477e-07,0.0080855,-0.0011203,0.0012197,0.00026135
2.7562e-08,0.00091048,-0.00043917,0.00047814,0.00010245
-5.4329e-08,-0.0017947,0.008653,-0.0094206,-0.0020186
-6.479e-08,-0.0021403,0.018273,-0.019894,-0.0042627
-4.5664e-08,-0.0015084,0.010417,-0.011341,-0.00243
1.188e-08,0.0029591,0.0028164,-0.0030663,-0.00065701
2.3932e-07,0.025704,-0.00063153,0.00068743,0.000147
2.0273e-07,0.021417,-0.017085,0.01695,-0.0003531
7.5204e-08,0.0079305,-0.03359,0.033136,-0.0011932
4.8545e-09,0.00053053,-0.019148,0.018894,-0.00066769
-2.0561e-08,-0.002145,-0.0053476,0.0052941,-0.00014077
-2.2638e-08,-0.0023616,0.0009512,-0.00091742,8.8821e-05
-1.5413e-08,-0.001608,0.0027899,-0.0027341,0.00014662
-7.952e-09,-0.00082958,0.0024478,-0.0024022,0.00012006
-3.3444e-09,-0.0003489,0.0014826,-0.001456,7.0025e-05
-1.1968e-09,-0.00012485,0.00070038,-0.0006878,3.3079e-05
-3.7532e-10,-3.9155e-05,0.00027497,-0.00027004,1.2987e-05
-1.0543e-10,-1.0999e-05,9.3056e-05,-9.1385e-05,4.3951e-06
0,0,2.7862e-05,-2.7361e-05,1.3159e-06
0,0,0,0,0
0,0,0,0,0
0,0,0,0,0
0,0,0,0,0
0,0,0,0,0
0,0,0,0,0
0,0,0,0,0
