0,0,0,0,0
0,0,0,0,0
0,0,0,0,0
0,0,0,0,0
0,0,0,0,0
0,0,0,0,0
0,0,0,0,0
0,0,0,0,0
0,0,0,0,0
0,2.6532e-05,0,0,0
0,0.016935,0,0,0
0,0.028781,0,0,0
0,0.015135,0,0,0
0,0.003694,0,0,0
0,-0.0013022,0,0,0
0,-0.0026122,1.0646e-06,1.0646e-06,0
0,-0.0021596,0.014074,0.014074,0
0,-0.0012639,0.02929,0.02929,0
0,-0.00058488,0.016656,0.016656,0
0,-0.00022592,0.0045035,0.0045035,0
0,-7.5446e-05,-0.001008,-0.001008,0
0,0.0061993,-0.0025869,-0.0025869,0
0,0.029448,-0.0022419,-0.0022419,0
0,0.021923,-0.0013492,-0.0013492,0
0,0.0075589,-0.00063733,-0.00063733,0
0,0.00011645,-0.00025022,-0.00025022,0
0,-0.0024539,-8.4678e-05,-8.4678e-05,0
0,-0.0025193,-2.3842e-05,-2.5097e-05,-8.365e-07
0,-0.0016598,0.019974,0.003386,-0.011058
0,-0.00083689,0.041567,0.0070466,-0.023014
0,-0.00034577,0.023638,0.0040072,-0.013087
0,-0.00012197,0.0063912,0.0010835,-0.0035385
0,-3.7798e-05,-0.0014304,-0.0002425,0.00079197
0,-1.0512e-05,-0.0036712,-0.00062236,0.0020326
0,0,-0.0031815,-0.00053935,0.0017615
0,0,-0.0019147,-0.00032458,0.00106
0,0.00073932,-0.00090446,-0.00015333,0.00050076
0,0.014747,-0.0003551,-6.0198e-05,0.0001966
0,0.015545,-0.00011924,-2.0881e-05,6.6332e-05
0,0.0065959,0.012309,-0.0067313,-0.0026405
0,0.00099761,0.025691,-0.013996,-0.0055366
0,-0.0011956,0.01461,-0.0079589,-0.0031485
0,-0.0015649,0.0039502,-0.0021519,-0.00085129
0,-0.00098091,-0.00088412,0.00048164,0.00019053
0,0.019813,-0.0022691,0.0012361,0.00048899
0,0.028786,-0.0019664,0.0010712,0.00042378
0,0.014087,-0.0011834,0.00064467,0.00025503
0,0.0030319,-0.00055902,0.00030454,0.00012047
0,-0.0016295,-0.00021948,0.00011956,4.7299e-05
0,-0.0027203,-7.4275e-05,4.0462e-05,1.6007e-05
0,-0.0021526,-2.2238e-05,1.2115e-05,4.7925e-06
0,-0.0012264,1.1752e-06,-1.073e-06,-4.8416e-08
0,-0.00055624,0.015536,-0.014184,-0.00064006
0,-0.00021146,0.032333,-0.029519,-0.001332
0,-6.9702e-05,0.018387,-0.016786,-0.00075747
0,-2.0416e-05,0.0049713,-0.0045387,-0.0002048
0,0,-0.0011127,0.0010158,4.5839e-05
0,0,-0.0028556,0.0026071,0.00011764
0,0,-0.0024747,0.0022594,0.00010195
0,0.00059241,-0.0014893,0.0013597,6.1355e-05
0,0.0065573,-0.00070353,0.00064231,2.8984e-05
0,0.0060865,-0.00027593,0.00025192,1.1368e-05
0,0.002412,0.0036443,-0.0033272,-0.00015013
0,0.0002716,0.0077507,-0.0070762,-0.00031931
0,-0.00053537,0.0044235,-0.0040385,-0.00018223
0,-0.00063845,0.001196,-0.0010919,-4.9272e-05
0,-0.00046402,-0.00026769,0.00024439,1.1028e-05
0,-0.0091999,-0.00068701,0.00062722,2.8303e-05
0,-0.015332,-0.00059538,0.00054357,2.4528e-05
0,-0.0080463,-0.0003583,0.00032712,1.4761e-05
0,-0.0019666,-0.00016926,0.00015453,6.9729e-06
0,0.00068579,-6.6452e-05,6.0669e-05,2.7376e-06
0,0.0013824,-2.2488e-05,2.0531e-05,9.2646e-07
0,0.0011428,-6.7331e-06,6.1472e-06,2.7739e-07
0,0.00066884,-5.5935e-07,-6.2102e-08,6.2457e-07
0,0.00030951,-0.0073946,-0.00082098,0.0082568
0,0.00011956,-0.015389,-0.0017085,0.017183
0,3.9926e-05,-0.0087511,-0.00097159,0.0097715
0,1.1822e-05,-0.0023661,-0.0002627,0.002642
0,0,0.00052958,5.8796e-05,-0.00059132
0,0,0.0013591,0.0001509,-0.0015176
0,0.0013138,0.0011779,0.00013077,-0.0013152
0,0.056642,0.00070884,7.8699e-05,-0.00079149
0,0.068773,0.00033485,3.7176e-05,-0.00037389
0,0.031271,0.00013146,1.4596e-05,-0.00014679
0,0.0057955,4.449e-05,4.9395e-06,-4.9677e-05
0,-0.0045559,1.6038e-05,4.3157e-06,-1.4723e-05
0,-0.0066653,0.03592,0.037502,0.0019864
0,-0.0050629,0.074753,0.078044,0.0041339
0,-0.0028103,0.04251,0.044381,0.0023508
-3.8023e-07,-0.0012493,0.011494,0.012,0.00063562
-0.0050266,0.0081708,-0.0025725,-0.0026857,-0.00014226
-0.010461,0.017826,-0.0066022,-0.0068929,-0.00036511
-0.0059487,0.010179,-0.0057216,-0.0059735,-0.00031641
-0.0016084,0.0027642,-0.0034433,-0.0035949,-0.00019042
0.00035999,-0.00061867,-0.0016266,-0.0016982,-8.9951e-05
0.00092389,-0.0015878,-0.00063795,-0.00066604,-3.5279e-05
0.00080066,-0.001376,0.0084256,0.0087966,0.00046595
0.00048184,-0.00082809,0.01792,0.018708,0.00099097
0.00022762,-0.00039118,0.010227,0.010677,0.00056557
8.9364e-05,-0.00015358,0.0027652,0.0028869,0.00015292
3.0242e-05,-5.1974e-05,-0.00061889,-0.00064614,-3.4226e-05
9.0547e-06,-1.5561e-05,-0.0015884,-0.0016583,-8.7838e-05
0,0,-0.0013765,-0.0014371,-7.6123e-05
-0.0002038,0.0017479,-0.00082839,-0.00086486,-4.5811e-05
-0.0022558,0.019348,-0.00039132,-0.00040855,-2.1641e-05
-0.0020938,0.017959,-0.00015285,-0.00016086,-8.4875e-06
-0.00082974,0.0071166,0.010321,-0.0061775,0.0001121
-9.3433e-05,0.00080138,0.021571,-0.012759,0.00023841
0.00018417,-0.0015796,0.012276,-0.0072465,0.00013607
0.00021963,-0.0018838,0.0033191,-0.0019593,3.6789e-05
0.00014415,-0.00083177,-0.00074287,0.00043853,-8.234e-06
-0.00037716,0.020679,-0.0019065,0.0011255,-2.1132e-05
-0.0005222,0.025659,-0.0016523,0.00097535,-1.8314e-05
-0.00024065,0.011695,-0.00099433,0.00058697,-1.1021e-05
-4.292e-05,0.002153,-0.00046971,0.00027728,-5.2063e-06
3.8059e-05,-0.0017295,-0.00018441,0.00010886,-2.044e-06
5.4005e-05,-0.0025159,-6.2408e-05,3.6841e-05,-6.9174e-07
4.1021e-05,-0.0019111,-1.8685e-05,1.103e-05,-2.0711e-07
2.277e-05,-0.0010608,1.4435e-06,1.1433e-06,2.0923e-09
1.0128e-05,-0.00047182,0.019083,0.015114,2.766e-05
3.7907e-06,-0.0001766,0.039714,0.031455,5.7564e-05
1.2336e-06,-5.7469e-05,0.022584,0.017887,3.2735e-05
3.5747e-07,-1.6653e-05,0.0061062,0.0048363,8.8508e-06
0,0,-0.0013667,-0.0010825,-1.981e-06
0,0,-0.0035075,-0.0027781,-5.084e-06
0,0,-0.0030397,-0.0024075,-4.406e-06
-0.0080709,0.0025998,-0.0018293,-0.0014489,-2.6515e-06
-0.021197,0.0068278,-0.00086414,-0.00068443,-1.2525e-06
-0.013101,0.00422,-0.00033927,-0.00026871,-4.9176e-07
-0.0038719,0.0012472,-0.00011481,-9.0936e-05,-1.6642e-07
0.00048596,-0.00015653,-3.4376e-05,-2.7227e-05,-4.9827e-08
0.0018288,-0.0005891,0,0,0
0.0016682,-0.00053734,3.4728e-07,2.7506e-07,5.0338e-10
0.0010334,-0.00033287,0.0045911,0.0036363,6.6546e-06
0.00049859,-0.0001606,0.0095544,0.0075674,1.3849e-05
0.00019904,-6.4112e-05,0.0054333,0.0043033,7.8754e-06
6.8276e-05,-2.1993e-05,0.001469,0.0011635,2.1293e-06
2.0674e-05,-6.6594e-06,-0.0003288,-0.00026042,-4.7658e-07
0,0,-0.00084384,-0.00066835,-1.2231e-06
-8.3193e-05,8.7461e-06,-0.0007313,-0.00057921,-1.06e-06
-0.010434,0.001097,-0.00044009,-0.00034857,-6.379e-07
-0.014838,0.00156,-0.0002079,-0.00016466,-3.0134e-07
-0.0072448,0.00076166,-8.1621e-05,-6.4647e-05,-1.1831e-07
-0.0015647,0.0001645,-2.7622e-05,-2.1878e-05,-4.0038e-08
0.00082748,-8.6993e-05,-8.2702e-06,-6.5503e-06,-1.1987e-08
0.0013892,-0.00014605,8.355e-08,6.6175e-08,1.211e-10
0.0010993,-0.00011557,0.0011045,0.00087482,1.601e-06
0.00062628,-6.5841e-05,0.0022986,0.0018206,3.3318e-06
0.00028406,-2.9864e-05,0.0013071,0.0010353,1.8947e-06
0.00010799,-1.1353e-05,0.00035342,0.00027992,5.1228e-07
3.5596e-05,-3.7422e-06,-7.9102e-05,-6.2652e-05,-1.1466e-07
1.0426e-05,-1.0961e-06,-0.00020301,-0.00016079,-2.9426e-07
-0.00050926,0.0071831,-0.00017594,-0.00013935,-2.5501e-07
-0.0035314,0.04981,-0.00010588,-8.3859e-05,-1.5347e-07
-0.0029207,0.041197,-5.1897e-05,-4.1499e-05,-7.2468e-08
-0.0010806,0.015242,-0.024887,-0.024938,3.567e-07
-7.3447e-05,0.001036,-0.051757,-0.051871,7.9193e-07
0.00029083,-0.0041022,-0.029431,-0.029496,4.5294e-07
0.00024742,-0.00082157,-0.0079569,-0.0079746,1.2324e-07
-0.00058762,0.037824,0.0017809,0.0017849,-2.7584e-08
-0.00063532,0.036376,0.0045706,0.0045808,-7.0794e-08
-0.00024903,0.014377,0.003961,0.0039698,-6.1352e-08
-1.6441e-05,0.0014552,0.0023821,0.0023886,-1.2346e-06
7.1085e-05,-0.0034141,-0.02069,-0.0048673,-0.015834
7.9932e-05,-0.0040032,-0.044959,-0.012035,-0.032951
5.5285e-05,-0.0028066,-0.025669,-0.0069458,-0.018738
2.9205e-05,-0.0014826,-0.0069359,-0.0018737,-0.0050664
1.2509e-05,-0.00063501,0.0015624,0.0004294,0.0011339
4.5423e-06,-0.00023059,0.0040098,0.001102,0.0029102
-7.594e-06,0.00038552,0.003475,0.00095506,0.0025221
-0.00017982,0.0091289,0.0020913,0.00057476,0.0015178
-0.00019,0.0096453,0.0009879,0.00027151,0.00071699
-8.0615e-05,0.0040925,0.00038746,0.00010649,0.00028121
-1.2193e-05,0.00061898,-0.0051173,-0.0014064,-0.003714
1.4613e-05,-0.00074183,-0.010883,-0.0029912,-0.0078989
1.9126e-05,-0.00097097,-0.0062114,-0.0017071,-0.0045081
1.1806e-05,-0.00059933,-0.0016794,-0.00046157,-0.0012189
-3.5794e-05,0.0018171,0.00037589,0.00010331,0.00027281
-4.2407e-05,0.0021528,0.0009647,0.00026513,0.00070015
-1.8177e-05,0.00092279,0.00083603,0.00022977,0.00060677
-2.5422e-06,0.00012906,0.00050312,0.00013828,0.00036515
3.6277e-06,-0.00018416,0.00023757,6.5294e-05,0.00017242
4.6015e-06,-0.0002336,-0.0011694,-0.00032139,-0.00084872
3.3632e-06,-0.00017074,-0.0025962,-0.00071354,-0.0018843
1.8205e-06,-9.2419e-05,-0.0014849,-0.0004081,-0.0010777
7.9441e-07,-4.0329e-05,-0.00040404,-0.00011104,-0.00029324
2.9282e-07,-1.4865e-05,9.0431e-05,2.4854e-05,6.5632e-05
9.4104e-08,-4.7773e-06,0.00023209,6.3786e-05,0.00016844
-2.3674e-05,-7.9428e-07,0.00020113,5.5278e-05,0.00014598
-0.015128,0.00036737,0.00012104,3.3267e-05,8.7849e-05
-0.025709,0.00062432,5.7179e-05,1.5715e-05,4.1499e-05
-0.01352,0.00032831,2.2449e-05,6.1698e-06,1.6293e-05
-0.0032998,8.0132e-05,7.5971e-06,2.088e-06,5.5138e-06
0.0011632,-2.8248e-05,2.2746e-06,6.2514e-07,1.6509e-06
0.0023334,-5.6665e-05,0,0,0
0.0019291,-4.6846e-05,0,0,0
0.001129,-2.7417e-05,-2.2979e-08,-6.3155e-09,-1.6678e-08
0.00052246,-1.2687e-05,-0.00030378,-8.3491e-05,-0.00022048
0.00020181,-4.9008e-06,-0.0006322,-0.00017375,-0.00045884
6.7394e-05,-1.6366e-06,-0.00035951,-9.8807e-05,-0.00026092
1.9956e-05,-4.8461e-07,-9.7205e-05,-2.6715e-05,-7.0548e-05
-5.702e-06,6.7716e-06,2.1756e-05,5.9793e-06,1.579e-05
-0.0036396,0.0043222,5.5836e-05,1.5346e-05,4.0524e-05
-0.0061852,0.0073454,4.8389e-05,1.3299e-05,3.5119e-05
-0.0032526,0.0038627,2.9121e-05,8.0033e-06,2.1135e-05
-0.00079387,0.00094277,1.3756e-05,3.7807e-06,9.9839e-06
0.00027985,-0.00033235,4.1405e-06,1.4828e-06,3.6496e-06
0.00056138,-0.00066668,-0.016659,-1.9584e-05,-0.0035703
0.00046411,-0.00055116,-0.034672,-4.1651e-05,-0.0074325
0.00027162,-0.00032256,-0.019717,-2.3771e-05,-0.0042268
0.00012569,-0.00014927,-0.0053311,-6.4272e-06,-0.0011428
2.1927e-05,-2.6039e-05,0.0011932,1.4385e-06,0.00025579
-0.0011317,0.0013439,0.0030623,3.6919e-06,0.00065647
-0.0013889,0.0016494,0.0026538,3.1995e-06,0.00056891
-0.00063373,0.0007526,0.0015971,1.9255e-06,0.00034237
-0.00011745,0.00013948,0.00075414,9.092e-07,0.00016167
9.2328e-05,-0.00010965,-0.0037121,-4.4753e-06,-0.00079577
0.00013508,-0.00016041,-0.0082413,-9.9358e-06,-0.0017667
0.0001026,-0.00012185,-0.0047136,-5.6827e-06,-0.0010105
2.745e-05,0.0031016,-0.0012826,-1.5463e-06,-0.00027495
-0.00030123,0.03505,0.00028706,3.4608e-07,6.1538e-05
-0.00029364,0.03255,0.00073672,8.882e-07,0.00015793
-0.00011703,0.0129,0.0006398,-6.3719e-07,0.00013685
-1.2632e-05,0.001452,0.018018,-0.018599,-0.00012436
2.6662e-05,-0.0028641,0.036879,-0.038707,-0.0003913
3.1796e-05,-0.0034156,0.02094,-0.022011,-0.00022937
2.241e-05,-0.0024073,0.0056666,-0.0059514,-6.0978e-05
1.1838e-05,-0.0012717,-0.0012557,0.001332,1.6353e-05
5.0703e-06,-0.00054467,-0.0032411,0.0034186,3.7996e-05
-1.8215e-06,0.00028309,-0.0028089,0.0029626,3.2928e-05
-7.2473e-05,0.009529,-0.0016904,0.0017829,1.9816e-05
-7.6848e-05,0.010093,-0.00079851,0.00084223,9.361e-06
-3.2677e-05,0.0042902,-0.0003135,0.00033067,3.6752e-06
-4.9423e-06,0.00064888,-0.00010722,0.00011301,1.24e-06
5.9232e-06,-0.00077767,-0.01489,0.01466,-4.9362e-05
7.7528e-06,-0.0010179,-0.030922,0.030439,-0.0001035
5.6666e-06,-0.00074397,-0.017584,0.017309,-5.8858e-05
2.9543e-06,-0.00045793,-0.0047544,0.0046801,-1.5914e-05
-1.283e-05,-0.0071014,0.0010641,-0.0010475,3.5618e-06
-1.9656e-05,-0.0099136,0.002731,-0.0026883,9.1412e-06
-9.6794e-06,-0.0048295,0.0023668,-0.0023298,7.922e-06
-2.0793e-06,-0.0010445,0.0014243,-0.0014021,4.7675e-06
1.1237e-06,0.00054923,0.00067283,-0.00066232,2.2521e-06
1.8864e-06,0.00092208,0.00026341,-0.00025976,1.3586e-06
1.4928e-06,0.00072965,-0.0097685,0.0034308,0.0062715
8.5044e-07,0.00041569,-0.020488,0.0072966,0.013051
3.8574e-07,0.00018854,-0.011666,0.0041643,0.0074217
1.4664e-07,7.1678e-05,-0.0031543,0.0011259,0.0020067
4.8337e-08,2.3627e-05,0.00070599,-0.00025201,-0.00044913
1.4158e-08,6.9201e-06,0.0018119,-0.00064676,-0.0011527
2.3685e-05,-2.2463e-06,0.0015702,-0.0005605,-0.00099893
0.015118,-0.0014338,0.00094497,-0.00033731,-0.00060115
0.025692,-0.0024366,0.00044639,-0.00015934,-0.00028398
0.013511,-0.0012813,0.00017526,-6.2559e-05,-0.00011149
0.0032976,-0.00031274,5.931e-05,-2.1171e-05,-3.7731e-05
-0.0011625,0.00011025,1.7758e-05,-6.3387e-06,-1.1297e-05
-0.0023319,0.00022115,0,0,0
-0.0019278,0.00018283,0,0,0
-0.0011282,0.000107,-1.794e-07,6.4037e-08,1.1413e-07
-0.00052211,4.9517e-05,-0.0023716,0.00084656,0.0015087
-0.00020167,1.9127e-05,-0.0049356,0.0017618,0.0031398
-6.7349e-05,6.3874e-06,-0.0028067,0.0010019,0.0017855
0.00045849,-8.5976e-06,-0.00075887,0.00027088,0.00048277
0.020626,-0.0004522,0.00016985,-6.0628e-05,-0.00010805
0.025044,-0.00054905,0.00043591,-0.0001556,-0.00027731
0.011387,-0.00024965,0.00037777,-0.00013485,-0.00024032
0.0021104,-4.6269e-05,0.00022734,-8.115e-05,-0.00014463
-0.001659,3.6372e-05,0.00010735,-3.8319e-05,-6.8293e-05
-0.0024272,5.3213e-05,-0.00052841,0.00018862,0.00033615
-0.0018437,4.042e-05,-0.0011731,0.00041876,0.00074631
-0.0010234,2.2437e-05,-0.00067097,0.0002395,0.00042685
-0.00045519,9.9793e-06,-0.00018257,6.5169e-05,0.00011614
0.00035977,-0.0011515,4.0862e-05,-1.4586e-05,-2.5995e-05
0.0058126,-0.012785,0.00010487,-3.7434e-05,-6.6715e-05
0.0054306,-0.011868,9.0884e-05,-3.2441e-05,-5.7817e-05
0.0021584,-0.0047033,5.4694e-05,-1.9523e-05,-3.4794e-05
0.00024305,-0.00052962,2.5313e-05,-9.2189e-06,-1.5917e-05
-0.00047909,0.001044,-0.006913,4.5378e-05,0.0068667
-0.00057134,0.001245,-0.014404,0.00010074,0.014302
-0.00040268,0.00087746,-0.0081921,5.762e-05,0.0081334
-0.00021272,0.00046352,-0.0022153,1.5678e-05,0.0021993
3.6433e-05,-0.0021971,0.00049581,-3.5091e-06,-0.00049223
0.0013787,-0.026445,0.0012725,-9.006e-06,-0.0012633
0.0012999,-0.02459,0.0011028,-7.8048e-06,-0.0010948
0.0005163,-0.0097472,0.00066364,-4.6969e-06,-0.00065886
5.8474e-05,-0.0010983,0.0003135,-2.2188e-06,-0.00031124
-0.00011526,0.002165,0.00012308,-8.7111e-07,-0.00012219
-0.00013745,0.0025818,4.2478e-05,-2.9391e-07,-4.0277e-05
-9.6877e-05,0.0018197,0.010913,1.17e-05,0.014208
-5.1176e-05,0.00096125,0.022686,2.4532e-05,0.029593
-2.1919e-05,0.00041171,0.012901,1.3951e-05,0.016829
-7.9595e-06,0.00014951,0.003488,3.772e-06,0.0045501
4.9124e-05,0.004068,-0.00078068,-8.4423e-07,-0.0010184
0.00035745,0.027893,-0.0020036,-2.1667e-06,-0.0026136
0.00029623,0.023059,-0.0017348,-5.4669e-07,-0.0022648
0.0001096,0.0085312,0.019171,0.017595,0.0020579
7.4492e-06,0.00057985,0.041577,0.036618,0.0064756
-2.9497e-05,-0.0022961,0.02373,0.020823,0.0037958
-2.8667e-05,-0.0028216,0.0064029,0.0056302,0.0010091
5.387e-05,-0.0075774,-0.0014674,-0.0012602,-0.00027062
6.8689e-05,-0.0070613,-0.0037156,-0.0032341,-0.0006288
2.9187e-05,-0.0029928,-0.0032201,-0.0028028,-0.00054493
3.4232e-06,-0.00052981,-0.0019378,-0.0016867,-0.00032794
-6.6988e-06,0.00043288,-0.00091556,-0.00079698,-0.00015485
-8.2145e-06,0.00060968,-0.0022818,-0.0028655,0.00076222
-5.8935e-06,0.00045422,-0.0041223,-0.0054181,0.0016922
-3.1901e-06,0.00024587,-0.0023114,-0.0030526,0.00096787
-1.3921e-06,0.00010729,-0.00061512,-0.00081679,0.00026336
-5.1312e-07,3.9547e-05,0.00013767,0.00018281,-5.8944e-05
2.2069e-07,0.00013012,0.00035334,0.00046918,-0.00015128
1.6577e-05,0.0050657,0.00030621,0.0004066,-0.0001311
2.0184e-05,0.0061462,0.00018428,0.00024469,-7.8896e-05
9.1778e-06,0.0027947,8.7051e-05,0.00011559,-3.727e-05
1.7009e-06,0.00051794,3.4177e-05,4.5382e-05,-1.4632e-05
-1.3371e-06,-0.00040716,1.1566e-05,1.5358e-05,-4.9519e-06
-1.9562e-06,-0.00059568,2.7816e-06,3.9054e-06,-1.4676e-06
-1.4859e-06,-0.00045247,-0.0090076,-0.0091593,0.00019801
-8.2481e-07,-0.00025116,-0.018746,-0.019061,0.00041208
3.5236e-07,0.0040998,-0.01066,-0.01084,0.00023433
4.85e-06,0.029163,-0.0028823,-0.0029308,6.3359e-05
4.0802e-06,0.024141,0.000646,0.00065685,-1.4177e-05
1.5132e-06,0.0089326,0.013563,0.013554,1.1243e-05
1.0373e-07,0.0006074,0.026215,0.026163,6.7597e-05
-4.1074e-07,-0.0024052,0.014955,0.014926,3.7395e-05
-4.5223e-07,-0.0026481,0.004218,0.0042132,6.2766e-06
-3.0791e-07,-0.001803,-0.00069262,-0.00068731,-6.9319e-06
-1.5886e-07,-0.00093021,-0.0021344,-0.0021268,-9.9471e-06
-0.0028517,0.00062199,-0.0018804,-0.0018744,-7.9447e-06
-0.019774,0.006886,-0.0011414,-0.0011379,-4.5665e-06
-0.016355,0.0057671,-0.00053898,-0.00053733,-2.1563e-06
-0.006051,0.0021376,0.002653,0.0026449,1.0614e-05
-0.00041127,0.00014613,0.00589,0.005872,2.3564e-05
0.0016285,-0.00057864,0.0033687,0.0033584,1.3477e-05
0.001793,-0.00063709,0.00091664,0.00091383,3.6672e-06
0.0012208,-0.00043378,-0.00020516,-0.00020453,-8.2078e-07
0.00041953,0.0013808,-0.00052653,-0.00052492,-2.1065e-06
-0.0039301,0.031913,-0.00045631,-0.00045491,-1.8255e-06
-0.0043274,0.033707,-0.0002746,-0.00027376,-1.0986e-06
-0.0018466,0.014305,-0.00012972,-0.00012932,-5.1897e-07
-0.00027544,0.0021623,-5.0929e-05,-5.0773e-05,-2.0375e-07
0.00034012,-0.002595,-1.5852e-05,-1.58e-05,-6.8745e-08
0.00044517,-0.0033966,0.018277,0.018275,2.7366e-06
0.00032538,-0.0024826,0.038047,0.038042,5.738e-06
0.00017613,-0.0013438,0.021636,0.021633,3.263e-06
7.6856e-05,-0.00058639,0.0058499,0.0058492,8.8226e-07
2.833e-05,-0.00021615,-0.0013093,-0.0013092,-1.9746e-07
9.1042e-06,-6.9463e-05,-0.0033603,-0.0033599,-5.0678e-07
0.0041153,0.0012394,-0.0029121,-0.0029118,-4.3919e-07
0.028519,0.0087325,-0.0017525,-0.0017523,-2.6431e-07
0.023587,0.0072224,-0.00082753,-0.00082744,-1.248e-07
0.0087268,0.0026722,0.0040733,0.0040728,6.1432e-07
0.00059314,0.00018162,0.0090434,0.0090423,1.3639e-06
-0.0019452,-0.0006801,0.0051723,0.0051717,7.8006e-07
0.01481,0.0008929,0.0014074,0.0014072,2.1225e-07
0.019361,0.0015064,-0.000315,-0.00031496,-4.7506e-08
0.0086955,0.00065196,-0.00080842,-0.00080833,-1.2192e-07
0.0013979,5.5396e-05,-0.0007006,-0.00070052,-1.0566e-07
-0.0015359,-0.00017737,-0.00042162,-0.00042157,-6.3587e-08
-0.0020899,-0.00021138,-0.00019917,-0.00019915,-3.0038e-08
-0.0015669,-0.00015428,-7.8195e-05,-7.8186e-05,-1.1793e-08
-0.0008631,-8.3589e-05,-2.6383e-05,-2.638e-05,-3.9789e-09
-0.00038389,-3.7179e-05,0.0010502,0.0010501,1.5839e-07
-0.00014368,-1.3915e-05,0.0022021,0.0022019,3.3212e-07
-4.6759e-05,-4.5285e-06,0.0012523,0.0012521,1.8886e-07
-1.355e-05,-1.3122e-06,0.00033859,0.00033855,5.1065e-08
0,0,-7.5782e-05,-7.5773e-05,-1.1429e-08
0.00075261,0.00092843,-0.00019449,-0.00019447,-2.9332e-08
0.0052189,0.0064381,-0.00016855,-0.00016853,-2.542e-08
0.0043164,0.0053248,-0.00010214,-0.00010068,-1.5295e-08
0.001597,0.0019701,-0.0093438,0.0097571,3.1167e-08
0.00010854,0.0001339,-0.019364,0.020386,7.7064e-08
-0.00042981,-0.00053022,-0.011008,0.011597,4.4477e-08
-0.00047322,-0.00058378,-0.0029764,0.0031355,1.1998e-08
-0.00014114,0.0012518,0.00066574,-0.0007022,-2.7496e-09
0.0010893,0.011232,0.0017101,-0.0018003,-7.0561e-09
0.00096853,0.0093727,0.021864,0.023417,3.1212e-09
0.00035919,0.0034688,0.04331,0.051042,1.5542e-08
1.8268e-05,0.00022818,0.024543,0.029117,9.1927e-09
-0.00010561,-0.0009446,0.0066874,0.0078183,2.273e-09
-0.00011385,-0.001037,-0.0014038,-0.0018479,-8.9251e-10
-5.1639e-05,0.0035533,-0.0037297,-0.0046087,-1.7669e-09
0.00024645,0.046782,-0.0032468,-0.0039787,-1.4713e-09
0.00024906,0.043608,-0.0019539,-0.0023944,-8.8543e-10
9.9343e-05,0.017287,-0.000923,-0.0011311,-4.1827e-10
9.9768e-06,0.0019356,-0.0003602,-0.00044543,-1.6405e-10
-2.3917e-05,-0.0038541,0.028657,-0.018017,2.1666e-09
-2.7889e-05,-0.0045904,0.059857,-0.037227,4.608e-09
-1.9656e-05,-0.0032353,0.03406,-0.021144,2.6299e-09
0.002139,1.585e-05,0.009209,-0.005717,7.1106e-10
0.0149,0.011229,-0.0020611,0.0012796,-1.5915e-10
0.012325,0.0096271,-0.0052893,0.0032836,-4.084e-10
0.0045602,0.0035758,0.0023396,-0.0014525,1.8065e-10
0.00030984,0.00022483,0.01165,-0.0072327,8.9958e-10
-0.0012275,-0.00098509,0.0068909,-0.0042779,5.3207e-10
-0.0013515,-0.0010846,0.0017039,-0.0010578,1.3156e-10
-0.00092017,-0.00073848,-0.00066902,0.00041533,-5.1658e-11
-0.00040803,-0.00032746,-0.0013245,0.00082224,-1.0227e-10
0.0026758,0.0021474,-0.0011029,0.00068468,-8.5158e-11
0.0034198,0.0027445,-0.00066372,0.00041204,-5.1248e-11
0.0015651,0.001256,-0.00031353,0.00019464,-2.4209e-11
0.00028791,0.00023106,-0.0001231,7.6419e-05,-9.5047e-12
-0.00023128,-0.00018561,-4.1658e-05,2.5861e-05,-3.2166e-12
-0.00033837,-0.00027155,-1.2347e-05,7.6649e-06,-9.5333e-13
-0.00025702,-0.00020627,0.0016658,-0.0010341,1.2862e-10
-0.00014267,-0.0001145,0.0034666,-0.0021521,2.6767e-10
-6.3455e-05,-5.0925e-05,0.0019714,-0.0012238,1.5222e-10
-2.375e-05,-1.906e-05,0.00053301,-0.0003309,4.1156e-11
-7.729e-06,-6.2028e-06,-0.0001193,7.406e-05,-9.2114e-12
-0.00061978,2.8808e-05,-0.00030617,0.00019007,-2.3641e-11
-0.012318,0.00061048,-0.00026534,0.00016472,-2.0488e-11
-0.012985,0.00064354,-0.00015968,9.913e-05,-1.2329e-11
-0.0055095,0.00027306,-7.5431e-05,4.6828e-05,-5.8243e-12
-0.00083329,4.1299e-05,-2.9615e-05,1.8385e-05,-2.2867e-12
0.00099868,-4.9496e-05,-9.9918e-06,6.203e-06,-7.7151e-13
0.0013072,-6.4784e-05,0.00039775,-0.00024693,3.0712e-11
0.00095541,-4.7351e-05,0.000834,-0.00051776,6.4397e-11
0.00051716,-2.5631e-05,0.00047427,-0.00029443,3.662e-11
0.00022567,-1.1184e-05,0.00012823,-7.9608e-05,9.9013e-12
-0.002746,1.0147e-05,-2.8701e-05,1.7818e-05,-2.2161e-12
-0.031289,0.00015662,-7.3659e-05,4.5728e-05,-5.6875e-12
-0.02906,0.00014622,-6.3828e-05,3.9625e-05,-4.9284e-12
-0.011519,5.8096e-05,5.7998e-05,-3.6006e-05,4.4783e-12
-0.0012971,6.542e-06,0.0001825,-0.0001133,1.4091e-11
0.0025568,-1.2895e-05,0.00010698,-6.6412e-05,8.26e-12
0.0030491,-1.5378e-05,2.8439e-05,-1.7655e-05,2.1959e-12
0.002149,-1.0838e-05,-7.6268e-06,4.7347e-06,-5.8889e-13
-0.0014364,5.3097e-08,-1.7721e-05,1.1001e-05,-1.3683e-12
-0.017346,3.7619e-05,-1.5357e-05,9.534e-06,-1.1858e-12
-0.014572,3.2251e-05,-9.2421e-06,5.7376e-06,-7.1362e-13
-0.0054008,1.1979e-05,-4.3659e-06,2.7104e-06,-3.3711e-13
-0.00035499,7.5319e-07,-1.7141e-06,1.0641e-06,-1.3235e-13
0.0014686,-3.3001e-06,-5.7832e-07,3.5903e-07,-4.4654e-14
0.001617,-3.6334e-06,2.3022e-05,-1.4292e-05,1.7776e-12
0.001101,-2.4739e-06,4.8272e-05,-2.9967e-05,3.7272e-12
0.000568,-1.2763e-06,2.7451e-05,-1.7042e-05,2.1196e-12
0.00023889,-5.368e-07,7.422e-06,-4.6077e-06,5.7309e-13
8.5486e-05,-1.9209e-07,-1.6612e-06,1.0313e-06,-1.2827e-13
2.6809e-05,-6.0241e-08,-4.2633e-06,2.6467e-06,-3.2919e-13
-1.6785e-05,3.7716e-08,-3.6947e-06,2.2937e-06,-2.8528e-13
-0.0030497,6.8528e-06,-2.2235e-06,1.3804e-06,-1.7168e-13
-0.0043369,9.7453e-06,-1.0504e-06,6.5207e-07,-8.1102e-14
-0.0021175,4.7582e-06,-4.1238e-07,2.5601e-07,-3.1841e-14
-0.00045733,1.0276e-06,-1.3956e-07,8.6637e-08,-1.0776e-14
0.00024185,-5.4346e-07,-4.1784e-08,2.594e-08,-3.2263e-15
0.00040604,-9.1238e-07,0,0,0
0.0003213,-7.2198e-07,0,0,0
0.00018305,-4.1132e-07,4.2212e-10,-2.6206e-10,3.2594e-17
8.3025e-05,-1.8656e-07,5.5804e-06,-3.4643e-06,4.3088e-13
3.1563e-05,-7.0924e-08,1.1613e-05,-7.2096e-06,8.9671e-13
-0.0044162,3.1108e-07,6.6041e-06,-4.0999e-06,5.0993e-13
-0.030692,2.3124e-06,1.7856e-06,-1.1085e-06,1.3787e-13
-0.025387,1.9182e-06,-3.9955e-07,2.4804e-07,-3.0851e-14
-0.0093928,7.097e-07,3.1686e-07,-1.9671e-07,2.4466e-14
-0.00063841,4.8237e-08,1.9051e-06,-1.1827e-06,1.471e-13
0.002528,-1.9101e-07,1.0539e-06,-6.5427e-07,8.1375e-14
0.0027833,-2.103e-07,1.7689e-07,-1.0981e-07,1.3658e-14
0.0018951,-1.4319e-07,-1.9536e-07,1.2128e-07,-1.5084e-14
-8.7249e-05,0.0017824,-2.8033e-07,1.7403e-07,-2.1646e-14
-0.0069735,0.01236,-2.239e-07,1.39e-07,-1.7288e-14
-0.0059606,0.010223,-1.2869e-07,7.9894e-08,-9.937e-15
-0.0022136,0.0037822,-6.0794e-08,3.7741e-08,-4.6941e-15
-0.00014063,0.00025707,-2.3868e-08,1.4818e-08,-1.843e-15
0.00060818,-0.0010179,4.6723e-07,4.9993e-09,-4.7528e-07
0.00066962,-0.0011208,0.0062835,-1.9901e-07,-0.0062832
0.00045593,-0.00076311,0.013077,-4.1729e-07,-0.013076
0.00023522,-0.0003937,0.0074362,-2.373e-07,-0.0074358
9.8927e-05,-0.00016558,0.0020106,-6.4161e-08,-0.0020105
-4.3141e-05,7.2207e-05,-0.00045001,1.436e-08,0.00044998
-0.0015555,0.0026036,-0.0011549,3.6855e-08,0.0011549
-0.0016484,0.0027589,-0.0010009,3.1939e-08,0.0010008
-0.00070072,0.0011728,-0.00060233,1.9221e-08,0.0006023
-0.00010598,0.00017739,-0.00028442,9.0762e-09,0.00028441
0.00012702,-0.0002126,0.0014,-4.4675e-08,-0.0013999
0.00016625,-0.00027826,0.0031082,-9.9186e-08,-0.003108
0.00012151,-0.00020338,0.0017777,-5.6729e-08,-0.0017776
6.5775e-05,-0.00011009,0.00048371,-1.5436e-08,-0.00048369
2.8702e-05,-4.804e-05,-0.00010826,3.4548e-09,0.00010826
-8.3013e-05,-0.0058151,-0.00027785,8.8666e-09,0.00027784
-0.00043959,-0.027446,-0.00024079,7.684e-09,0.00024078
-0.00032881,-0.020429,-0.00014491,4.6243e-09,0.0001449
-0.00011371,-0.0070434,-6.8454e-05,2.1844e-09,6.845e-05
-1.7517e-06,-0.0001085,-2.6876e-05,8.5763e-10,2.6874e-05
3.6913e-05,0.0022865,-9.0951e-06,2.9024e-10,9.0947e-06
3.7898e-05,0.0023475,-2.7231e-06,8.6899e-11,2.723e-06
2.4969e-05,0.0015466,0,0,0
1.2589e-05,0.00077981,0,0,0
5.2014e-06,0.00032219,-1.0181e-06,1.0456e-06,-2.7509e-08
1.8348e-06,0.00011365,-0.013459,0.013823,-0.00036367
5.6859e-07,3.522e-05,-0.02801,0.028767,-0.00075683
1.5813e-07,9.7949e-06,-0.015928,0.016359,-0.00043038
-1.4829e-05,-0.0021306,-0.0043067,0.0044231,-0.00011637
-0.00010283,-0.014774,0.00096391,-0.00098996,2.6045e-05
-8.5049e-05,-0.012219,0.0024738,-0.0025407,6.6843e-05
-3.1466e-05,-0.0045209,0.0021439,-0.0022018,5.7928e-05
-2.1387e-06,-0.00030728,0.0012903,-0.0013248,3.5177e-05
8.4688e-06,0.0012167,0.001644,0.0026996,0.0042015
9.3242e-06,0.0013397,0.0023922,0.006675,0.008716
6.3487e-06,0.00091214,0.0013053,0.0038525,0.004955
3.2753e-06,0.00047058,0.00035526,0.0010392,0.0013398
1.3775e-06,0.00019792,-7.4088e-05,-0.00023817,-0.00029972
-3.0747e-06,0.0046915,-0.00019014,-0.00061124,-0.00076922
-2.4585e-05,0.032064,-0.00016478,-0.00052972,-0.00066663
-2.0418e-05,0.026507,-9.9166e-05,-0.00031878,-0.00040118
-7.5702e-06,0.0098047,-4.6845e-05,-0.00015059,-0.00018951
-5.1454e-07,0.00066641,-1.9742e-05,-5.9063e-05,-7.5697e-05
2.0374e-06,-0.0026388,-0.017853,0.00078006,-0.017114
2.2432e-06,-0.0029054,-0.037142,0.001659,-0.035571
1.5274e-06,-0.0019782,-0.021121,0.00094684,-0.020224
-0.0021389,9.1076e-05,-0.0057106,0.00025601,-0.005468
-0.014837,0.0072794,0.0012781,-5.7298e-05,0.0012238
-0.012272,0.006222,0.0032799,-0.00014704,0.0031406
-0.0045403,0.0023107,-0.0014508,6.5041e-05,-0.0013892
-0.00030859,0.0001468,-0.0072246,0.00032388,-0.0069177
0.001222,-0.00063485,-0.0042731,0.00019156,-0.0040916
0.0013454,-0.00069898,-0.0010566,4.7366e-05,-0.0010117
0.00091606,-0.00047592,0.00041487,-1.8599e-05,0.00039725
-4.2175e-05,2.1911e-05,0.00082132,-3.682e-05,0.00078643
-0.0033709,0.0017513,0.00068391,-3.066e-05,0.00065487
-0.0028812,0.0014969,0.0004115,-1.8448e-05,0.00039402
-0.00107,0.0005559,-0.00083853,3.7591e-05,-0.00080292
-6.7977e-05,3.5316e-05,-0.0020733,9.2948e-05,-0.0019853
0.00029398,-0.00015273,-0.0011966,5.3645e-05,-0.0011458
0.00031881,-0.00016563,-0.00032279,1.4471e-05,-0.00030908
-0.00039009,0.00020266,7.3977e-05,-3.3164e-06,7.0835e-05
-0.00075444,0.00039196,0.00018986,-8.5114e-06,0.0001818
-0.00037605,0.00019537,0.00016454,-7.3762e-06,0.00015755
-7.4433e-05,3.867e-05,9.9018e-05,-4.439e-06,9.4813e-05
5.3779e-05,-2.794e-05,4.6775e-05,-2.0969e-06,4.4789e-05
8.2786e-05,-4.301e-05,1.8346e-05,-8.2243e-07,1.7566e-05
6.4316e-05,-3.3414e-05,-0.0002423,1.0862e-05,-0.00023201
3.6642e-05,-1.9037e-05,-0.00051531,2.3102e-05,-0.00049343
1.662e-05,-8.6344e-06,-0.0002941,1.3185e-05,-0.00028161
6.3182e-06,-3.2825e-06,-7.9518e-05,3.5648e-06,-7.6141e-05
2.0826e-06,-1.082e-06,1.7798e-05,-7.9787e-07,1.7042e-05
-0.002168,1.5163e-05,4.5677e-05,-2.0477e-06,4.3737e-05
-0.015038,0.00010734,3.9585e-05,-1.7746e-06,3.7903e-05
-0.012438,8.8778e-05,2.3817e-05,-1.0677e-06,2.2806e-05
-0.0046017,3.2846e-05,-4.8534e-05,2.1758e-06,-4.6473e-05
-0.00031277,2.2325e-06,-0.00012,5.3798e-06,-0.00011491
0.0012385,-8.8401e-06,-6.926e-05,3.1049e-06,-6.6318e-05
0.0013636,-9.7331e-06,-1.8683e-05,8.3756e-07,-1.789e-05
0.00092844,-6.6271e-06,4.2818e-06,-1.9195e-07,4.0999e-06
0.00016904,-1.2066e-06,1.0989e-05,-4.9264e-07,1.0522e-05
-0.0032293,2.305e-05,9.5233e-06,-4.2693e-07,9.1189e-06
-0.0031124,2.2216e-05,5.7311e-06,-2.5693e-07,5.4877e-06
-0.0012393,8.8462e-06,2.7062e-06,-1.2132e-07,2.5913e-06
-0.00013575,9.6897e-07,-1.3321e-05,5.9717e-07,-1.2755e-05
0.00028011,-1.9994e-06,-2.9574e-05,1.3258e-06,-2.8318e-05
0.00033404,-2.3843e-06,-1.6915e-05,7.5829e-07,-1.6196e-05
0.00023543,-1.6805e-06,-4.6025e-06,2.0633e-07,-4.407e-06
8.5889e-05,0.00096105,1.0301e-06,-4.618e-08,9.8636e-07
-0.00071425,0.019187,2.6437e-06,-1.1852e-07,2.5315e-06
-0.00078975,0.020226,2.2911e-06,-1.0271e-07,2.1938e-06
-0.00033716,0.008582,1.3788e-06,-6.1812e-08,1.3202e-06
-5.018e-05,0.001298,6.5133e-07,-2.9199e-08,6.2367e-07
6.2228e-05,-0.0015556,1.5102e-06,1.2433e-06,2.4461e-07
8.1449e-05,-0.0020361,0.016584,0.016588,-3.2306e-06
5.9532e-05,-0.0014882,0.034513,0.034521,-6.8709e-06
3.2224e-05,-0.00080557,0.019627,0.019631,-3.9213e-06
-0.00065087,-0.0001201,0.0053066,0.0053077,-1.0602e-06
-0.013258,0.0044865,-0.0011877,-0.001188,2.373e-07
-0.01398,0.0048245,-0.0030482,-0.0030489,6.0902e-07
-0.0059318,0.0020527,-0.0026416,-0.0026422,5.278e-07
-0.00089725,0.00031228,-0.0015894,-0.0015898,3.1757e-07
0.0010753,-0.00037426,0.0032389,0.0032396,-6.4712e-07
0.0014075,-0.00048986,0.0080084,0.0080101,-1.6001e-06
0.0010287,-0.00035804,0.004622,0.004623,-9.2347e-07
0.00055685,-0.00019381,0.0012468,0.0012471,-2.4911e-07
-0.00027885,9.7049e-05,-0.00028574,-0.0002858,5.709e-08
-0.003529,0.0012282,-0.00073334,-0.0007335,1.4652e-07
-0.0029641,0.0010316,-0.00063546,-0.0006356,1.2696e-07
-0.001099,0.00038251,0.00057742,0.00057755,-1.1537e-07
-7.5261e-05,2.6194e-05,0.0018169,0.0018173,-3.6302e-07
0.00029801,-0.00010372,0.001065,0.0010653,-2.1279e-07
0.00032812,-0.0001142,0.00028314,0.0002832,-5.657e-08
0.0029497,-3.4061e-05,-7.5931e-05,-7.5948e-05,1.5171e-08
0.01902,0.00026288,-0.00017643,-0.00017647,3.525e-08
0.015684,0.00023373,-0.00015288,-0.00015291,3.0545e-08
0.0058023,8.6679e-05,0.00013892,0.00013895,-2.7755e-08
0.00039863,4.4084e-06,0.00043712,0.00043722,-8.7336e-08
-0.0015554,-2.5485e-05,0.00025623,0.00025628,-5.1194e-08
-0.0017142,-2.7474e-05,6.8118e-05,6.8133e-05,-1.361e-08
-0.0011672,-1.8706e-05,-1.8268e-05,-1.8272e-05,3.6498e-09
-0.00060216,-9.6508e-06,-4.2445e-05,-4.2455e-05,8.4805e-09
-0.00092642,-8.3642e-07,-3.6784e-05,-3.6792e-05,7.3494e-09
-0.013518,6.2825e-05,-2.2137e-05,-2.2142e-05,4.4229e-09
-0.014183,6.7304e-05,-1.0457e-05,-1.0459e-05,2.0893e-09
-0.0060138,2.8622e-05,-4.1056e-06,-4.1065e-06,8.2028e-10
-0.00090836,4.3484e-06,-1.3894e-06,-1.3897e-06,2.776e-10
0.0010886,-5.2114e-06,-4.1179e-07,-4.1188e-07,8.2275e-11
0.0014249,-6.8212e-06,5.5558e-05,5.557e-05,-1.11e-08
0.0010415,-4.9856e-06,0.00011562,0.00011565,-2.3101e-08
0.00056375,-2.6987e-06,6.575e-05,6.5764e-05,-1.3137e-08
0.0016263,3.2479e-07,1.7777e-05,1.7781e-05,-3.5519e-09
0.015369,1.6196e-05,-3.9789e-06,-3.9797e-06,7.9497e-10
0.014211,1.5296e-05,-1.0212e-05,-1.0214e-05,2.0403e-09
0.0056283,6.077e-06,-8.8486e-06,-8.8505e-06,1.7679e-09
0.00063284,6.8881e-07,8.0404e-06,8.0422e-06,-1.6065e-09
-0.0012474,-1.3578e-06,2.53e-05,2.5306e-05,-5.055e-09
-0.0014876,-1.6192e-06,1.483e-05,1.4834e-05,-2.9631e-09
-0.0010485,-1.1412e-06,3.9426e-06,3.9435e-06,-7.8773e-10
-0.00055386,-6.0284e-07,-1.0573e-06,-1.0576e-06,2.1125e-10
-0.00023722,-2.582e-07,-2.4567e-06,-2.4573e-06,4.9085e-10
-8.6143e-05,-9.3761e-08,-2.1291e-06,-2.1295e-06,4.2538e-10
-2.7344e-05,-2.9762e-08,-1.2813e-06,-1.2815e-06,2.5599e-10
-7.7599e-06,-8.4461e-09,-6.0526e-07,-6.0539e-07,1.2093e-10
0,0,-2.3763e-07,-2.3768e-07,4.7478e-11
0,0,-8.0418e-08,-8.0435e-08,1.6067e-11
0,0,-2.4077e-08,-2.4083e-08,4.8106e-12
0,0,0,0,0
0,0,0,0,0
0,0,0,0,0
0,0,0,0,0
