0,0,0,0,0
0,0,0,0,0
0,0,0,0,0
0,0,0,0,0
0,0,0,0,0
0,0,0,0,0
-0.0012962,0.0049825,0,0,0
-0.0089883,0.03455,-1.7463e-06,-2.081e-06,-3.4032e-07
-0.007434,0.028575,-0.023086,-0.02751,-0.0044989
-0.0027504,0.010572,-0.048044,-0.057251,-0.0093627
-0.00018694,0.00071859,-0.027321,-0.032557,-0.0053242
0.00073495,-0.0028175,-0.007387,-0.0088026,-0.0014396
-0.0025623,0.014688,0.0016533,0.0019702,0.0003222
-0.0051845,0.028152,0.0042432,0.0050564,0.00082691
-0.0027319,0.014825,0.0036773,0.004382,0.00071662
-0.00061625,0.0034242,0.002213,0.0026371,0.00043126
0.00030278,-0.0015359,0.0010454,0.0012457,0.00020372
0.00053444,-0.0028007,0.00040871,0.00048781,7.947e-05
0.00043446,-0.002287,-0.022587,-0.016733,-0.0067577
0.00025204,-0.0013299,-0.047253,-0.035117,-0.014112
0.00011664,-0.00061545,-0.026895,-0.019998,-0.0080294
4.5053e-05,-0.00023773,-0.0072718,-0.0054071,-0.002171
1.1795e-05,-6.3661e-05,0.0016275,0.0012102,0.0004859
-0.0020701,0.010016,0.004177,0.0031059,0.001247
-0.0035255,0.017061,0.0036199,0.0026917,0.0010807
-0.001854,0.0089718,0.0021785,0.0016198,0.00065038
-0.0004525,0.0021898,0.0010291,0.0007652,0.00030723
0.00015951,-0.00077194,0.00040196,0.00029964,0.00012036
0.00031998,-0.0015485,-0.027143,-0.010278,-0.0033728
0.00026454,-0.0012802,-0.056731,-0.021571,-0.0070918
0.00015482,-0.00074922,-0.032284,-0.012284,-0.0040398
7.1645e-05,-0.00034671,-0.008729,-0.0033213,-0.0010923
2.7594e-05,-0.00013316,0.0019537,0.00074337,0.00024447
-0.0010498,0.010107,0.0050141,0.0019078,0.00062742
-0.0022012,0.021113,0.0043453,0.0016534,0.00054374
-0.0012533,0.012014,0.002615,0.000995,0.00032722
-0.00033886,0.0032482,0.0012353,0.00047003,0.00015458
7.5843e-05,-0.00072701,0.00048499,0.00018454,6.0688e-05
0.00019465,-0.0018658,0.00016248,6.1968e-05,1.9999e-05
0.00016869,-0.001617,-0.021734,-0.0063572,-0.0071172
0.00010152,-0.0009731,-0.045333,-0.013269,-0.014824
4.7955e-05,-0.00045968,-0.025779,-0.0075455,-0.0084301
-9.0798e-05,0.0062071,-0.0069702,-0.0020401,-0.0022793
-0.001207,0.070641,0.0015601,0.00045662,0.00051015
-0.0011244,0.065608,0.0040052,0.0011692,0.001309
-0.00044633,0.026006,0.021757,-0.034568,-0.0032409
-5.026e-05,0.0029285,0.040144,-0.073442,-0.0084231
9.907e-05,-0.0057725,0.022628,-0.041823,-0.0048557
-0.00026431,-0.0060321,0.0062386,-0.011273,-0.0012735
-0.016405,0.031874,-0.0011786,0.0025868,0.00035622
-0.019976,0.042029,-0.0033219,0.0065518,0.00081707
-0.0090842,0.019178,-0.0029128,0.005668,0.00069697
-0.0016802,0.0033591,-0.0017529,0.003411,0.00041944
0.0013284,-0.0030806,-0.00082722,0.0016097,0.00019793
0.0019409,-0.0043577,0.010908,-0.021225,-0.0026099
0.0014738,-0.0032827,0.023266,-0.045273,-0.0055671
0.0008181,-0.0018222,0.01326,-0.025803,-0.0031729
0.00036387,-0.00081048,0.0035942,-0.006994,-0.00086002
0.00013619,-0.00030335,-0.00080445,0.0015654,0.00019249
4.432e-05,-9.8718e-05,-0.0020646,0.0040174,0.00049401
-0.0036105,0.0023815,-0.0017892,0.0034816,0.00042812
-0.040106,0.026677,-0.0010768,0.0020952,0.00025764
-0.037226,0.024761,-0.00050813,0.00098875,0.00012158
-0.014752,0.0098125,0.0067001,-0.013038,-0.0016032
-0.0016612,0.0011049,0.014292,-0.027809,-0.0034196
0.0032744,-0.002178,0.0081453,-0.01585,-0.001949
0.00083215,-0.001117,0.0022078,-0.0042961,-0.00052827
-0.031259,0.014556,-0.00049414,0.00096154,0.00011824
-0.030116,0.014243,-0.0012679,0.0024671,0.00030337
-0.011888,0.0056132,0.0031392,-0.0061085,-0.00075113
-0.0011826,0.00052831,0.0081588,-0.015876,-0.0019522
0.0028486,-0.0013856,0.0047033,-0.009152,-0.0011254
0.0033319,-0.001609,0.0012335,-0.0024002,-0.00029514
0.002334,-0.0011245,-0.00034504,0.00067141,8.256e-05
-0.00065452,0.00056947,-0.00079142,0.00154,0.00018937
-0.020364,0.012624,-0.0006751,0.0013137,0.00016153
-0.0192,0.011861,-0.0004041,0.00079215,9.7164e-05
-0.0076237,0.0047077,0.02855,0.021446,-0.000577
-0.00084806,0.0005251,0.059738,0.044,-0.0012783
0.0017057,-0.0010515,0.033989,0.024988,-0.0007311
0.0020341,-0.0012539,0.009189,0.0067575,-0.0001975
0.00072214,-0.00072858,-0.0020584,-0.0015091,4.4612e-05
-0.029918,0.0062228,-0.0052827,-0.0038731,0.00011449
-0.03692,0.0079224,-0.0045781,-0.0033565,9.9224e-05
-0.016817,0.0036206,-0.0027551,-0.00202,5.9713e-05
-0.0031012,0.00066142,-0.0013015,-0.00095421,2.8208e-05
0.0024779,-0.00054461,-0.00051098,-0.00037463,1.1075e-05
0.0036097,-0.0007872,-0.00017159,-0.0001258,3.7189e-06
0.0027419,-0.00059795,0.017603,0.012906,-0.00038151
0.001522,-0.00033191,0.036741,0.026937,-0.0007963
0.00067694,-0.00014763,0.020893,0.015318,-0.00045283
0.00025337,-5.5254e-05,0.0056491,0.0041417,-0.00012244
8.2453e-05,-1.7981e-05,-0.0012644,-0.00092699,2.7403e-05
-0.00041316,0.00043035,-0.0032449,-0.0023791,7.0329e-05
-0.018842,0.018778,-0.0028122,-0.0020618,6.0949e-05
-0.022878,0.0228,-0.0016924,-0.0012408,3.6679e-05
-0.010403,0.010367,-0.00079945,-0.00058613,1.7327e-05
-0.0019279,0.0019213,-0.00031387,-0.00023012,6.8026e-06
0.0015156,-0.0015104,-0.00010325,-7.7275e-05,1.5809e-06
0.0022173,-0.0022097,0.039213,0.0079275,-0.0095335
0.0016842,-0.0016785,0.081671,0.016546,-0.019841
0.00093488,-0.00093169,0.046444,0.0094094,-0.011283
0.00041582,-0.0004144,0.012557,0.0025441,-0.0030507
0.00015563,-0.0001551,-0.0028106,-0.00056941,0.00068281
-0.0011858,0.0023677,-0.0072132,-0.0014614,0.0017524
-0.013672,0.026752,-0.0062511,-0.0012665,0.0015187
-0.012704,0.024845,-0.0037596,-0.00076125,0.00091349
-0.0050343,0.0098455,0.029366,0.011561,-0.0054247
-0.00056689,0.0011087,0.064114,0.024667,-0.012018
0.0011174,-0.0021854,0.03662,0.01406,-0.0068734
0.0013326,-0.0026061,0.0098945,0.0038002,-0.0018568
0.0018586,-0.0010703,-0.0022304,-0.00085374,0.00041942
0.018835,0.014319,-0.0057242,-0.0021911,0.0010764
0.019545,0.015701,-0.0049607,-0.0018989,0.00093285
0.00828,0.0066875,-0.0029839,-0.0011422,0.00056112
0.0012651,0.00098639,0.01772,0.0067827,-0.0033321
-0.0014799,-0.0012532,0.039258,0.015027,-0.0073823
-0.0019462,-0.0016225,0.022452,0.0085941,-0.004222
-0.0014225,-0.0011859,0.0060651,0.0023216,-0.0011405
-0.00052945,-0.00058154,-0.00137,-0.00052442,0.00025763
0.029831,0.0072906,-0.0035161,-0.0013459,0.0006612
0.042777,0.010663,-0.0030472,-0.0011664,0.00057301
0.020906,0.0052234,-0.0018338,-0.00070193,0.00034484
0.0045124,0.0011258,-0.00086626,-0.00033159,0.0001629
-0.0023924,-0.00060039,-0.0003401,-0.00013018,6.3955e-05
-0.0040165,-0.001008,-0.0001151,-4.4056e-05,2.1643e-05
-0.0031783,-0.00079761,-3.446e-05,-1.3191e-05,6.4802e-06
-0.0018107,-0.00045441,8.8887e-07,3.4024e-07,-1.6715e-07
-0.00082128,-0.00020611,0.011751,0.0044979,-0.0022097
-0.00031222,-7.8354e-05,0.024454,0.0093606,-0.0045986
-0.00010291,-2.5827e-05,0.013906,0.0053231,-0.0026151
0.00045474,0.00011412,0.00376,0.0014392,-0.00070706
0.020904,0.0052461,-0.00084155,-0.00032213,0.00015825
0.025381,0.0063696,-0.0021598,-0.00082673,0.00040614
0.011541,0.0028963,-0.0018717,-0.00071646,0.00035198
0.0021389,0.00053677,-0.0011264,-0.00043117,0.00021182
-0.0016814,-0.00042196,-0.00053211,-0.00020368,0.00010006
-0.0024599,-0.00061733,-0.00021121,-7.6905e-05,3.9182e-05
-0.0018685,-0.00046892,-0.030552,0.040435,-0.001344
-0.0010372,-0.00026029,-0.063455,0.084197,-0.0028207
-0.00016348,-0.00037208,-0.036073,0.047885,-0.0016063
0.012668,-0.011093,-0.0097533,0.012947,-0.00043431
0.015534,-0.013431,0.002183,-0.0028978,9.7207e-05
0.0070728,-0.0061046,0.0056025,-0.007437,0.00024948
0.0013138,-0.0011306,0.0048553,-0.0064451,0.0002162
-0.0010328,0.00088879,0.0029219,-0.0038786,0.00013011
-0.001511,0.0013003,0.0013782,-0.0018304,6.2084e-05
-0.0011477,0.00098769,-0.027229,0.024135,0.0082382
-0.0006371,0.00054826,-0.057611,0.05148,0.017102
-0.00028337,0.00024385,-0.032811,0.029341,0.0097234
-0.00010606,9.1269e-05,-0.0088862,0.0079528,0.0026283
-2.5089e-05,4.149e-05,0.0019889,-0.00178,-0.00058826
0.0060066,0.0075326,0.0051044,-0.0045682,-0.0015098
0.010225,0.012787,0.0044236,-0.0039589,-0.0013084
0.0053769,0.0067241,0.0026621,-0.0023825,-0.00078739
0.0013123,0.0016412,0.0012576,-0.0011255,-0.00037196
-0.00046263,-0.00057854,0.00049372,-0.00044186,-0.00014603
-0.00092802,-0.0011605,0.00016708,-0.00014953,-4.942e-05
-0.00076722,-0.00095944,5.0026e-05,-4.4772e-05,-1.4797e-05
-0.00044901,-0.00056151,0,0,0
-0.00020779,-0.00025985,-2.0888e-06,3.5636e-07,3.8166e-07
-8.0261e-05,-0.00010037,-0.027614,0.004711,0.0050455
-2.6803e-05,-3.3519e-05,-0.057468,0.0098041,0.0105
-7.9366e-06,-9.9251e-06,-0.03268,0.0055752,0.0059711
0,0,-0.008836,0.0015074,0.0016145
0.00026709,-0.00086806,0.0019776,-0.00033739,-0.00036135
0.0053275,-0.017315,0.0050755,-0.00086589,-0.00092738
0.0056161,-0.018253,0.0043986,-0.0007504,-0.00080369
0.0023829,-0.0077446,0.0026468,-0.00045033,-0.00048343
0.00036041,-0.0011713,-0.0018888,0.016503,0.0028708
-0.00043194,0.0014038,-0.0060421,0.034705,0.0063601
-0.00056536,0.0018374,-0.003549,0.019755,0.0036375
-0.00041322,0.001343,-0.00095475,0.0053405,0.00098261
-0.00022368,0.00072696,0.00022482,-0.0011972,-0.00022196
0.0014065,-0.0045714,0.000577,-0.0030726,-0.00056965
0.0039144,-0.012722,0.00050004,-0.0026628,-0.00049367
0.00243,-0.0078977,0.00030093,-0.0016025,-0.00029709
0.00071828,-0.0023345,0.00014215,-0.00075698,-0.00014034
-9.0566e-05,0.00029435,5.5811e-05,-0.0002972,-5.51e-05
-0.00034083,0.0011077,1.8887e-05,-0.00010058,-1.8647e-05
-0.00031089,0.0010104,5.655e-06,-3.0113e-05,-5.5829e-06
-0.00019259,0.00062593,-1.4586e-07,7.7674e-07,1.4401e-07
-9.2921e-05,0.000302,-0.0019283,0.010268,0.0019037
-3.7093e-05,0.00012056,-0.004013,0.021369,0.0039619
2.9677e-05,0.00059324,-0.0022821,0.012152,0.002253
0.0018242,0.023805,-0.00061702,0.0032857,0.00060916
0.0022195,0.028889,0.0001381,-0.00073539,-0.00013634
0.0010092,0.013136,0.00035291,-0.0018883,-0.00034982
0.00018704,0.0024344,-0.019727,-0.014178,0.00086614
-0.00014704,-0.0019138,-0.041508,-0.027086,0.0022511
-0.00021511,-0.0027998,-0.023622,-0.015308,0.0012977
-0.0001634,-0.0021267,-0.0063762,-0.0041958,0.00034033
0.00011123,0.0028736,0.0014464,0.00083645,-9.5201e-05
0.0013599,0.027588,0.0036858,0.0022868,-0.00021836
0.001143,0.023055,0.0031885,0.0019955,-0.00018621
0.00042357,0.0085386,-0.033005,-0.029121,0.0006062
2.7699e-05,0.00056617,-0.071776,-0.062538,0.0014419
-0.00011532,-0.0023153,-0.040976,-0.035663,0.00082928
-8.8945e-05,-0.00056181,-0.011055,-0.0096275,0.00022281
0.000672,0.037905,0.0025373,0.0021943,-5.3549e-05
0.00075492,0.040892,0.0064194,0.0055735,-0.00013202
0.00032048,0.017354,0.0055632,0.0048302,-0.00011442
4.4596e-05,0.0025469,0.0033479,0.0029068,-6.8856e-05
-6.3597e-05,-0.0032562,0.0015788,0.0013717,-3.3558e-05
-8.1078e-05,-0.0042185,-0.034907,-0.018087,-0.013646
-5.8828e-05,-0.0030747,-0.073726,-0.038581,-0.028376
-3.1843e-05,-0.0016643,-0.041982,-0.021989,-0.016135
-1.3895e-05,-0.00072624,-0.011368,-0.0059601,-0.0043623
-2.1275e-06,-0.0001112,0.0025444,0.001334,0.00097636
0.00037392,0.019543,0.00653,0.0034236,0.0025058
0.00053361,0.027889,0.0056591,0.002967,0.0021716
0.00026077,0.013629,0.003404,0.0017846,0.0013062
5.6319e-05,0.0029435,-0.020214,-0.010598,-0.0077569
-2.9784e-05,-0.0015567,-0.044784,-0.02348,-0.017185
-3.5656e-05,-0.00022436,-0.025613,-0.013428,-0.0098285
0.0002466,0.045585,-0.0069189,-0.0036275,-0.002655
0.00027913,0.049056,0.0015629,0.0008194,0.00059974
0.00011777,0.02078,0.0040087,0.0021038,0.0015388
1.5472e-05,0.0030206,-0.028778,0.013644,-0.00381
-2.4483e-05,-0.0039305,-0.065033,0.025699,-0.0099022
-3.0744e-05,-0.0050765,-0.037183,0.014508,-0.0057084
-2.2196e-05,-0.0036961,-0.0099328,0.0039861,-0.0014971
0.0021228,0.00084314,0.0024413,-0.00077779,0.00041878
0.023625,0.030605,0.0059677,-0.0021522,0.00096055
0.021931,0.028896,0.0051377,-0.001883,0.00081936
0.0086911,0.011475,0.0030919,-0.0011332,0.00049309
0.00097856,0.0012742,0.0014591,-0.00053477,0.00023269
-0.0019293,-0.00257,-0.019239,0.0070513,-0.0030682
-0.0023007,-0.0030648,-0.041038,0.015041,-0.0065447
0.00036648,-0.0012587,-0.023389,0.0085723,-0.0037301
0.038797,0.016839,-0.0063396,0.0023235,-0.001011
0.041435,0.018465,0.0014189,-0.00052005,0.00022629
0.017603,0.0078646,0.0036416,-0.0013347,0.00058076
0.0026403,0.00116,0.0031559,-0.0011567,0.0005033
-0.003227,-0.0014737,0.0018992,-0.00069608,0.00030289
-0.0042081,-0.001908,0.00089625,-0.00032848,0.00014293
-0.0030757,-0.0013946,-0.011818,0.0043313,-0.0018847
-0.0016649,-0.00075489,-0.025208,0.0092389,-0.0040201
-0.00072649,-0.00032941,-0.014367,0.0052656,-0.0022912
-0.00026779,-0.00012142,-0.0038941,0.0014272,-0.00062104
-8.6059e-05,-3.9021e-05,0.00087158,-0.00031944,0.000139
7.5841e-05,5.9798e-05,0.0022369,-0.00081983,0.00035673
0.012607,0.0089033,0.0019385,-0.00071049,0.00030915
0.017928,0.012661,0.0011666,-0.00042757,0.00018605
0.0087535,0.0061819,0.00055109,-0.00020198,8.7888e-05
0.0018905,0.0013351,0.00021636,-7.9299e-05,3.4505e-05
-0.00099979,-0.00070606,7.3221e-05,-2.6836e-05,1.1677e-05
-0.0016785,-0.0011854,2.1357e-05,-7.8277e-06,3.406e-06
-0.0013282,-0.00093801,-0.0074755,0.0027398,-0.0011922
-0.0007567,-0.00053439,-0.015557,0.0057019,-0.0024811
-0.00034322,-0.00024238,-0.0088469,0.0032425,-0.0014109
-6.8735e-05,-7.0958e-05,-0.002392,0.00087669,-0.00038148
0.007701,0.002627,0.00053537,-0.00019622,8.5381e-05
0.011,0.0037701,0.001374,-0.00050359,0.00021913
0.0053769,0.0018451,0.0011907,-0.00043642,0.0001899
0.0011613,0.0003985,0.00071659,-0.00026264,0.00011428
-0.00061413,-0.00021074,0.00034117,-0.00012394,5.4082e-05
-0.001031,-0.00035381,0.035251,0.0016343,0.0012995
-0.00081587,-0.00027997,0.073129,0.0034859,0.0026675
-0.00046481,-0.0001595,0.041574,0.0019868,0.001515
-0.00021082,-7.2345e-05,0.011237,0.00053851,0.00040903
-8.0147e-05,-2.7503e-05,-0.002515,-0.00012053,-9.1549e-05
0.00093859,0.00032208,-0.0064547,-0.00030933,-0.00023496
0.0066839,0.0022936,-0.0055922,-0.000268,-0.00020356
0.0055345,0.0018992,0.018205,0.00087245,0.00066267
0.0020477,0.00070267,0.043302,0.0020752,0.0015762
0.00013918,4.7759e-05,0.024904,0.0011935,0.00090653
-0.00047465,-0.00016288,0.0066911,0.00032066,0.00024356
0.0026894,0.00092289,-0.0016081,-7.7067e-05,-5.8537e-05
0.003589,0.0012316,-0.0039649,-0.00019001,-0.00014432
0.0016066,0.00055133,-0.003436,-0.00016467,-0.00012507
0.00024762,8.4972e-05,-0.0020678,-9.9096e-05,-7.527e-05
-0.0002972,-0.00010199,-0.00097681,-4.6812e-05,-3.5557e-05
-0.00039794,-0.00013656,-0.0003825,-1.8331e-05,-1.3923e-05
-0.00029745,-0.00010207,0.013121,0.00062878,0.0004776
-0.00016354,-5.6121e-05,0.027536,0.0013196,0.0010023
-7.2741e-05,-2.4962e-05,0.015681,0.00075149,0.0005708
-2.7226e-05,-9.3427e-06,0.0042398,0.00020319,0.00015433
-6.4404e-06,-6.4742e-06,-0.00094895,-4.5477e-05,-3.4542e-05
0.0015419,-0.0021927,-0.0024354,-0.00011671,-8.8651e-05
0.0026247,-0.0037248,-0.0021106,-0.00010115,-7.6828e-05
0.0013802,-0.0019587,-0.0012702,-6.0871e-05,-4.6235e-05
0.00033688,-0.00047807,-0.00060001,-2.8755e-05,-2.1841e-05
-0.00011876,0.00016853,-0.00023557,-1.1289e-05,-8.5749e-06
-0.00023822,0.00033807,-8.0227e-05,-4.9127e-06,-2.8795e-06
-0.00019695,0.00027949,-0.0067131,-0.014439,0.0002954
-0.00011526,0.00016357,-0.013921,-0.030047,0.00061656
-5.3339e-05,7.5694e-05,-0.0079163,-0.017087,0.00035062
-2.0603e-05,2.9238e-05,-0.0021404,-0.0046199,9.48e-05
2.1967e-05,-1.2782e-05,0.00047906,0.001034,-2.1218e-05
0.0012417,-0.00096914,0.0012295,0.0026538,-5.4455e-05
0.0015101,-0.0011802,0.0010655,0.0022998,-4.7192e-05
0.00068662,-0.00053665,0.00064122,0.001384,-2.84e-05
0.00012725,-9.9457e-05,0.00030291,0.00065381,-1.3416e-05
-0.00010003,7.8184e-05,0.00011808,0.00025602,-5.2914e-06
-0.00014635,0.00011438,-0.011106,-0.0087819,-0.00032245
-0.00011117,8.6885e-05,-0.023184,-0.018431,-0.00066788
-6.1707e-05,4.8229e-05,-0.013191,-0.010496,-0.0003795
-2.7446e-05,2.1451e-05,-0.0035665,-0.0028378,-0.00010261
-1.0273e-05,8.0287e-06,0.00079825,0.00063516,2.2965e-05
-0.0041437,-0.00010476,0.0020487,0.0016301,5.894e-05
-0.028712,-0.00074381,0.0017754,0.0014127,5.1079e-05
-0.023746,-0.00061581,0.0010679,0.00084974,3.0724e-05
-0.0087855,-0.00022784,-0.0063418,-0.0050461,-0.00018245
-0.00059713,-1.5486e-05,-0.01405,-0.01118,-0.00040422
0.0023645,6.132e-05,-0.0080355,-0.0063937,-0.00023118
0.0026033,6.7514e-05,-0.0021707,-0.0017272,-6.245e-05
0.0017726,4.5969e-05,0.00049033,0.00039015,1.4107e-05
0.00013484,0.00044061,0.0012584,0.0010013,3.6204e-05
-0.015166,0.0083256,0.0010906,0.00086775,3.1375e-05
-0.016256,0.0087696,0.0006563,0.00052221,1.8882e-05
-0.0069125,0.0037206,0.00031003,0.00024669,8.9195e-06
-0.0010399,0.00056287,0.00012102,9.6218e-05,3.4927e-06
0.0012608,-0.00067421,-0.0091909,-0.0083401,-0.00011981
0.0016503,-0.00088246,-0.0192,-0.017415,-0.00025144
0.0012062,-0.000645,-0.010926,-0.0099088,-0.00014319
0.00065291,-0.00034913,-0.0029541,-0.0026791,-3.8715e-05
0.00028491,-0.00015235,0.00066117,0.00059964,8.6651e-06
0.00010502,-5.6157e-05,0.0016969,0.0015389,2.2239e-05
3.375e-05,-1.8047e-05,0.0014706,0.0013337,1.9273e-05
-0.00019182,2.9005e-05,0.00088498,0.00080261,1.1598e-05
-0.008687,0.0014736,0.00041805,0.00037915,5.4789e-06
-0.010547,0.0017892,0.00016413,0.00014886,2.151e-06
-0.004796,0.00081354,5.5545e-05,5.0375e-05,7.2795e-07
-0.00088884,0.00015077,1.663e-05,1.5083e-05,2.1795e-07
0.00069873,-0.00011853,-3.4328e-06,-3.3928e-06,-5.6219e-09
0.0010222,-0.0001734,-0.045381,-0.044853,-7.432e-05
0.00077648,-0.00013171,-0.094441,-0.093343,-0.00015467
0.00043101,-7.3113e-05,-0.053706,-0.053081,-8.7954e-05
-0.00076788,0.0052635,-0.014521,-0.014352,-2.3781e-05
-0.0065824,0.036712,0.00325,0.0032122,5.3226e-06
-0.0054801,0.03037,0.0083375,0.0082406,1.3657e-05
-0.0020294,0.011237,-0.038742,-0.038502,-3.3813e-05
-0.0001384,0.00076381,-0.09132,-0.090695,-8.7881e-05
0.00054801,-0.0030245,-0.052349,-0.05199,-5.0661e-05
0.00060337,-0.00333,-0.013903,-0.013809,-1.3286e-05
0.00041082,-0.0022673,0.0035653,0.0035389,3.7166e-06
0.00021195,-0.0011697,0.0085313,0.0084707,8.5247e-06
-0.00050029,0.0027612,0.0073226,0.0072709,7.2717e-06
-0.0040554,0.022382,0.0044067,0.0043757,4.3761e-06
-0.0033705,0.018602,0.0020796,0.0020649,2.0651e-06
-0.0012479,0.0068874,-0.027421,-0.027227,-2.723e-05
-8.501e-05,0.00046918,-0.058489,-0.058077,-5.8083e-05
0.00033662,-0.0018578,-0.033335,-0.0331,-3.3104e-05
-0.00064697,-0.0076505,-0.0090356,-0.0089718,-8.9728e-06
-0.0024202,-0.016113,0.0020223,0.0020081,2.0083e-06
-0.0015216,-0.0098167,0.0051902,0.0051536,5.1541e-06
-0.00043342,-0.0029911,0.0044979,0.0044662,4.4667e-06
8.0864e-05,0.00022934,0.0027069,0.0026878,2.6881e-06
0.00023673,0.0012362,0.0012787,0.0012697,1.2698e-06
0.00021205,0.001149,0.00050203,0.00049848,4.9854e-07
0.00013029,0.00071766,0.00016965,0.00016846,1.6741e-07
6.2863e-05,0.00034626,-0.0032201,-0.0030982,-1.7174e-05
2.5095e-05,0.00013822,-0.0068073,-0.0065527,-3.5847e-05
8.6083e-06,4.7415e-05,-0.0038711,-0.0037263,-2.0385e-05
-9.0195e-05,-3.3787e-05,-0.0010467,-0.0010075,-5.5116e-06
-0.011639,-0.0060384,0.00023426,0.0002255,1.2336e-06
-0.016552,-0.0085871,0.00060121,0.00057873,3.166e-06
-0.0080816,-0.0041927,0.00052103,0.00050154,2.7437e-06
-0.0017454,-0.0009055,0.00031355,0.00030183,1.6512e-06
0.00092305,0.00047887,0.00014812,0.00014258,7.7999e-07
0.0015497,0.00080395,5.8001e-05,5.5832e-05,3.0543e-07
0.0012263,0.00063618,-0.0019896,-0.0019152,-1.0477e-05
0.00069861,0.00036244,-0.0041755,-0.0040194,-2.1988e-05
0.00031687,0.00016439,-0.0023778,-0.0022889,-1.2522e-05
0.0015875,-0.001541,-0.00064291,-0.00061887,-3.3855e-06
0.0050889,-0.0054982,0.00014389,0.00013851,7.5774e-07
0.0034241,-0.0037238,0.0003693,0.00035549,1.9447e-06
0.0010926,-0.0011942,0.00032005,0.00030808,1.6853e-06
-5.22e-05,5.7055e-05,0.0001926,0.0001854,1.0142e-06
-0.00042728,0.00046701,9.0984e-05,8.7581e-05,4.7912e-07
-0.00041222,0.00045056,3.5721e-05,3.4385e-05,1.881e-07
-0.00026318,0.00028766,1.1995e-05,1.1547e-05,6.3166e-08
-0.00012977,0.00014184,-0.0012306,-0.0011845,-6.4801e-06
-5.2691e-05,5.7591e-05,-0.0025685,-0.0024724,-1.3525e-05
-1.8326e-05,2.003e-05,-0.0014606,-0.001406,-7.6914e-06
-5.6132e-06,6.1353e-06,-0.00039491,-0.00038015,-2.0796e-06
0,0,8.8388e-05,8.5083e-05,4.6545e-07
-8.378e-07,-1.2325e-07,0.00022685,0.00021836,1.1946e-06
-0.011076,-0.0016294,0.00019659,0.00018924,1.0352e-06
-0.023049,-0.0033908,0.00011831,0.00011388,6.23e-07
-0.013107,-0.0019283,5.5887e-05,5.3797e-05,2.943e-07
-0.003544,-0.00052136,2.1942e-05,2.1121e-05,1.1554e-07
0.0007932,0.00011669,7.4255e-06,7.1478e-06,3.9102e-08
0.0020357,0.00029948,2.1659e-06,2.0849e-06,1.1405e-08
0.0017642,0.00025954,-0.00075811,-0.00072976,-3.9921e-06
0.0010617,0.00015619,-0.0015777,-0.0015187,-8.308e-06
0.00050154,7.3782e-05,-0.00089718,-0.00086363,-4.7245e-06
0.00019691,2.8967e-05,-0.00024258,-0.00023351,-1.2774e-06
-9.2124e-06,3.7873e-05,5.4293e-05,5.2263e-05,2.859e-07
-0.0094932,0.0035235,0.00013934,0.00013413,7.3376e-07
-0.013528,0.0050066,0.00012076,0.00011624,6.359e-07
-0.0066053,0.0024445,7.2671e-05,6.9954e-05,3.8268e-07
-0.0014266,0.00052794,3.4329e-05,3.3045e-05,1.8078e-07
0.00075443,-0.0002792,1.3478e-05,1.2974e-05,7.0974e-08
0.0012666,-0.00046873,5.7807e-06,5.6114e-06,2.3833e-08
0.0010023,-0.00037091,0.016123,0.016141,-2.445e-06
0.000571,-0.00021131,0.033551,0.033588,-5.1033e-06
0.00025899,-9.5845e-05,0.01908,0.0191,-2.9021e-06
9.8458e-05,-3.6437e-05,0.0051587,0.0051643,-7.8465e-07
-0.00048829,4.4576e-05,-0.0011546,-0.0011559,1.7562e-07
-0.022441,0.0024361,-0.0029632,-0.0029664,4.5072e-07
-0.027259,0.0029621,-0.002568,-0.0025708,3.906e-07
-0.012394,0.0013469,-0.0015454,-0.0015471,2.3507e-07
-0.0022971,0.00024961,-0.0007293,-0.00073009,1.1093e-07
0.0018058,-0.00019622,0.0096164,0.0096268,-1.4627e-06
0.0026418,-0.00028708,0.020512,0.020534,-3.12e-06
0.0020067,-0.00021806,0.011691,0.011703,-1.7782e-06
0.0011139,-0.00012104,0.0031688,0.0031722,-4.8198e-07
-0.00026479,0.0012527,-0.00070922,-0.00070999,1.0788e-07
-0.014979,0.026041,-0.0018202,-0.0018222,2.7686e-07
-0.015925,0.027466,-0.001578,-0.0015776,2.3986e-07
-0.0067651,0.011655,-0.0089406,0.019214,-7.8085e-07
-0.0010258,0.001763,-0.017079,0.041514,-1.8573e-06
0.0012294,-0.0021129,-0.0096334,0.023687,-1.0682e-06
0.0016092,-0.0027656,-0.0026167,0.0063924,-2.87e-07
0.0011163,-0.0019185,0.00055448,-0.0014619,6.8976e-08
-0.0068722,0.011811,0.0014688,-0.0037062,1.7006e-07
-0.0104,0.017874,0.0012729,-0.0032118,1.4738e-07
-0.0051113,0.0087842,0.00076604,-0.0019329,8.8693e-08
-0.0010931,0.0018786,0.00036187,-0.00091308,4.1898e-08
0.00060492,-0.0010396,0.00014207,-0.00035848,1.6449e-08
0.00099972,-0.0017181,4.7709e-05,-0.00012038,5.5237e-09
0.0007911,-0.0013596,-0.0048943,0.012349,-5.6667e-07
0.00045069,-0.00077457,-0.010216,0.025776,-1.1828e-06
0.00057325,0.00014165,-0.0058092,0.014658,-6.726e-07
0.0074346,0.0096995,-0.0015707,0.0039632,-1.8186e-07
0.007781,0.010322,0.00035155,-0.00088703,4.0702e-08
0.0032981,0.0043852,0.00090201,-0.002276,1.0443e-07
0.00049769,0.0006652,-0.0022333,0.0056352,-2.5858e-07
-0.00059648,-0.00079723,-0.0058044,0.014646,-6.7204e-07
-0.00078072,-0.0010435,-0.0033461,0.0084429,-3.8741e-07
-0.00057063,-0.00076269,-0.00087754,0.0022142,-1.016e-07
-8.2322e-05,-0.00083127,0.00024547,-0.00061939,2.8421e-08
0.0043842,-0.0085264,0.00056305,-0.0014207,6.519e-08
0.0047141,-0.0088647,0.00048029,-0.0012119,5.5608e-08
0.0020053,-0.0037545,0.00028904,-0.0007293,3.3465e-08
0.00030113,-0.00057074,0.00013577,-0.00034416,6.4317e-07
-0.00036639,0.00067669,-0.010092,0.004538,0.0082936
-0.00047956,0.00088571,-0.021096,0.0096798,0.01726
-0.00035051,0.00064737,-0.012002,0.0055169,0.009815
-0.00018973,0.00035042,-0.0032465,0.0014954,0.0026538
-8.2792e-05,0.00015291,0.00072662,-0.00033469,-0.00059396
-0.00054703,-0.00020066,0.0018648,-0.00085896,-0.0015244
-0.010312,-0.0051086,0.0016161,-0.0007444,-0.0013211
-0.010863,-0.0053992,0.00097258,-0.00044798,-0.00079502
-0.0046082,-0.0022931,0.00045944,-0.00021162,-0.00037556
-0.00069697,-0.00034682,0.00018038,-8.3084e-05,-0.00014745
0.0008353,0.00041566,6.0572e-05,-2.79e-05,-4.9513e-05
0.0010933,0.00054405,-0.0062139,0.0028622,0.0050795
0.00079911,0.00039765,-0.01297,0.005974,0.010602
0.00043255,0.00021525,-0.0073755,0.0033972,0.006029
0.00018875,9.3926e-05,-0.0019942,0.00091854,0.0016301
6.9575e-05,3.4622e-05,0.00044633,-0.00020558,-0.00036484
2.2359e-05,1.1126e-05,0.0011455,-0.00052762,-0.00093636
-4.6655e-07,-2.3216e-07,0.00099271,-0.00045725,-0.00081147
-0.0043901,-0.0021846,0.00059741,-0.00027517,-0.00048834
-0.0074606,-0.0037125,0.00028221,-0.00012999,-0.00023069
-0.0039233,-0.0019523,0.0001108,-5.1035e-05,-9.057e-05
-0.00095757,-0.0004765,3.7496e-05,-1.7271e-05,-3.0651e-05
0.00033756,0.00016798,1.0937e-05,-5.0377e-06,-8.9402e-06
0.00067714,0.00033696,-0.0038282,0.0017633,0.0031293
0.00055981,0.00027857,-0.0079668,0.0036696,0.0065123
0.0020677,-2.4903e-05,-0.0045304,0.0020868,0.0037033
0.019412,-0.0020048,-0.0012249,0.00056422,0.0010013
0.017936,-0.0019017,0.00027416,-0.00012628,-0.00022411
0.0071041,-0.00075543,0.00070362,-0.0003241,-0.00057516
0.00080355,-8.328e-05,0.0006096,-0.00028079,-0.00049831
-0.0015725,0.00016984,-0.0019845,0.00091408,0.0016222
-0.0018753,0.00020254,-0.0047203,0.0021742,0.0038585
-0.0013217,0.00014275,-0.0027148,0.0012505,0.0022192
-0.0006982,7.5409e-05,-0.00072939,0.00033596,0.00059623
-0.00028709,3.1007e-05,0.0001753,-8.0745e-05,-0.0001433
0.0075231,-0.00081253,0.00043221,-0.00019908,-0.0003533
0.012935,-0.0013971,0.00037456,-0.00017253,-0.00030618
0.0068105,-0.00073557,0.00022541,-0.00010383,-0.00018426
0.0016646,-0.00017979,0.00010648,-4.9046e-05,-8.7041e-05
-0.00058682,6.338e-05,4.1806e-05,-1.9256e-05,-3.4173e-05
-0.0011772,0.00012714,1.4038e-05,-6.4662e-06,-1.1475e-05
-0.00097317,0.00010511,-0.0014402,0.00066336,0.0011772
-0.00056955,6.1514e-05,-0.003006,0.0013846,0.0024572
-0.00026357,2.8466e-05,-0.0017094,0.00078736,0.0013973
-0.00010181,1.0996e-05,-0.00046218,0.00021289,0.0003778
9.4361e-06,-0.00023639,0.00010344,-4.7647e-05,-8.4559e-05
0.0054376,-0.030108,0.00026549,-0.00012228,-0.00021702
0.007747,-0.042817,0.00023008,-0.00010598,-0.00018807
0.0037825,-0.020906,0.00013846,-6.3776e-05,-0.00011318
0.00081692,-0.0045151,6.5407e-05,-3.0127e-05,-5.3466e-05
-0.00043202,0.0023878,2.5679e-05,-1.1828e-05,-2.0991e-05
-0.0007253,0.0040087,1.022e-05,-2.375e-06,-7.0489e-06
-0.00057394,0.0031721,0.020227,0.021519,0.00072313
-0.00032698,0.0018072,0.042089,0.044785,0.0015093
-0.00014831,0.00081969,0.023934,0.025468,0.0008583
-5.6381e-05,0.00031162,0.0064714,0.006886,0.00023207
-1.8584e-05,0.00010272,-0.0014484,-0.0015412,-5.1941e-05
-5.4433e-06,3.0085e-05,-0.0037173,-0.0039554,-0.0001333
-0.008111,-0.010545,-0.0032215,-0.0034279,-0.00011552
-0.021302,-0.027695,-0.0019387,-0.0020629,-6.9522e-05
-0.013166,-0.017117,-0.00091581,-0.00097449,-3.2842e-05
-0.0038911,-0.0050589,-0.00035955,-0.00038259,-1.2894e-05
0.00048837,0.00063493,-0.00012168,-0.00012948,-4.3635e-06
0.0018379,0.0023895,-3.5492e-05,-3.7766e-05,-1.2728e-06
0.0016764,0.0021795,0.012423,0.013219,0.00044549
0.0010385,0.0013502,0.025853,0.02751,0.00092711
0.00050107,0.00065144,0.014702,0.015644,0.00052722
0.00020002,0.00026005,0.0039751,0.0042298,0.00014255
-0.0035258,-0.0012799,-0.00088969,-0.0009467,-3.1905e-05
-0.039765,-0.015128,-0.0022833,-0.0024297,-8.1882e-05
-0.036929,-0.014067,-0.0019782,-0.002105,-7.0941e-05
-0.014634,-0.0055744,0.00644,0.0068527,0.00023094
-0.0016479,-0.00062771,0.015318,0.016299,0.00054931
0.0032483,0.0012373,0.0088099,0.0093744,0.00031593
0.0038737,0.0014756,0.002367,0.0025186,8.4881e-05
0.00071665,0.00060599,-0.00056888,-0.00060533,-2.04e-05
-0.038721,-0.008107,-0.0014026,-0.0014924,-5.0297e-05
-0.041721,-0.0088899,-0.0012151,-0.001293,-4.3576e-05
-0.01774,-0.0037864,0.0039558,0.0042093,0.00014186
-0.0026458,-0.00055848,0.0094091,0.010012,0.00033742
0.0032765,0.00070953,0.0054115,0.0057583,0.00019406
0.0042621,0.00091861,0.0014539,0.0015471,5.2139e-05
-0.0054824,-0.011361,-0.00034944,-0.00037183,-1.2531e-05
-0.027905,-0.041048,-0.00086153,-0.00091674,-3.0895e-05
-0.019263,-0.02783,-0.00074663,-0.00079447,-2.6775e-05
-0.0061318,-0.0089025,-0.00044932,-0.00047811,-1.6113e-05
0.00039308,0.00044691,-0.00021225,-0.00022585,-7.6116e-06
0.0025291,0.0035098,-8.3333e-05,-8.8672e-05,-2.9884e-06
0.0024159,0.0033809,-2.8201e-05,-3.0008e-05,-1.0113e-06
0.0015424,0.0021585,-6.952e-06,-1.0027e-05,-2.9498e-07
0.0007605,0.0010643,0.019718,-0.013775,0.00010325
0.00030879,0.00043215,0.041035,-0.028668,0.00021487
0.0001074,0.0001503,0.023335,-0.016302,0.00012219
3.2897e-05,4.6038e-05,0.0063094,-0.0044078,3.3038e-05
0,0,-0.0014122,0.00098654,-7.3945e-06
-0.0014154,-0.0010632,-0.0036242,0.0025319,-1.8978e-05
-0.028232,-0.021208,-0.0031408,0.0021942,-1.6446e-05
-0.029762,-0.022356,-0.0018902,0.0013205,-9.8975e-06
-0.012628,-0.0094858,-0.00089289,0.00062378,-4.6755e-06
-0.0019099,-0.0014347,-0.00035056,0.0002449,-1.8356e-06
0.002289,0.0017194,-0.00011772,8.2239e-05,-6.1641e-07
0.002996,0.0022506,0.012076,-0.0084367,6.3236e-05
0.0021898,0.0016449,0.025206,-0.017609,0.00013199
0.0011853,0.0008904,0.014334,-0.010014,7.5057e-05
0.00051649,0.00038915,0.0038756,-0.0027075,2.0294e-05
-0.0098071,0.0082154,-0.00086742,0.00060599,-4.5421e-06
-0.020745,0.016845,-0.0022262,0.0015552,-1.1657e-05
-0.011814,0.0095662,-0.0019293,0.0013478,-1.0102e-05
-0.0031991,0.0025829,-0.001161,0.00081111,-6.0796e-06
0.00071601,-0.0005781,-0.00054847,0.00038316,-2.8719e-06
0.0018376,-0.0014837,-0.00021359,0.00015004,-2.3033e-06
0.0015925,-0.0012858,0.022949,-0.0051466,-0.015544
0.00095838,-0.00077379,0.047889,-0.010801,-0.032347
0.00045273,-0.00036553,0.027246,-0.006151,-0.018395
0.00017774,-0.00014351,0.0073666,-0.0016631,-0.0049736
6.0152e-05,-4.8566e-05,-0.0016488,0.00037223,0.0011132
1.801e-05,-1.4541e-05,-0.0042315,0.00095532,0.0028569
-6.8468e-05,0.0002234,-0.0036671,0.0008279,0.0024759
-0.0085873,0.02802,-0.0022069,0.00049823,0.00149
-0.012212,0.039846,-0.0010425,0.00023536,0.00070385
-0.0059625,0.019455,-0.0004093,9.2404e-05,0.00027634
-0.0012877,0.0042017,-0.00013851,3.1271e-05,9.3517e-05
0.00068101,-0.0022221,-4.1472e-05,9.3628e-06,2.7999e-05
0.0011433,-0.0037305,0,0,0
0.00090472,-0.002952,-7.0963e-08,-2.415e-07,-1.8629e-06
0.00051543,-0.0016818,-0.00093813,-0.0031926,-0.024627
0.00023378,-0.00076281,-0.0019523,-0.0066442,-0.051252
8.8876e-05,-0.00028999,-0.0011102,-0.0037783,-0.029145
2.9295e-05,-9.5588e-05,-0.00030018,-0.0010216,-0.0078802
-3.3476e-05,0.00040344,6.7186e-05,0.00022865,0.0017637
-0.0052748,0.054112,0.00017243,0.00058681,0.0045265
-0.0075012,0.076952,0.00014943,0.00050855,0.0039228
-0.0036625,0.037572,8.9928e-05,0.00030604,0.0023607
-0.000791,0.0081145,4.2481e-05,0.00014457,0.0011152
0.00041832,-0.0042913,1.6678e-05,5.676e-05,0.00043783
0.00070229,-0.0072044,5.6442e-06,1.9209e-05,0.00014817
0.00055573,-0.005701,-3.4986e-07,7.599e-06,4.3219e-05
0.00031661,-0.0032479,-0.026966,0.024428,-0.015127
0.0001436,-0.0014731,-0.056118,0.050838,-0.031482
5.4593e-05,-0.00056004,-0.031912,0.02891,-0.017903
1.7995e-05,-0.0001846,-0.0086284,0.0078166,-0.0048405
5.2706e-06,-5.4069e-05,0.0019312,-0.0017495,0.0010834
0,0,0.0049563,-0.00449,0.0027804
0,0,0.0042953,-0.0038911,0.0024096
0,0,0.0025849,-0.0023417,0.0014501
0,0,0.0012211,-0.0011062,0.00068501
0,0,0.00047941,-0.0004343,0.00026894
0,0,0.00016224,-0.00014697,9.1015e-05
0,0,4.8575e-05,-4.4005e-05,2.725e-05
0,0,0,0,0
0,0,0,0,0
0,0,0,0,0
