0,0,0,0,0
0,0,0,0,0
0,0,0,0,0
0,0,0,0,0
0,0,0,0,0
0,0,0,0,0
0,0,0,0,0
0,0,0,0,0
-0.00019721,-0.0011348,0,0,0
-0.0021829,-0.012561,0,0,0
-0.0020261,-0.011659,0,0,0
-0.00080292,-0.0046204,0,0,0
-9.0414e-05,-0.00052028,0,0,0
0.00017822,0.0010256,1.1089e-06,-1.0254e-10,5.0949e-07
0.00021253,0.001223,0.01466,-1.3556e-06,0.0067354
0.00014979,0.00086199,0.030508,-2.8211e-06,0.014017
0.0017136,0.00011189,0.017349,-1.6043e-06,0.007971
0.018126,-0.0036066,0.0046908,-4.3377e-07,0.0021552
0.016805,-0.0034579,-0.0010495,9.7053e-08,-0.00048221
0.0066587,-0.0013759,0.0017423,-1.6111e-07,0.0008005
0.00075047,-0.00015108,0.0068982,-6.3789e-07,0.0031694
-0.0014771,0.00031039,0.0038454,-3.5559e-07,0.0017668
-0.0017615,0.00037015,0.00075584,-6.9894e-08,0.00034727
-0.0015939,0.00015693,-0.00057837,5.3483e-08,-0.00026573
-0.0045566,-0.0010128,-0.00090368,8.3565e-08,-0.0004152
-0.0039016,-0.0010089,-0.00073312,6.7793e-08,-0.00033684
-0.0015368,-0.00040178,-0.0004252,3.9319e-08,-0.00019536
-0.00019395,-4.0853e-05,0.0011419,-1.0559e-07,0.00052464
0.00030929,9.587e-05,0.0027156,-2.5112e-07,0.0012477
0.0003798,0.00011203,0.0015624,-1.4448e-07,0.00071786
-4.9266e-06,0.010824,0.00042167,-3.8993e-08,0.00019374
-0.0011489,0.0509,-9.6166e-05,8.8927e-09,-4.4184e-05
-0.00089999,0.037879,-0.00024681,2.2823e-08,-0.0001134
-0.0003092,0.013061,-0.00021389,1.9779e-08,-9.8272e-05
1.879e-06,0.00020316,-0.00012679,1.19e-08,-6.1027e-05
0.0001095,-0.0042373,0.025478,-3.1957e-08,-0.024974
0.00011039,-0.004351,0.053125,-7.6e-08,-0.051926
7.2727e-05,-0.0028666,0.030216,-4.3727e-08,-0.029526
3.6669e-05,-0.0014453,0.0081696,-1.1801e-08,-0.0079833
1.515e-05,-0.00059716,-0.001829,2.6914e-09,0.0017866
5.3441e-06,-0.00021064,-0.0046941,6.9073e-09,0.0045851
-3.0624e-05,0.0014612,-0.0040681,5.986e-09,0.0039736
-0.00035684,0.016878,-0.0024482,3.6024e-09,0.0023913
-0.00033165,0.015683,-0.0011565,1.7017e-09,0.0011296
-0.00013143,0.0062149,-0.00045404,6.6812e-10,0.0004435
-1.4799e-05,0.00069984,-0.00015391,-8.3627e-07,0.00014952
2.9172e-05,-0.0013795,-0.003375,-0.011058,-0.007505
3.4788e-05,-0.0016451,-0.0069279,-0.023014,-0.015712
2.4519e-05,-0.0011595,-0.0039397,-0.013087,-0.008935
0.0012738,-0.00015051,-0.0010652,-0.0035385,-0.0024158
0.013962,0.0048513,0.00023841,0.00079197,0.0005407
0.012956,0.0046512,0.00061179,0.0020323,0.0013875
0.0051342,0.0018507,-0.00047725,-0.0015854,-0.0010824
0.00057825,0.00020323,-0.0017776,-0.005905,-0.0040316
-0.0011395,-0.00041751,-0.0010416,-0.0034601,-0.0023623
-0.0013589,-0.00049789,-0.0002632,-0.00087432,-0.00059693
-0.00095772,-0.00035091,9.2184e-05,0.00030622,0.00020907
-0.00012432,-4.5551e-05,0.00019118,0.00063508,0.00043359
0.0040072,0.0014683,0.00016048,0.00053311,0.00036397
0.0038419,0.0014077,9.6579e-05,0.00032083,0.00021904
0.0015287,0.00056012,4.5623e-05,0.00015155,0.00010347
0.00016786,6.1506e-05,1.7912e-05,5.9501e-05,4.0624e-05
-0.00034486,-0.00012636,6.0617e-06,2.0136e-05,1.3748e-05
-0.00041126,-0.00015069,1.7918e-06,5.9523e-06,4.0638e-06
-0.00028986,-0.0001062,-0.00030492,-0.0010129,-0.00069156
-0.00015312,-5.6103e-05,-0.00063458,-0.002108,-0.0014392
-6.5581e-05,-2.4029e-05,-0.00036086,-0.0011987,-0.00081842
0.0011286,1.3111e-05,-9.757e-05,-0.00032412,-0.00022128
0.022979,0.00043279,2.1838e-05,7.2543e-05,4.9527e-05
0.024229,0.00045837,5.6046e-05,0.00018618,0.00012711
0.010281,0.00019482,4.8571e-05,0.00016135,0.00011016
0.001555,2.9466e-05,2.923e-05,9.7098e-05,6.6292e-05
-0.0018636,-3.5314e-05,1.3808e-05,4.5868e-05,3.1316e-05
-0.0024393,-4.6222e-05,5.4141e-06,1.7985e-05,1.2279e-05
-0.0017829,-3.3784e-05,-9.0451e-05,-0.00030047,-0.00020514
-0.00096507,-1.8287e-05,-0.00019151,-0.00063616,-0.00043433
-0.00042113,-7.9798e-06,-0.00010922,-0.0003628,-0.0002477
-0.00015523,-2.9414e-06,-2.953e-05,-9.8094e-05,-6.6972e-05
-4.9886e-05,-9.4528e-07,6.6092e-06,2.1955e-05,1.4989e-05
0.00066158,0.00085963,1.6962e-05,5.6347e-05,3.847e-05
0.0074813,0.0095181,1.47e-05,4.8832e-05,3.3339e-05
0.0069441,0.0088347,8.8464e-06,2.9387e-05,2.0063e-05
0.0027518,0.003501,4.179e-06,1.3882e-05,9.4777e-06
0.00030987,0.00039424,4.979e-07,4.3025e-06,3.7162e-06
-0.00061081,-0.0007771,-0.015107,-0.015171,-6.2086e-05
-0.00072841,-0.00092673,-0.03144,-0.031575,-0.00013145
-0.00051338,-0.00065316,-0.017879,-0.017956,-7.4966e-05
-6.6641e-05,0.0022871,-0.0048341,-0.0048549,-2.0269e-05
0.0021481,0.028987,0.001082,0.0010866,4.5366e-06
0.0020595,0.026989,0.0027775,0.0027873,1.1641e-05
0.00081946,0.010699,0.011908,-0.01625,-9.0814e-06
8.9984e-05,0.0012019,0.021223,-0.037392,-3.3825e-05
-0.00018486,-0.0023787,0.011929,-0.021404,-1.982e-05
-0.00022046,-0.0028367,0.003309,-0.0057031,-5.0083e-06
-0.00015538,-0.0019993,-0.00058961,0.0014281,1.7541e-06
2.2134e-05,0.0002848,-0.0017193,0.0034582,3.6378e-06
0.00068749,0.0088461,-0.0015135,0.0029733,3.0538e-06
0.00058492,0.0075263,-0.00091064,0.0017889,1.8373e-06
0.00021708,0.0027932,0.0024455,-0.0048041,-4.9341e-06
1.388e-05,0.0001786,0.0058159,-0.011425,-1.1734e-05
-5.9514e-05,-0.00076579,0.0033462,-0.0065734,-6.7513e-06
-6.5526e-05,-0.00084314,0.00090308,-0.0017741,-1.8221e-06
-1.3075e-05,0.0012577,-0.00020596,0.00040459,4.1554e-07
0.00019569,0.012406,-0.00052858,0.0010384,1.0665e-06
0.00017121,0.010381,-0.00045808,0.00089987,9.2422e-07
6.3461e-05,0.0038422,-0.00027567,0.00054154,5.562e-07
3.4624e-06,0.0002502,-0.00013022,0.00025582,2.6274e-07
-1.8317e-05,-0.00105,-5.1127e-05,0.00010044,1.0315e-07
-1.9832e-05,-0.0011518,-1.6856e-05,3.386e-05,-3.4545e-07
-1.3503e-05,-0.0007842,0.0058917,-0.0016996,-0.0050283
-6.9663e-06,-0.00040458,0.012272,-0.0035582,-0.010464
-2.9299e-06,-0.00017016,0.0069787,-0.0020234,-0.0059507
-0.0013095,0.00010906,0.0018869,-0.0005471,-0.001609
-0.026099,0.0033708,-0.00042232,0.00012245,0.00036011
-0.027512,0.0035681,-0.0010839,0.00031426,0.00092421
-0.011673,0.0015162,-0.0009393,0.00027235,0.00080094
-0.0017656,0.00022932,-0.00056527,0.0001639,0.00048201
0.002116,-0.00027484,-0.00026689,7.7385e-05,0.00022758
0.0027696,-0.00035973,0.0016799,-0.00048707,-0.0014324
0.0020243,-0.00026293,0.0036787,-0.0010666,-0.0031368
0.0010957,-0.00014232,0.0021015,-0.00060932,-0.0017919
-0.00081362,0.00074734,0.00057107,-0.00016558,-0.00048695
-0.0087813,0.0055901,-0.00012782,3.706e-05,0.00010899
-0.0073519,0.004635,-0.00032721,9.5879e-05,0.00027968
-0.0027248,0.0017155,0.01056,0.01023,-0.00021817
-0.0001863,0.00011674,0.022397,0.021168,-0.00081263
0.00073771,-0.00046226,0.012753,0.012033,-0.00047616
0.00081223,-0.00050896,0.0034383,0.0032563,-0.00012032
0.00055303,-0.00034654,-0.00078739,-0.00072364,4.2141e-05
5.3059e-05,-0.0011768,-0.0019965,-0.0018643,8.7397e-05
-0.0024508,-0.011122,-0.0017274,-0.0016164,7.3365e-05
-0.0023433,-0.010281,-0.0010398,-0.00097304,4.414e-05
-0.00093215,-0.0040719,-0.0039948,-0.0041741,-0.00011854
-0.0001027,-0.00045994,-0.0074844,-0.0079108,-0.00028191
0.00020989,0.00090194,-0.0042117,-0.0044571,-0.0001622
-0.0041457,0.00056715,-0.0011407,-0.0012069,-4.3774e-05
-0.030307,-0.0027677,0.00025093,0.00026603,9.9831e-06
-0.025119,-0.0025156,0.00064399,0.00068275,2.5621e-05
-0.0092881,-0.00090737,0.0005581,0.00059169,2.2204e-05
-0.00061952,-1.1046e-05,0.00033586,0.00035608,1.3362e-05
0.0025151,0.00031014,0.00015858,0.00016812,6.309e-06
0.0027654,0.00032531,-0.00099811,-0.0010582,-3.971e-05
0.001882,0.00021768,-0.0021857,-0.0023173,-8.6959e-05
0.00097096,0.0001123,-0.0012486,-0.0013238,-4.9676e-05
0.00040837,4.7232e-05,-0.00033931,-0.00035973,-1.3499e-05
0.00014613,1.6902e-05,7.5943e-05,8.0514e-05,3.0214e-06
4.5828e-05,5.3005e-06,0.0001949,0.00020663,7.7542e-06
1.2874e-05,1.489e-06,0.00016891,0.00017907,6.72e-06
-0.0020202,0.0064781,0.00010165,0.00010777,4.0441e-06
-0.0095619,0.030662,4.8018e-05,5.0908e-05,1.9104e-06
-0.0071183,0.022826,1.8852e-05,1.9987e-05,7.5004e-07
-0.0024544,0.0078705,7.5344e-06,6.7382e-06,-9.2584e-07
-3.781e-05,0.00012125,0.015263,-0.00033822,-0.015595
0.00079677,-0.002555,0.03176,-0.00070809,-0.032455
0.00081803,-0.0026232,0.018061,-0.00040267,-0.018456
0.00053895,-0.0017283,0.0048833,-0.00010887,-0.0049901
0.00027174,-0.00087139,-0.001093,2.4368e-05,0.0011169
-0.0031422,0.00093122,-0.0028051,6.2538e-05,0.0028664
-0.022528,0.0088269,-0.0024309,5.4197e-05,0.0024841
-0.018653,0.0073662,-0.0014626,3.2608e-05,0.0014946
-0.0069023,0.002729,0.0039278,-8.7569e-05,-0.0040137
-0.00046937,0.00018623,0.009341,-0.00020825,-0.0095452
0.0018586,-0.00073741,0.0053744,-0.00011982,-0.0054919
0.0020463,-0.0008119,0.0014505,-3.2337e-05,-0.0014822
0.0013933,-0.0005528,-0.00033079,7.3749e-06,0.00033802
0.00013368,-5.3037e-05,-0.00084896,1.8927e-05,0.00086752
-0.0061745,0.0024498,-0.00073573,1.6403e-05,0.00075181
-0.0059036,0.0023423,-0.00044276,9.8712e-06,0.00045244
-0.0023485,0.00093177,-0.00020916,4.6631e-06,0.00021373
-0.00025874,0.00010266,-8.201e-05,1.8284e-06,8.3804e-05
0.0005288,-0.00020981,0.0013701,-3.0546e-05,-0.0014001
0.00063062,-0.0002502,0.0029009,-6.4674e-05,-0.0029643
0.00044446,-0.00017634,0.0016544,-3.6883e-05,-0.0016905
0.0001434,0.00072992,0.0004473,-9.9725e-06,-0.00045708
-0.0017222,0.016377,-0.00010011,2.232e-06,0.0001023
-0.001885,0.017292,-0.00025694,5.7283e-06,0.00026256
-0.00080371,0.0073386,-0.00022267,4.9643e-06,0.00022754
-0.00012002,0.0011093,-0.000134,2.9875e-06,0.00013693
0.00014779,-0.0013311,-6.3301e-05,1.4113e-06,6.4685e-05
0.00019344,-0.0017422,-2.6227e-05,1.9602e-06,2.5363e-05
0.00014138,-0.0012734,-0.018184,0.018589,-0.00042373
7.653e-05,-0.00068928,-0.037827,0.038685,-0.00089714
3.3395e-05,-0.00030078,-0.021509,0.021999,-0.00051164
1.231e-05,-0.00011087,-0.0058157,0.005948,-0.00013834
3.9559e-06,-3.563e-05,0.0013016,-0.0013313,3.0962e-05
-8.9087e-05,0.00080237,0.0033406,-0.0034166,7.9463e-05
-0.00062562,0.0056348,0.0028951,-0.002961,6.8864e-05
-0.00051744,0.0046604,0.0017423,-0.0017819,4.1443e-05
-0.00019144,0.0017243,0.00082302,-0.00084175,1.9577e-05
-1.3012e-05,0.00011719,0.00032271,-0.00033005,7.6762e-06
5.1524e-05,-0.00046406,-0.0053914,0.0055141,-0.00012824
5.6729e-05,-0.00051094,-0.011415,0.011675,-0.00027152
3.8625e-05,-0.00034789,-0.0065098,0.006658,-0.00015485
1.9927e-05,-0.00017948,-0.0017601,0.0018002,-4.1868e-05
8.381e-06,-7.5485e-05,0.00039395,-0.00040291,9.3707e-06
-5.2283e-07,-0.00051026,0.001011,-0.0010341,2.4049e-05
-0.0001509,-0.020842,0.0008762,-0.00089614,2.0842e-05
-0.00018409,-0.025298,0.00052729,-0.0005393,1.2543e-05
-8.3828e-05,-0.011502,0.00024909,-0.00025476,5.925e-06
-1.5536e-05,-0.0021317,9.6604e-05,-9.8826e-05,2.3232e-06
1.2213e-05,0.0016757,-0.015706,0.015743,-3.8813e-05
1.7868e-05,0.0024516,-0.032745,0.032823,-8.2176e-05
1.3572e-05,0.0018622,-0.018626,0.018671,-4.6865e-05
7.5337e-06,0.0010337,-0.0050362,0.0050483,-1.2671e-05
8.1744e-07,-0.0011118,0.0011272,-0.0011299,2.836e-06
-4.9278e-05,-0.031175,0.0028929,-0.0028998,7.2786e-06
-5.2861e-05,-0.032988,0.002507,-0.0025131,6.3078e-06
-2.2484e-05,-0.014005,0.0015087,-0.0015124,3.796e-06
-3.4185e-06,-0.0021206,0.00071271,-0.00071443,1.7932e-06
4.097e-06,0.0025415,0.00028052,-0.00028013,1.7678e-06
5.3625e-06,0.0033265,0.0094056,0.00468,0.014063
3.9195e-06,0.0024314,0.019405,0.0099087,0.029265
2.1216e-06,0.0013161,0.011019,0.0056509,0.016642
-1.5753e-06,-0.00097723,0.0029793,0.0015279,0.0044997
-1.7002e-05,-0.010547,-0.00066682,-0.00034197,-0.0010071
-1.4235e-05,-0.0088303,-0.0017114,-0.00087764,-0.0025847
-5.2757e-06,-0.0032727,-0.0014831,-0.00076059,-0.00224
-3.6072e-07,-0.00022377,-0.00089253,-0.00045772,-0.001348
1.4284e-06,0.00088606,-0.00042162,-0.00021622,-0.00063678
1.5726e-06,0.00097556,-0.00016532,-8.4781e-05,-0.00024968
1.0708e-06,0.00066424,0.0027619,0.0014164,0.0041714
5.5243e-07,0.00034269,0.0058476,0.0029989,0.0088318
2.3234e-07,0.00014413,0.0033349,0.0017102,0.0050367
8.3142e-08,5.1575e-05,0.00090168,0.00046241,0.0013618
2.6074e-08,1.6174e-05,-0.00020181,-0.0001035,-0.0003048
-7.4964e-07,0.0025294,-0.00051794,-0.00026562,-0.00078226
-5.2491e-06,0.017508,-0.00044886,-0.00023019,-0.00067792
-4.3414e-06,0.01448,-0.00027013,-0.00013853,-0.00040797
-1.6062e-06,0.0053575,-0.0001276,-6.544e-05,-0.00019272
-1.0917e-07,0.00036414,-5.0099e-05,-2.5692e-05,-7.5665e-05
4.3229e-07,-0.0014419,-1.6091e-05,-8.6616e-06,-2.6307e-05
4.7596e-07,-0.0015876,0.011404,0.00043477,-0.0092753
3.2407e-07,-0.0010809,0.023742,0.00091021,-0.019287
1.6719e-07,-0.00055766,0.013502,0.00051761,-0.010968
7.0318e-08,-0.00023454,0.0036505,0.00013995,-0.0029655
2.5163e-08,-8.393e-05,-0.00081705,-3.1323e-05,0.00066372
-2.2121e-07,0.0031619,-0.0020969,-8.039e-05,0.0017034
-1.5864e-06,0.022101,-0.0018172,-6.9668e-05,0.0014762
-1.3139e-06,0.018285,-0.0010936,-4.1926e-05,0.00088839
-4.8613e-07,0.0067651,-0.00051661,-1.9805e-05,0.00041967
-3.3041e-08,0.00045981,-0.00020283,-7.7758e-06,0.00016476
1.3083e-07,-0.0018207,-6.9025e-05,-1.9751e-06,5.5547e-05
1.4405e-07,-0.0020047,-0.0051129,0.0086767,-0.0027882
9.8081e-08,-0.0013649,-0.010598,0.018059,-0.0058372
5.0601e-08,-0.00070418,-0.0060265,0.010269,-0.0033194
2.1282e-08,-0.00029616,-0.0016294,0.0027766,-0.0008975
7.6156e-09,-0.00010598,0.0003647,-0.00062146,0.00020088
-1.0289e-07,-0.00073322,0.00093597,-0.0015949,0.00051554
-4.9764e-07,-0.0033225,0.00081114,-0.0013822,0.00044678
-3.7097e-07,-0.0024665,0.00048814,-0.00083182,0.00026887
-1.2791e-07,-0.00085043,0.00023059,-0.00039294,0.00012701
-1.9704e-09,-1.3101e-05,9.0797e-05,-0.00015407,5.0182e-05
4.1523e-08,0.00027608,0.003516,0.002574,0.0041945
4.2631e-08,0.00028344,0.0072625,0.0054499,0.0086991
2.8087e-08,0.00018674,0.0041247,0.003108,0.004944
1.4161e-08,9.4156e-05,0.0011152,0.00084035,0.0013368
-0.0014259,-0.00010062,-0.00024961,-0.00018808,-0.00029919
-0.0098879,-0.00095377,-0.00064061,-0.00048271,-0.00076786
-0.008178,-0.00079594,-0.00055509,-0.00041827,-0.00066535
-0.0030257,-0.00029487,0.00072074,0.00054309,0.00086391
-0.00020565,-2.0122e-05,0.0020374,0.0015352,0.0024421
0.00081433,7.9679e-05,0.0011864,0.00089396,0.001422
0.00089659,8.7728e-05,0.00031656,0.00023853,0.00037944
0.00061047,5.9732e-05,-8.1823e-05,-6.1655e-05,-9.8076e-05
0.00025928,2.537e-05,-0.00019388,-0.00014609,-0.00023239
-0.0022673,-0.00022185,-0.00016802,-0.00012661,-0.0002014
-0.0028664,-0.00028046,-0.00010112,-7.6193e-05,-0.0001212
-0.00131,-0.00012818,-4.7766e-05,-3.5993e-05,-5.7254e-05
-0.00024137,-2.3617e-05,-1.8753e-05,-1.4131e-05,-2.2478e-05
0.00019302,1.8887e-05,-6.3465e-06,-4.7822e-06,-7.6071e-06
0.0002824,2.7631e-05,-1.876e-06,-1.4136e-06,-2.2487e-06
0.0002145,2.0988e-05,0.00031925,0.00024056,0.00038266
0.00011907,1.165e-05,0.00066439,0.00050063,0.00079636
-7.7653e-05,0.0014183,0.00037782,0.00028469,0.00045286
-0.00088589,0.0098011,0.00010215,7.6974e-05,0.00012244
-0.00074264,0.0081052,-2.2864e-05,-1.7228e-05,-2.7405e-05
-0.00027528,0.0029987,-5.8679e-05,-4.4215e-05,-7.0334e-05
-1.8837e-05,0.00020381,-5.0853e-05,-3.8318e-05,-6.0953e-05
7.4591e-05,-0.00080702,-2.9455e-05,-2.1914e-05,-3.6673e-05
8.2125e-05,-0.00088854,0.015162,0.015142,9.8485e-05
5.5917e-05,-0.00060499,0.031578,0.031529,0.00023422
2.8848e-05,-0.00031212,0.017958,0.017931,0.00013476
1.2133e-05,-0.00013127,0.0048555,0.004848,3.6369e-05
-1.9142e-05,-0.00085177,-0.0010869,-0.0010852,-8.2942e-06
-0.00025857,-0.0089228,-0.0027894,-0.002785,-2.1287e-05
-0.00024089,-0.0082726,-0.0024174,-0.0024136,-1.8448e-05
-9.5612e-05,-0.0032766,-0.0014548,-0.0014525,-1.1102e-05
-1.0766e-05,-0.00036897,-0.00068722,-0.00068615,-5.2444e-06
2.1222e-05,0.0007273,-0.00026981,-0.00026939,-2.059e-06
2.5309e-05,0.00086733,-9.1436e-05,-9.0818e-05,-2.1886e-07
1.7837e-05,0.0006113,-0.0017174,0.0045586,0.006318
9.4228e-06,0.00032292,-0.0035172,0.0095437,0.013149
4.0358e-06,0.00013831,-0.0020001,0.0054272,0.0074773
1.4655e-06,5.0225e-05,-0.00054079,0.0014674,0.0020217
-1.1499e-05,-0.00067924,0.00012104,-0.00032843,-0.00045249
-8.2829e-05,-0.0048161,0.00031064,-0.0008429,-0.0011613
-6.8615e-05,-0.003987,0.00026921,-0.00073048,-0.0010064
-2.5386e-05,-0.0014751,0.00016357,-0.0004395,-0.00060544
-1.7254e-06,-0.00010026,0.020677,0.0011803,0.0026314
6.8323e-06,0.00039701,0.042901,0.0028069,0.0059593
7.5225e-06,0.00043711,0.024389,0.001615,0.0034147
5.1219e-06,0.00029762,0.0065946,0.00043585,0.00092217
-9.7839e-07,0.0039357,-0.0014753,-9.9399e-05,-0.00020894
-2.3997e-05,0.026291,-0.0037863,-0.0002551,-0.00053625
-2.0369e-05,0.021715,-0.0032819,-0.00022211,-0.00046466
-7.5584e-06,0.0080326,-0.0098144,-0.013787,0.00060332
-4.8717e-07,0.00054751,-0.017248,-0.028479,0.0017055
2.0678e-06,-0.0021599,-0.0096442,-0.016184,0.00099311
2.2767e-06,-0.0023781,-0.0026325,-0.0043774,0.00026499
1.5501e-06,-0.0016192,0.00052435,0.00097538,-6.8493e-05
1.4872e-07,0.0061978,0.001441,0.0025097,-0.0001623
-6.8696e-06,0.077498,0.0012488,0.002175,-0.00014065
-6.5682e-06,0.072134,0.00075151,0.0013089,-8.4643e-05
-2.6128e-06,0.028596,0.000355,0.0006183,-3.9984e-05
-2.8787e-07,0.0032134,0.00013938,0.00024275,-1.5698e-05
5.8833e-07,-0.006356,4.7168e-05,8.2151e-05,-5.3125e-06
7.0161e-07,-0.0075798,1.6795e-05,2.7136e-05,-1.5704e-06
4.9449e-07,-0.0053422,0.035326,0.033567,0.00026724
2.6122e-07,-0.0028221,0.073518,0.069855,0.00055615
1.1188e-07,-0.0012087,0.041807,0.039724,0.00031626
4.0628e-08,-0.00043892,0.011304,0.010741,8.5511e-05
-1.8413e-07,0.0028364,-0.00253,-0.0024039,-1.9139e-05
-2.1772e-06,0.032898,-0.006493,-0.0061696,-4.9119e-05
-2.0243e-06,0.030573,-0.0056279,-0.0053443,-4.2562e-05
-8.022e-07,0.012115,-0.015314,0.029561,5.5263e-05
-9.0332e-08,0.0013643,-0.026423,0.066695,0.00015622
1.7806e-07,-0.0026892,-0.014744,0.038195,9.0967e-05
5.9929e-08,0.007214,-0.0040292,0.010286,2.4272e-05
-5.7174e-07,0.047064,0.0007906,-0.002408,-6.2738e-06
-4.5798e-07,0.035525,0.0021924,-0.0060247,-1.4866e-05
-1.5131e-07,0.012149,0.0019,-0.0052212,-1.2883e-05
9.4435e-09,9.3348e-06,0.0011434,-0.0031421,-7.7531e-06
6.4015e-08,-0.004169,0.00053843,-0.0014821,-3.6606e-06
6.2824e-08,-0.0042365,-0.022247,0.028187,2.3041e-05
4.0661e-08,-0.0027801,-0.046669,0.059676,5.0455e-05
2.0501e-08,-0.0014017,-0.026558,0.033989,2.8823e-05
8.4704e-09,-0.00057915,-0.0071866,0.0092058,7.8326e-06
2.9878e-09,-0.00020429,0.0016085,-0.0020604,-1.7531e-06
9.2593e-10,-6.3309e-05,0.0041281,-0.005288,-4.4992e-06
-0.0028518,0.0020595,0.0035775,-0.0045827,-3.8991e-06
-0.019776,0.014404,0.002153,-0.0027579,-2.3465e-06
-0.016356,0.011913,0.0010165,-0.0013021,-1.1079e-06
-0.0060514,0.0044075,-0.0063981,0.0081958,6.9732e-06
-0.0004113,0.00029957,-0.014011,0.017948,1.527e-05
0.0016287,-0.0011862,-0.0080039,0.010253,8.7234e-06
0.00093006,-0.0006774,-0.002175,0.0027861,2.3705e-06
-0.0047642,0.00347,0.00048681,-0.00062359,-5.3057e-07
-0.0043203,0.0031466,0.0012494,-0.0016004,-1.3617e-06
-0.0015665,0.001141,0.0010827,-0.001387,-1.1801e-06
-2.9681e-05,2.1618e-05,0.00065159,-0.00083467,-7.1017e-07
0.00052264,-0.00038067,0.00030765,-0.00039409,-3.3531e-07
0.00055106,-0.00040136,-0.0019364,0.0024805,2.1105e-06
0.00036952,-0.00026914,-0.0042404,0.0054318,4.6216e-06
0.00019064,-0.00013885,-0.0024224,0.003103,2.6401e-06
8.0178e-05,-5.8397e-05,-0.00065828,0.00084323,7.1745e-07
-0.00012649,9.2131e-05,0.00014733,-0.00018873,-1.6058e-07
-0.0017087,0.0012445,0.00037812,-0.00048437,-4.1211e-07
-0.0015919,0.0011594,0.00032769,-0.00041976,-3.5715e-07
-0.00063183,0.00046019,0.00019721,-0.00025261,-2.1493e-07
-7.1147e-05,5.182e-05,9.3158e-05,-0.00011933,-1.0153e-07
0.00014024,-0.00010215,3.6527e-05,-4.679e-05,-3.9811e-08
0.00016725,-0.00012181,-0.00061025,0.00078171,6.6511e-07
0.00011787,-8.5853e-05,-0.001292,0.0016551,1.4082e-06
6.2268e-05,-4.5353e-05,-0.00073685,0.00094388,8.0308e-07
-9.3374e-05,0.0054808,-0.00019923,0.0002552,2.1714e-07
-0.0005585,0.026026,4.4591e-05,-5.7119e-05,-4.8599e-08
-0.00041991,0.019378,0.00011444,-0.00014659,-1.2473e-07
-0.00014497,0.0066817,9.8212e-05,-0.00012702,-1.0586e-06
-2.2467e-06,0.00010294,-0.012695,0.00016493,-0.012566
4.7346e-05,-0.0021693,-0.026516,0.00046623,-0.026151
4.8609e-05,-0.0022272,-0.015084,0.00027149,-0.014871
3.2026e-05,-0.0014674,-0.0040775,7.2439e-05,-0.0040209
-7.7801e-06,0.0029231,0.00091458,-1.8724e-05,0.00089995
-0.00015925,0.025094,0.0023444,-4.4367e-05,0.0023097
-0.00013488,0.0209,0.0020317,-3.8449e-05,0.0020016
-5.0043e-05,0.0077391,0.0012227,-2.3139e-05,0.0012046
-3.2481e-06,0.00051899,0.00057797,-1.1609e-05,0.00056874
1.3665e-05,-0.0020919,0.0054143,-0.008979,-0.0035798
1.5045e-05,-0.0023032,0.010872,-0.018679,-0.0078391
1.0244e-05,-0.0015682,0.0061622,-0.010622,-0.0044782
5.2849e-06,-0.00080904,0.0016599,-0.0028717,-0.0012169
2.2227e-06,-0.00034026,-0.00037151,0.00064274,0.00027237
-6.4463e-06,0.0069756,-0.00095348,0.0016496,0.00069903
-4.9967e-05,0.049178,-0.00082779,0.001431,0.00060571
-4.1462e-05,0.040694,-0.020039,0.019256,-0.00078646
-1.5366e-05,0.01506,-0.040903,0.038689,-0.0022232
-1.0444e-06,0.0010236,-0.023219,0.021929,-0.0012946
4.1356e-06,-0.0040532,-0.0062841,0.0059401,-0.00034542
4.5534e-06,-0.0044627,0.0013902,-0.0013012,8.9284e-05
3.1003e-06,-0.0030385,0.0035918,-0.0033811,0.00021156
-0.0016939,-0.00029152,0.0031127,-0.0029301,0.00018334
-0.018766,0.013465,0.0018732,-0.0017634,0.00011034
-0.017419,0.012875,0.00088489,-0.00083299,5.2122e-05
-0.006903,0.0051215,0.00034742,-0.00032704,2.0463e-05
-0.0007773,0.00056426,0.00011757,-0.00011068,6.9252e-06
0.0015322,-0.0011532,3.4754e-05,-3.2716e-05,2.0471e-06
0.0018273,-0.0013753,-0.0059143,0.0055674,-0.00034836
0.0012878,-0.00096928,-0.012308,0.011586,-0.00072497
0.00068031,-0.00051203,-0.0069992,0.0065887,-0.00041227
-0.00057239,-0.0019932,-0.0018924,0.0017814,-0.00011147
-0.0058839,-0.012381,0.00042356,-0.00039872,2.4949e-05
-0.0049203,-0.010199,0.001087,-0.0010233,6.4029e-05
-0.0018233,-0.0037713,0.00094206,-0.00088681,5.5489e-05
-0.00012458,-0.00025584,0.00056615,-0.00053291,3.3386e-05
0.00049329,0.0010131,-0.010067,0.009978,-8.9657e-05
0.00054312,0.0011154,-0.021403,0.021191,-0.00021322
0.0003698,0.00075946,-0.012195,0.012073,-0.00012268
0.00019078,0.00039181,-0.0032964,0.0032634,-3.3108e-05
8.0239e-05,0.00016479,0.00074017,-0.00073265,7.5507e-06
-0.0030845,-0.00047792,0.0018996,-0.0018803,1.9379e-05
-0.021579,-0.0037044,0.0016462,-0.0016295,1.6794e-05
-0.017853,-0.003074,0.00099071,-0.00098065,1.0107e-05
-0.006606,-0.0011392,0.00046777,-0.00046301,4.7718e-06
-0.000449,-7.7431e-05,-0.0029442,0.0029143,-3.0035e-05
0.0017779,0.00030661,-0.0064473,0.0063818,-6.5771e-05
0.0010153,0.00017509,-0.0036831,0.0036457,-3.7573e-05
-0.0052009,-0.0008969,-0.0010009,0.0009907,-1.021e-05
-0.0047162,-0.00081332,0.00022394,-0.00022167,2.2845e-06
-0.0017101,-0.00029491,-0.00037175,0.00036798,-3.7924e-06
-3.2401e-05,-5.5877e-06,-0.0014719,0.0014569,-1.5015e-05
0.00057055,9.8392e-05,-0.0008205,0.00081216,-8.3702e-06
0.00060156,0.00010374,-0.00016127,0.00015964,-1.6452e-06
0.00040338,6.9564e-05,0.00012341,-0.00012215,1.2589e-06
0.00020811,3.5889e-05,0.00019282,-0.00019086,1.967e-06
8.7527e-05,1.5094e-05,0.00015643,-0.00015484,1.5958e-06
-0.00025384,0.0089394,9.0747e-05,-8.9825e-05,9.2574e-07
-0.0019676,0.061953,4.2868e-05,-4.2432e-05,4.3731e-07
-0.0016327,0.051239,1.9204e-05,-1.4242e-05,1.7147e-07
-0.0006051,0.018957,0.031386,0.031945,-2.8647e-06
-4.1127e-05,0.0012885,0.065308,0.066491,-6.0652e-06
0.00016285,-0.0051021,0.037138,0.037812,-3.459e-06
9.2999e-05,-0.0011312,0.010041,0.010224,-9.3523e-07
-0.00047639,0.027285,-0.0022474,-0.0022882,2.0932e-07
-0.000432,0.023757,-0.0057676,-0.0058714,5.3715e-07
-0.00015664,0.0086896,-0.0017843,0.010864,-4.1902e-07
-2.9679e-06,0.00035004,0.003681,0.030137,-1.5607e-06
5.2261e-05,-0.0026552,0.0023829,0.017433,-9.1451e-07
5.5102e-05,-0.002847,0.00047059,0.0045366,-2.3109e-07
3.6949e-05,-0.0019207,-0.000419,-0.0013347,8.0936e-08
1.9062e-05,-0.00099089,-0.00064731,-0.0029898,1.6785e-07
-3.1644e-05,0.0067329,-0.00051199,-0.0025411,1.409e-07
-0.00018486,0.033691,-0.00030811,-0.0015293,8.4796e-08
-0.00013885,0.025146,-0.00014555,-0.0007224,4.0057e-08
-4.7933e-05,0.0086731,-5.6177e-05,-0.00028236,1.5706e-08
-7.423e-07,0.00013381,0.012766,0.016545,-2.624e-07
1.5643e-05,-0.0028198,0.026601,0.034602,-5.5556e-07
1.606e-05,-0.0028951,0.015131,0.019693,-3.1683e-07
0.0028545,-0.00048232,0.004091,0.0053247,-8.5665e-08
0.019726,0.0089203,-0.00091563,-0.0011917,1.9173e-08
0.016313,0.0077758,-0.0023499,-0.0030586,4.9208e-08
0.0060353,0.0028837,-0.0020362,-0.0026503,4.2638e-08
0.0004104,0.0001621,0.0026439,0.0034411,-5.5363e-08
-0.0016241,-0.00082593,0.0074737,0.0097275,-1.565e-07
-0.0017882,-0.00089606,0.004352,0.0056644,-9.1131e-08
-0.0012175,-0.0006101,0.0011612,0.0015114,-2.4316e-08
-0.00011681,-5.8535e-05,-0.00030015,-0.00039066,6.2851e-09
0.0053956,0.0027037,-0.00071121,-0.00092568,1.4893e-08
0.0051589,0.0025851,-0.00061635,-0.00080222,1.2906e-08
0.0020522,0.0010283,-0.00037092,-0.00048278,7.7671e-09
0.0002261,0.0001133,-0.00017522,-0.00022806,3.6691e-09
-0.00046209,-0.00023155,-6.8793e-05,-8.9537e-05,1.4405e-09
-0.00055106,-0.00027614,-2.3192e-05,-3.0186e-05,4.8564e-10
-0.00038839,-0.00019462,0.0011641,0.0015152,-2.4377e-08
-0.00020517,-0.00010281,0.0024372,0.0031721,-5.1034e-08
-0.0012533,8.65e-05,0.0013859,0.0018039,-2.9021e-08
-0.0081133,0.00088918,0.00037473,0.00048773,-7.8467e-09
-0.006694,0.00074357,-8.3843e-05,-0.00010913,1.7557e-09
-0.0024758,0.00027554,0.00013918,0.00018116,-2.9145e-09
-0.00016808,1.8826e-05,0.00055107,0.00071724,-1.1539e-08
0.00066555,-7.4546e-05,0.00030719,0.00039983,-6.4326e-09
0.00073278,-8.2077e-05,6.0381e-05,7.8589e-05,-1.2644e-09
-3.6624e-05,0.0067159,-4.6203e-05,-6.0136e-05,9.675e-10
-0.0022775,0.032023,-7.2191e-05,-9.3961e-05,1.5117e-09
-0.0017788,0.023849,-5.8566e-05,-7.6227e-05,1.2264e-09
-0.00061192,0.0082229,-3.3976e-05,-4.4221e-05,7.1145e-10
2.1256e-06,0.00012538,-1.4863e-05,-2.2058e-05,3.3591e-10
0.00021464,-0.0026712,0.015683,-0.015451,-2.1143e-09
0.00021686,-0.0027421,0.032649,-0.03214,-4.6299e-09
0.00014288,-0.0018066,0.018567,-0.018276,-2.6449e-09
-0.0016856,-0.00010902,0.0050203,-0.0049413,-7.1874e-10
-0.019425,0.0084993,-0.0011236,0.001106,1.6087e-10
-0.018047,0.0081056,-0.0028838,0.0028384,4.1286e-10
-0.0071527,0.0032236,-0.0024991,0.0024598,3.5779e-10
-0.0008049,0.00035619,-0.001504,0.0014803,2.1532e-10
0.0015884,-0.00072465,-0.00071011,0.00069893,1.0166e-10
0.0018942,-0.00086418,0.0044695,-0.0043992,-6.3989e-10
0.001335,-0.00060907,0.0097876,-0.0096336,-1.4013e-09
0.00070524,-0.00032175,0.0055913,-0.0055033,-8.0049e-10
-0.00059336,0.0002707,0.0015194,-0.0014955,-2.1753e-10
-0.0060994,0.0027827,-0.00034007,0.00033472,4.8687e-11
-0.0051006,0.002327,-0.00087278,0.00085904,1.2495e-10
-0.0018901,0.00086232,-0.00075637,0.00074447,1.0829e-10
-0.00012914,5.8917e-05,-0.00045518,0.00044802,6.5167e-11
0.00051136,-0.00023329,-0.00021492,0.00021153,3.0769e-11
0.00056301,-0.00025686,0.0013527,-0.0013314,-1.9366e-10
0.00038334,-0.00017489,0.0029622,-0.0029156,-4.2409e-10
0.00019777,-9.0228e-05,0.0016922,-0.0016656,-2.4227e-10
8.3178e-05,-3.7948e-05,0.00045985,-0.00045262,-6.5835e-11
-0.00024123,0.002035,-0.00010292,0.0001013,1.4735e-11
-0.0018699,0.014202,-0.00026415,0.00025999,3.7817e-11
-0.0015516,0.011748,-0.00023122,0.00022294,3.2768e-11
-0.00057503,0.004347,-0.030616,-0.031206,-4.2547e-11
-3.9084e-05,0.00029546,-0.063493,-0.06516,-1.2027e-10
0.00015476,-0.0011699,-0.036095,-0.037066,-7.0035e-11
0.0001704,-0.0012881,-0.0097611,-0.01002,-1.8687e-11
0.00011602,-0.00087705,0.0021802,0.0022471,4.8302e-12
5.9856e-05,-0.00045248,0.005602,0.0057606,1.1445e-11
-0.0021957,0.00042971,0.0048548,0.0049923,9.9188e-12
-0.015391,0.0042313,0.0029216,0.0030044,5.9691e-12
-0.012734,0.0035346,0.0013794,0.0014185,2.8183e-12
-0.0047117,0.0013096,-0.0086824,-0.0089283,-1.7739e-11
-0.0003203,8.9421e-05,-0.019013,-0.019552,-3.8846e-11
0.0012683,-0.00035408,-0.010862,-0.011169,-2.2191e-11
0.00099713,-0.00027837,-0.0029516,-0.0030352,-6.0303e-12
-0.003469,0.00096847,0.00066062,0.00067932,1.3497e-12
-0.003612,0.0010084,0.0016954,0.0017434,3.4639e-12
-0.0014194,0.00039627,0.0014693,0.0015109,3.0019e-12
-0.00010924,3.0498e-05,0.00088423,0.00090927,1.8066e-12
0.00038401,-0.00010721,0.00041749,0.00042931,8.5297e-13
0.00043684,-0.00012196,-0.0026278,-0.0027022,-5.3687e-12
0.0003033,-8.4674e-05,-0.0057544,-0.0059173,-1.1757e-11
0.00016022,-4.473e-05,-0.0032873,-0.0033804,-6.7162e-12
-0.0017464,1.458e-05,-0.0008933,-0.0009186,-1.8251e-12
-0.020065,0.00036649,0.00019994,0.0002056,4.0849e-13
-0.01864,0.00034442,0.00051313,0.00052766,1.0484e-12
-0.0073876,0.00013674,0.00044469,0.00045728,9.0854e-13
-0.00083214,1.5468e-05,0.00026755,0.00027513,5.4663e-13
0.0016403,-3.049e-05,-0.00071851,-0.00073885,-1.468e-12
0.0019561,-3.636e-05,-0.0017087,-0.0017571,-3.4911e-12
-0.0038237,-8.4387e-06,-0.00098313,-0.001011,-2.0086e-12
-0.035347,0.00010565,-0.00026533,-0.00027284,-5.4209e-13
-0.029525,9.2779e-05,6.0491e-05,6.2204e-05,1.2359e-13
-0.010926,3.4366e-05,-0.00010042,-0.00010326,-2.0516e-13
-0.00071435,1.8106e-06,-0.00039759,-0.00040884,-8.123e-13
0.0029812,-1.0006e-05,-0.00022163,-0.00022791,-4.5282e-13
0.0032711,-1.0807e-05,-4.3564e-05,-4.4797e-05,-8.9004e-14
0.0022272,-7.3586e-06,3.3335e-05,3.4279e-05,6.8106e-14
0.0011491,-3.7964e-06,5.2085e-05,5.356e-05,1.0641e-13
0.00048327,-1.5967e-06,4.2254e-05,4.3451e-05,8.633e-14
0.00017294,-5.7136e-07,2.4513e-05,2.5207e-05,5.0082e-14
5.4234e-05,-1.7918e-07,1.158e-05,1.1907e-05,2.3658e-14
1.5235e-05,-5.0334e-08,4.5462e-06,4.675e-06,9.2884e-15
0,0,1.5385e-06,1.5821e-06,3.1433e-15
0,0,4.6064e-07,4.7369e-07,9.4113e-16
0,0,0,0,0
0,0,0,0,0
0,0,0,0,0
0,0,0,0,0
