0,0,0,0,0
0,0,0,0,0
0,0,0,0,0
0,0,0,0,0
0,0,0,0,0
0,0,0,0,0
0.0074869,0.0042805,0,0,0
0.051916,0.029683,0,0,0
0.042939,0.02455,-4.521e-07,-1.1613e-07,9.9114e-08
0.015886,0.009083,-0.0059767,-0.0015352,0.0013103
0.0010798,0.00061736,-0.012438,-0.003195,0.0027268
-0.0042756,-0.0024446,-0.0070731,-0.0018169,0.0015506
-0.0027393,-0.0015662,-0.0019124,-0.00049124,0.00041926
0.036054,0.020613,0.00042803,0.00010995,-9.3837e-05
0.039731,0.022716,0.0010985,0.00028218,-0.00024083
0.016864,0.009642,0.00095201,0.00024454,-0.00020871
0.002407,0.0013762,0.00057292,0.00014717,-0.0001256
-0.003261,-0.0018645,0.00027025,6.942e-05,-5.9248e-05
-0.0041881,-0.0023945,-0.0050191,-0.0012893,0.0011003
-0.0030451,-0.001741,-0.01063,-0.0027306,0.0023305
-0.0016483,-0.00094239,-0.0060549,-0.0015553,0.0013274
-0.00071925,-0.00041123,-0.00164,-0.00042127,0.00035954
-0.00026512,-0.00015158,0.00036706,9.4287e-05,-8.0471e-05
-8.5201e-05,-4.8713e-05,0.00094205,0.00024198,-0.00020653
1.2159e-05,2.6851e-05,0.00081641,0.00020971,-0.00017898
0.023355,0.026054,0.00049131,0.0001262,-0.00010771
0.03969,0.044278,0.00023209,5.9617e-05,-5.0881e-05
0.020872,0.023284,9.1121e-05,2.3406e-05,-1.9976e-05
0.0050942,0.005683,3.0837e-05,7.9211e-06,-6.7604e-06
-0.0017958,-0.0020034,9.2328e-06,2.3716e-06,-2.0241e-06
-0.0036023,-0.0040188,4.66e-07,-8.8388e-07,7.2889e-08
-0.0029781,-0.0033224,0.0061604,-0.011685,0.00096358
-0.0017429,-0.0019444,0.01282,-0.024317,0.0020053
-0.00080657,-0.00089981,0.0072906,-0.013828,0.0011403
-0.00031155,-0.00034757,0.0019712,-0.0037389,0.00030833
-0.00010278,-0.00011467,-0.00044119,0.00083683,-6.9009e-05
0.016614,0.018534,-0.0011323,0.0021477,-0.00017711
0.034639,0.038643,-0.00098128,0.0018612,-0.00015349
0.019698,0.021975,-0.00059053,0.0011201,-9.2368e-05
0.0053259,0.0059416,-0.00027896,0.00052912,-4.3634e-05
-0.001192,-0.0013298,-0.00010952,0.00020774,-1.7131e-05
-0.0030593,-0.0034129,-3.7064e-05,7.0302e-05,-5.7974e-06
-0.0026513,-0.0029577,-1.1097e-05,2.1049e-05,-1.7358e-06
-0.0015955,-0.00178,0,0,0
-0.00075371,-0.00084084,3.9962e-07,-7.5798e-07,6.2507e-08
-0.00029591,-0.00033012,0.0052829,-0.01002,0.00082633
-0.00010014,-0.00011172,0.010994,-0.020853,0.0017197
-2.9983e-05,-3.3449e-05,0.0062521,-0.011859,0.00097792
0,0,0.0016904,-0.0032063,0.00026441
0,0,-0.00037835,0.00071763,-5.9179e-05
0,0,-0.00097101,0.0018418,-0.00015188
0.0069009,0.0045171,-0.0008415,0.0015961,-0.00013162
0.047853,0.031323,-0.00050642,0.00096055,-7.9211e-05
0.039578,0.025907,-0.00023888,0.0004531,-3.7365e-05
0.014643,0.009585,0.0044365,-0.0084149,0.00069393
0.00099527,0.00065148,0.0093965,-0.017823,0.0014697
-0.003941,-0.0025797,0.005352,-0.010151,0.00083713
-0.0043391,-0.0028403,0.0014496,-0.0027496,0.00022675
0.0081965,0.003948,-0.00032446,0.00061541,-5.075e-05
0.051255,0.026842,-0.0008327,0.0015794,-0.00013025
0.03865,0.020306,-0.00072164,0.0013688,-0.00011287
0.013318,0.0069958,-0.00043399,0.00082317,-6.7882e-05
0.00013676,6.2995e-05,0.00368,-0.00698,0.0005756
-0.0044182,-0.0023331,0.0080047,-0.015183,0.0012521
-0.0045153,-0.0023817,0.0045706,-0.0086692,0.0007149
-0.0029749,-0.0015692,0.001235,-0.0023425,0.00019317
-0.0014999,-0.00079118,-0.00027824,0.00052775,-4.3521e-05
-0.00061971,-0.00032688,-0.00071409,0.0013544,-0.00011169
-0.0002186,-0.00011531,-0.00061885,0.0011738,-9.6797e-05
-6.7743e-05,-3.5733e-05,-0.00037242,0.00070639,-5.8252e-05
0.013401,0.007069,-0.00017593,0.00033369,-2.7518e-05
0.046189,0.024364,-6.9071e-05,0.00013101,-1.0804e-05
0.031217,0.016466,-2.3375e-05,4.4336e-05,-3.6562e-06
0.0099947,0.005272,-6.9986e-06,1.3275e-05,-1.0947e-06
-0.00047752,-0.00025188,0,0,0
-0.0039087,-0.0020617,0,0,0
-0.003771,-0.0019891,2.5202e-07,-4.7802e-07,3.942e-08
-0.0024076,-0.0012699,0.0033317,-0.0063194,0.00052113
-0.0011871,-0.00062617,0.0069336,-0.013151,0.0010845
-0.00048201,-0.00025425,0.0039429,-0.0074787,0.00061673
-0.00016764,-8.8429e-05,0.0010661,-0.0020221,0.00016675
0.0010393,0.0016653,-0.00023861,0.00045258,-3.7322e-05
0.012073,0.018733,-0.00061237,0.0011615,-9.5784e-05
0.011206,0.017388,-0.0005307,0.0010066,-8.3009e-05
0.0044406,0.0068904,-0.00031937,0.00060577,-4.9955e-05
0.00050004,0.0007759,-0.00015087,0.00028616,-2.3598e-05
-0.00098567,-0.0015294,-5.9233e-05,0.00011235,-9.2648e-06
-0.0011754,-0.0018239,-2.0045e-05,3.8021e-05,-3.1354e-06
-0.00082845,-0.0012855,-5.7856e-06,1.0974e-05,-9.0495e-07
-0.00043764,-0.00067906,0.0028571,-0.0054193,0.0004469
-0.00018744,-0.00029085,0.005946,-0.011278,0.00093004
-6.8066e-05,-0.00010562,0.0033813,-0.0064134,0.00052888
-2.1606e-05,-3.3525e-05,0.00091423,-0.0017341,0.000143
-6.1315e-06,-9.514e-06,-0.00020462,0.00038811,-3.2005e-05
9.9017e-07,6.5144e-07,-0.00052515,0.00099607,-8.2141e-05
0.01309,0.0086119,-0.00045511,0.00086322,-7.1185e-05
0.027241,0.017922,-0.00027388,0.00051949,-4.2839e-05
0.015491,0.010192,-0.00012938,0.0002454,-2.0237e-05
0.0041885,0.0027556,-5.0795e-05,9.6346e-05,-7.9451e-06
-0.00093746,-0.00061676,-1.719e-05,3.2605e-05,-2.6888e-06
-0.002406,-0.0015829,-4.9615e-06,9.4106e-06,-7.7604e-07
-0.0020851,-0.0013718,0.0024502,-0.0046474,0.00038324
-0.0012548,-0.00082553,0.005099,-0.0096716,0.00079756
-0.00059275,-0.00038997,0.0028997,-0.0054999,0.00045355
0.001659,0.0026586,0.000784,-0.0014871,0.00012263
0.020861,0.03107,-0.00017547,0.00033283,-2.7447e-05
0.019412,0.028872,-0.00045233,0.00085174,-7.0416e-05
0.0077021,0.011448,-0.026689,-0.031645,0.00026761
0.0008673,0.0012891,-0.054965,-0.066951,0.00064722
-0.0017096,-0.002541,-0.031234,-0.038116,0.00037159
-0.0020388,-0.0030302,-0.0084587,-0.01028,9.8349e-05
-0.0014369,-0.0021357,0.0018687,0.0023473,-2.5843e-05
0.0019717,0.0039287,0.0048294,0.0059609,-6.1097e-05
0.018611,0.034583,0.0041891,0.0051586,-5.235e-05
0.015544,0.028827,0.0025205,0.0031036,-3.1483e-05
0.005757,0.010675,-0.0047743,-0.0097183,0.00026696
0.00038321,0.00071352,-0.011947,-0.022701,0.00058069
-0.0014675,-0.0026474,-0.0069013,-0.013042,0.00033157
0.0098264,0.026983,-0.0018614,-0.0035206,8.9591e-05
0.015247,0.040728,0.00042721,0.00080102,-2.0184e-05
0.0074119,0.019826,0.0010964,0.0020558,-5.1803e-05
0.0014774,0.0040533,0.00095018,0.0017816,-4.4893e-05
-0.0010062,-0.0025601,0.00057182,0.0010722,-2.7017e-05
-0.0015654,-0.0040685,0.00027021,0.00050575,-1.3219e-05
-0.0012242,-0.0031926,0.0012737,-0.0093928,-0.0060465
-0.00069286,-0.0018104,0.0024659,-0.019894,-0.012575
-0.00031426,-0.00082114,0.0013926,-0.011331,-0.0071503
-0.00011947,-0.00031217,0.00037363,-0.0030691,-0.0019332
-3.938e-05,-0.0001029,-8.3625e-05,0.00068692,0.00043267
-9.8581e-06,-2.8739e-05,-0.00021462,0.001763,0.0011104
0.022159,0.018498,-0.000186,0.0015278,0.00096233
0.046115,0.038496,-0.00011193,0.00091944,0.00057913
0.026224,0.021891,-5.2876e-05,0.00043433,0.00027358
0.0070904,0.0059189,-2.0759e-05,0.00017052,0.00010741
-0.001587,-0.0013248,-6.9496e-06,5.7086e-05,3.5957e-05
-0.0040729,-0.0033999,0.00099925,-0.0082081,-0.0051701
-0.0035296,-0.0029465,0.0020839,-0.017118,-0.010782
-0.0021241,-0.0017732,0.001185,-0.0097343,-0.0061314
-0.0010034,-0.00083764,0.00032041,-0.002632,-0.0016578
-0.00039395,-0.00032886,-7.1714e-05,0.00058908,0.00037104
-0.00013332,-0.00011129,-0.00018405,0.0015118,0.00095226
0.0053507,0.0058925,-0.0001595,0.0013102,0.00082526
0.03738,0.041092,-9.5988e-05,0.00078848,0.00049664
0.030916,0.033986,-4.5344e-05,0.00037247,0.00023461
0.011438,0.012574,-1.7802e-05,0.00014623,9.2109e-05
0.00077745,0.00085465,-4.819e-06,5.0095e-05,3.0835e-05
-0.0030785,-0.0033842,0.015937,0.0080407,-0.0044336
-0.0033895,-0.003726,0.033169,0.016703,-0.0092462
-0.0023078,-0.002537,0.018862,0.0094983,-0.005258
-0.0011906,-0.0013089,0.0051,0.0025681,-0.0014217
-0.00050075,-0.00055047,-0.0011415,-0.00057479,0.00031819
-0.00017919,-0.00019699,-0.0029295,-0.0014752,0.00081662
0.00070525,0.0014961,-0.0025388,-0.0012784,0.00070771
0.015172,0.031056,-0.0015278,-0.00076936,0.0004259
0.016011,0.032756,-0.00072173,-0.00036344,0.00020119
0.0067934,0.013899,-0.00028232,-0.00014217,7.87e-05
0.0010275,0.0021021,0.013572,0.0068344,-0.0037834
-0.0012314,-0.0025193,0.028416,0.014309,-0.0079212
-0.0016118,-0.0032975,0.016175,0.0081453,-0.0045091
-0.0016068,0.00017875,0.0043735,0.0022023,-0.0012192
-0.0053836,0.027352,-0.00097887,-0.00049292,0.00027287
-0.0046834,0.02603,-0.0025122,-0.001265,0.0007003
-0.0018483,0.010331,-0.0021772,-0.0010963,0.0006069
-0.00022954,0.0011195,-0.0013102,-0.00065977,0.00036523
0.00037803,-0.002359,-0.00061804,-0.00031122,0.00017228
0.00046208,-0.0027901,0.011478,0.00578,-0.0031997
0.00032568,-0.0019665,0.024311,0.012242,-0.0067768
0.00017204,-0.0010388,0.013847,0.0069727,-0.0038599
7.3686e-05,-0.00044493,0.0037505,0.0018886,-0.0010455
2.6758e-05,-0.00016157,-0.00083944,-0.00042271,0.000234
8.4937e-06,-5.1286e-05,-0.0021544,-0.0010849,0.00060055
-0.0020424,0.0037226,-0.001867,-0.00094016,0.00052045
-0.01418,0.025915,-0.0011236,-0.00056579,0.00031321
-0.011728,0.021434,-0.00053001,-0.00026689,0.00014774
-0.004339,0.00793,0.0098432,0.0049567,-0.0027439
-0.00029491,0.00053899,0.020848,0.010498,-0.0058115
0.0011678,-0.0021343,0.011874,0.0059795,-0.0033101
0.0012857,-0.002349,0.0032163,0.0016196,-0.00089658
-0.00027963,0.0096976,-0.00071987,-0.0003625,0.00020067
-0.0019522,0.022686,-0.0018475,-0.00093033,0.00051501
-0.001177,0.013023,-0.0016011,-0.00080625,0.00044632
-0.00030162,0.0034908,-0.00096354,-0.0004852,0.0002686
0.00010404,-0.00084806,-0.00045517,-0.0002292,0.00012688
0.00021829,-0.0020875,-0.0001787,-8.9987e-05,4.9815e-05
0.00018399,-0.0017996,-6.0476e-05,-3.0453e-05,1.6858e-05
0.00011072,-0.001083,-1.7455e-05,-8.7895e-06,4.8657e-06
5.2305e-05,-0.00051159,0.0086199,0.0043406,-0.0024029
2.0535e-05,-0.00020085,0.017939,0.0090332,-0.0050006
6.9495e-06,-6.7972e-05,0.010201,0.0051369,-0.0028437
2.0807e-06,-2.0351e-05,0.0027582,0.0013889,-0.00076887
0,0,-0.00061733,-0.00031086,0.00017209
-8.6139e-05,0.00084252,-0.0015843,-0.00079781,0.00044165
-0.0017182,0.016805,-0.001373,-0.0006914,0.00038275
-0.0018112,0.017715,-0.00082629,-0.00041609,0.00023034
-0.0007685,0.0075167,-0.00038977,-0.00019627,0.00010865
-0.00011623,0.0011369,0.0072388,0.0036452,-0.0020179
0.0001393,-0.0013625,0.015332,0.0077204,-0.0042738
0.00018233,-0.0017834,0.0087326,0.0043974,-0.0024343
0.00013327,-0.0013035,0.0023653,0.0011911,-0.00065935
7.2137e-05,-0.00070557,-0.0005294,-0.00026658,0.00014757
-0.00011167,0.0031676,-0.0013587,-0.00068417,0.00037874
-0.0015729,0.038356,-0.0011775,-0.00059292,0.00032823
-0.001467,0.035671,-0.00070619,-0.00035466,0.00019739
-0.00058176,0.01414,0.031388,0.028408,-0.0016738
-6.563e-05,0.0015934,0.065887,0.059404,-0.0036408
0.00012937,-0.0031409,0.037498,0.033796,-0.0020789
0.00015428,-0.0037456,0.010137,0.0091371,-0.00056172
0.00010873,-0.0026399,-0.0022719,-0.0020465,0.00012655
5.7439e-05,-0.0013946,-0.0058308,-0.0052523,0.00032479
2.4602e-05,-0.0005973,-0.0050531,-0.0045518,0.00028147
7.928e-06,-0.00021556,-0.003041,-0.0027393,0.00016939
-0.013292,0.017617,-0.0014365,-0.001294,8.0019e-05
-0.027667,0.036786,-0.00056399,-0.00050804,3.1416e-05
-0.015734,0.02093,-0.00019086,-0.00017193,1.0632e-05
-0.0042541,0.0056591,-5.7146e-05,-5.1477e-05,3.1832e-06
0.00095213,-0.0012666,0,0,0
0.0024436,-0.0032507,0,0,0
0.0021177,-0.0028171,0,0,0
0.0012744,-0.0016953,0,0,0
0.00060203,-0.00080086,2.0579e-06,1.8537e-06,-1.1463e-07
0.00023636,-0.00031442,0.027205,0.024506,-0.0015154
7.9988e-05,-0.00010641,0.056615,0.050999,-0.0031536
2.3949e-05,-3.1859e-05,0.032195,0.029001,-0.0017934
-0.0018083,0.0043024,0.0087049,0.0078413,-0.00048489
-0.012539,0.029834,-0.0019465,-0.0017534,0.00010843
-0.010371,0.024675,0.018329,0.016511,-0.001021
-0.0038371,0.0091293,0.044217,0.039831,-0.0024631
-0.0002608,0.00062051,0.025001,0.022521,-0.0013927
0.0010327,-0.002457,0.0062331,0.0056147,-0.0003472
0.001137,-0.0027052,-0.0021544,-0.0019407,0.00012001
0.00077417,-0.0018419,-0.0044517,-0.0040101,0.00024797
0.0003994,-0.00095027,-0.0037651,-0.0033916,0.00020973
0.00016798,-0.00039967,-0.0022363,-0.0020145,0.00012457
-0.0014906,0.0035465,-0.0010564,-0.00095163,5.8846e-05
-0.010734,0.02554,-0.00041476,-0.00037362,2.3104e-05
-0.0088885,0.021148,-0.00013885,-0.00012507,7.7343e-06
-0.0032905,0.0078289,0.019964,0.017984,-0.0011121
-0.00022365,0.00053212,0.041635,0.037505,-0.0023192
0.0008856,-0.0021071,0.023677,0.021328,-0.0013189
0.00097506,-0.0023199,0.0064016,0.0057666,-0.00035659
-0.00066594,0.0054344,-0.0014328,-0.0012907,7.9811e-05
-0.0088791,0.047822,-0.0036772,-0.0033124,0.00020483
-0.0074829,0.039884,-0.0031865,-0.0028684,0.00017744
-0.0027703,0.01476,0.0016672,0.027299,-0.00084886
-0.00017563,0.00097311,0.0065548,0.059591,-0.0019384
0.000764,-0.0040164,0.003887,0.034031,-0.0011112
0.00083617,-0.0044102,0.0010268,0.0091794,-0.00029909
0.00056933,-0.0030028,-0.00029279,-0.0021112,7.0451e-05
0.00029372,-0.0015492,-0.00065893,-0.0053351,0.00017566
-0.00022607,0.0011923,-0.00057105,-0.0046235,0.00015223
-0.0069291,0.036546,-0.00034366,-0.0027824,9.1611e-05
-0.0073371,0.038698,-0.00016234,-0.0013144,4.3276e-05
-0.0031151,0.01643,-6.3736e-05,-0.00051604,1.6991e-05
-0.00047174,0.0024881,-2.1337e-05,-0.00017275,5.6879e-06
0.00056537,-0.0029819,0.0030679,0.02484,-0.00081783
0.00074,-0.003903,0.006398,0.051802,-0.0017056
0.00054087,-0.0028527,0.0036383,0.029458,-0.0009699
-7.0297e-06,0.00040863,0.00098373,0.0079649,-0.00026224
-0.0058522,0.038278,-0.00022018,-0.0017827,5.8694e-05
-0.0062568,0.040813,-0.00056507,-0.0045752,0.00015064
-0.0026596,0.017342,-0.00048971,-0.003965,0.00013054
-0.00040021,0.0026122,-0.00029198,-0.002382,7.8509e-05
0.00048484,-0.0031581,0.035924,0.053646,-0.00066571
0.0006346,-0.0041335,0.074996,0.11354,-0.0014481
0.00046383,-0.0030212,0.04266,0.064671,-0.00082682
0.00025107,-0.0016354,0.011534,0.017481,-0.00022341
0.00010956,-0.00071362,-0.0025827,-0.0039227,5.0334e-05
4.0384e-05,-0.00026305,-0.0066284,-0.010067,0.00012918
-0.0030265,0.0031608,-0.0057444,-0.0087246,0.00011195
-0.03364,0.035897,-0.003457,-0.0052505,6.7371e-05
-0.031228,0.033342,-0.001633,-0.0024803,3.1826e-05
-0.012375,0.013213,-0.0006388,-0.00097022,1.2449e-05
-0.0013935,0.0014879,0.030709,0.046641,-0.00059848
0.0027468,-0.0029328,0.064295,0.097652,-0.001253
0.0032757,-0.0034975,0.0366,0.055588,-0.00071327
-0.00029784,0.0038758,0.0098957,0.01503,-0.00019285
-0.027632,0.068883,-0.0022148,-0.0033639,4.3164e-05
-0.026258,0.064588,-0.0056839,-0.0086287,0.00011074
-0.010423,0.025614,0.00048337,0.05391,-0.00042085
-0.0011348,0.0028428,0.0082931,0.12326,-0.0010179
0.0023727,-0.0057485,0.0050015,0.070527,-0.00058438
0.0028091,-0.0068336,0.0011811,0.018809,-0.00015467
0.0019799,-0.0048163,-0.00057348,-0.0046793,4.0642e-05
0.0010459,-0.0025442,-0.00105,-0.011369,9.6085e-05
-0.0033147,0.0087051,-0.00086166,-0.0097789,8.2329e-05
-0.025929,0.067525,-0.00051855,-0.005885,4.9545e-05
-0.021528,0.05605,-0.00024496,-0.00278,2.3405e-05
-0.0079694,0.020748,-9.6172e-05,-0.0010914,9.1889e-06
-0.00054266,0.0014126,-3.2546e-05,-0.00036937,3.1097e-06
0.0021488,-0.0055937,-9.7446e-06,-0.00011059,9.3106e-07
0.0023659,-0.0061587,-4.2856e-07,3.203e-06,-3.3528e-08
0.0016109,-0.0041933,-0.0056655,0.042343,-0.00044324
0.00083106,-0.0021634,-0.01179,0.088119,-0.00092242
0.00034953,-0.00090988,-0.0067048,0.05011,-0.00052455
-0.0007509,0.00075781,-0.0018128,0.013549,-0.00014183
-0.037726,0.046606,0.00040574,-0.0030325,3.1743e-05
-0.045843,0.056683,0.0010413,-0.0077827,8.1467e-05
-0.02085,0.025787,0.00090243,-0.0067447,7.0602e-05
-0.0038641,0.0047791,0.00054308,-0.0040589,4.2488e-05
0.0030376,-0.0037569,0.00025655,-0.0019174,2.0071e-05
0.0044441,-0.0054964,0.00010036,-0.00075004,7.8513e-06
0.0033756,-0.004175,-0.0048244,0.036057,-0.00037743
0.0018738,-0.0023175,-0.010101,0.075491,-0.00079023
0.00083342,-0.0010308,-0.0057497,0.042973,-0.00044983
0.00031193,-0.0003858,-0.0015546,0.011619,-0.00012162
0.00010151,-0.00012555,0.00034795,-0.0026005,2.7222e-05
2.9416e-05,-3.6381e-05,0.00089299,-0.0066741,6.9863e-05
-0.0086759,0.0072032,0.00077389,-0.0057839,6.0545e-05
-0.060162,0.049949,0.00046573,-0.0034808,3.6436e-05
-0.049758,0.041312,0.00021969,-0.0016419,1.7187e-05
-0.01841,0.015285,-0.00408,0.030494,-0.0003192
-0.0012513,0.0010389,-0.0086415,0.064585,-0.00067606
0.0049547,-0.0041136,-0.004922,0.036786,-0.00038507
0.0020816,-0.0026355,-0.0013332,0.0099639,-0.0001043
-0.063577,0.034687,0.00029839,-0.0022301,2.3344e-05
-0.069019,0.038226,0.00076579,-0.0057234,5.9912e-05
-0.029292,0.016225,0.00066366,-0.0049601,5.1921e-05
-0.0042638,0.0023158,0.00039912,-0.002983,3.1225e-05
0.0055462,-0.0031375,-0.0033843,0.025294,-0.00026477
0.0071663,-0.0040294,-0.0073616,0.055019,-0.00057593
0.0052194,-0.0029297,-0.0042033,0.031415,-0.00032885
0.0028252,-0.0015858,-0.0011358,0.0084885,-8.8856e-05
0.0012328,-0.000692,0.00025588,-0.0019124,2.0019e-05
0.00045443,-0.00025508,0.00065671,-0.0049082,5.1378e-05
0.00014604,-8.1973e-05,0.00056913,-0.0042536,4.4525e-05
-0.0093954,0.0071987,0.0003425,-0.0025598,2.6795e-05
-0.065442,0.050082,0.00016314,-0.0012059,1.264e-05
-0.054125,0.041421,0.01786,0.043285,-0.00023474
-0.020025,0.015325,0.037057,0.090908,-0.00049718
-0.0013611,0.0010416,0.021067,0.05174,-0.00028318
0.00058166,0.0041292,0.0056944,0.014002,-7.6703e-05
-0.047283,0.086817,-0.0012745,-0.003134,1.7167e-05
-0.045356,0.081707,-0.003271,-0.0080432,4.406e-05
-0.01749,0.032009,-0.0028347,-0.0069704,3.8183e-05
-0.0013276,0.0031131,-0.0017059,-0.0041948,2.2979e-05
0.0046587,-0.0076991,-0.00080676,-0.0019808,1.0839e-05
0.0052799,-0.0089704,-0.012198,0.0096056,-0.00020131
0.0036796,-0.0062904,-0.024835,0.021346,-0.00042636
0.0019292,-0.0033118,-0.014094,0.01221,-0.00024285
0.00082627,-0.0014185,-0.003802,0.0033225,-6.5778e-05
0.00030005,-0.00051509,0.00085096,-0.00074364,1.4722e-05
9.5243e-05,-0.0001635,0.0021839,-0.0019085,3.7784e-05
2.7028e-05,-4.64e-05,0.0018927,-0.001654,3.2744e-05
0,0,0.001139,-0.00099536,1.9706e-05
0,0,0.00053805,-0.0004702,9.3087e-06
-0.027521,0.033486,0.00021124,-0.0001846,3.6547e-06
-0.072279,0.087945,7.1489e-05,-6.2473e-05,1.2368e-06
-0.044673,0.054355,2.1404e-05,-1.8705e-05,3.7031e-07
-0.013203,0.016064,0,0,0
0.0016571,-0.0020162,0,0,0
0.0062362,-0.0075878,0,0,0
0.0056882,-0.0069211,-7.7078e-07,6.7357e-07,-1.3335e-08
0.0035238,-0.0042875,-0.01019,0.0089045,-0.00017629
0.0017002,-0.0020686,-0.021206,0.018531,-0.00036687
0.00067869,-0.00082579,-0.012059,0.010538,-0.00020863
0.00016753,-0.00021537,-0.0032605,0.0028493,-5.6408e-05
-0.041597,0.043254,0.00072975,-0.00063771,1.2625e-05
-0.070812,0.073653,0.0018729,-0.0016367,3.2402e-05
-0.037238,0.038732,0.0016231,-0.0014184,2.808e-05
-0.0090886,0.0094533,0.00097677,-0.00085358,1.6899e-05
0.0032039,-0.0033325,0.00046141,-0.00040322,7.9828e-06
0.006427,-0.0066849,0.00018049,-0.00015773,3.1227e-06
0.0053134,-0.0055265,-0.0086769,0.0075826,-0.00015012
0.0031096,-0.0032344,-0.018167,0.015876,-0.00031429
0.001439,-0.0014968,-0.010341,0.009037,-0.00017891
0.00055585,-0.00057815,-0.002796,0.0024434,-4.8373e-05
0.00018563,-0.00019307,0.0006258,-0.00054688,1.0827e-05
5.4965e-05,-5.717e-05,0.0016061,-0.0014035,2.7786e-05
0,0,0.0013919,-0.0012163,2.408e-05
-0.0038938,0.002686,0.00083763,-0.000732,1.4492e-05
-0.077667,0.053577,0.00039569,-0.00034579,6.8457e-06
-0.081873,0.056478,0.00015535,-0.00013576,2.6877e-06
-0.034739,0.023964,5.2007e-05,-4.5448e-05,8.9975e-07
-0.0052541,0.0036244,-0.0074778,0.0065347,-0.00012937
0.006297,-0.0043438,-0.015595,0.013628,-0.0002698
0.008242,-0.0056855,-0.0088682,0.0077498,-0.00015343
-0.01701,0.0072535,-0.0023978,0.0020954,-4.1483e-05
-0.10577,0.051752,0.00053666,-0.00046898,9.2846e-06
-0.079741,0.03922,0.0013773,-0.0012036,2.3829e-05
-0.027461,0.013499,0.0011936,-0.0010431,2.065e-05
-0.00026256,9.7259e-05,0.00071784,-0.0006273,1.2419e-05
0.0091332,-0.0045331,-0.0060868,0.0053192,-0.00010531
0.0093273,-0.0046199,-0.01324,0.01157,-0.00022906
0.0061452,-0.0030438,-0.0075599,0.0066065,-0.00013079
0.0030984,-0.0015347,-0.0020427,0.0017851,-3.5341e-05
0.0012801,-0.00063406,0.00046022,-0.00040218,7.9621e-06
0.00044733,-0.00022194,0.0011811,-0.0010322,2.0434e-05
-0.055773,0.022645,0.0010236,-0.00089451,1.7709e-05
-0.11632,0.047252,0.000616,-0.00053832,1.0657e-05
-0.06617,0.026882,0.00029099,-0.00025429,5.0344e-06
-0.017891,0.0072683,0.00011425,-9.9838e-05,1.9765e-06
0.0040043,-0.0016268,3.8663e-05,-3.3787e-05,6.6889e-07
0.010277,-0.004175,1.1576e-05,-1.0116e-05,2.0027e-07
0.0089062,-0.0036182,0,0,0
0.0053598,-0.0021774,-4.1686e-07,3.6428e-07,-7.2119e-09
0.0025319,-0.0010286,-0.0055108,0.0048158,-9.534e-05
0.00099404,-0.00040383,-0.011468,0.010022,-0.00019841
0.0003364,-0.00013666,-0.0065217,0.0056992,-0.00011283
0.00010072,-4.0918e-05,-0.0017633,0.001541,-3.0507e-05
-0.0017544,0.001099,0.00039467,-0.00034489,6.828e-06
-0.075637,0.047379,0.0010129,-0.00088515,1.7524e-05
-0.091836,0.057526,0.0008778,-0.00076709,1.5186e-05
-0.041758,0.026157,0.00052826,-0.00046164,9.1392e-06
-0.007739,0.0048477,0.00024954,-0.00021807,4.3173e-06
0.0060837,-0.0038108,9.8414e-05,-8.6103e-05,1.6888e-06
0.0089006,-0.0055753,0.0058631,-0.0064549,-8.1186e-05
0.0067607,-0.0042349,0.012143,-0.013382,-0.00016998
0.0037528,-0.0023507,0.0068994,-0.0076048,-9.6759e-05
0.0016692,-0.0010456,0.0018655,-0.0020562,-2.6162e-05
0.00062474,-0.00039133,-0.00041752,0.0004602,5.8554e-06
0.00020331,-0.00012735,-0.0010715,0.0011811,1.5028e-05
5.8914e-05,-3.6903e-05,-0.00092863,0.0010236,1.3023e-05
-0.0082002,0.0043406,-0.00055885,0.00061598,7.8374e-06
-0.090766,0.048046,-0.000264,0.00029098,3.7023e-06
-0.084249,0.044596,-0.00010365,0.00011424,1.4536e-06
-0.033386,0.017673,-3.5076e-05,3.8662e-05,4.9191e-07
-0.0037595,0.00199,-1.0502e-05,1.1576e-05,1.4728e-07
0.0074106,-0.0039227,0,0,0
0.0088374,-0.004678,3.7818e-07,-4.1684e-07,-5.3037e-09
0.0062286,-0.003297,0.0049995,-0.0055106,-7.0114e-05
0.0032903,-0.0017417,0.010404,-0.011468,-0.00014591
0.0014093,-0.00074597,0.0059167,-0.0065215,-8.2976e-05
0.00051175,-0.00027089,0.0015997,-0.0017633,-2.2435e-05
-0.00081259,0.00072219,-0.00035805,0.00039465,5.0213e-06
-0.04199,0.034818,-0.00091892,0.0010129,1.2887e-05
-0.051039,0.042305,-0.00079636,0.00087777,1.1168e-05
-0.023207,0.019236,-0.00047925,0.00052824,6.7211e-06
-0.004301,0.003565,-0.00022639,0.00024954,3.175e-06
0.0033811,-0.0028025,-8.8559e-05,9.7612e-05,1.242e-06
0.0049466,-0.0041001,0.0042573,-0.0046925,-5.9705e-05
0.0037574,-0.0031144,0.0089134,-0.0098246,-0.000125
0.0020857,-0.0017288,0.0050739,-0.0055926,-7.1157e-05
0.00092766,-0.00076891,0.0013719,-0.0015121,-1.9239e-05
0.0003472,-0.00028779,-0.00030705,0.00033844,4.3061e-06
-0.00072316,0.00098563,-0.00078803,0.00086859,1.1051e-05
-0.036016,0.046504,-0.00068292,0.00075274,9.5774e-06
-0.043769,0.056496,-0.00041098,0.000453,5.7637e-06
-0.019902,0.025689,-0.00019414,0.00021399,2.7227e-06
-0.0036884,0.0047609,-7.6223e-05,8.4015e-05,1.069e-06
0.0028995,-0.0037426,-2.5795e-05,2.8432e-05,3.6175e-07
0.004242,-0.0054755,-7.7232e-06,8.5127e-06,1.0831e-07
0.0032222,-0.0041591,1.0766e-06,4.9193e-07,-3.9004e-09
0.0017886,-0.0023087,0.014232,0.0065032,-5.1562e-05
0.00079552,-0.0010268,0.029619,0.013534,-0.00010731
0.00029775,-0.00038433,0.016843,0.0076962,-6.1021e-05
9.6896e-05,-0.00012507,0.0045541,0.0020809,-1.6499e-05
2.8078e-05,-3.6243e-05,-0.0010193,-0.00046574,3.6927e-06
-0.009837,0.0071758,-0.0026159,-0.0011953,9.4772e-06
-0.068213,0.04976,-0.002267,-0.0010359,8.2132e-06
-0.056417,0.041155,-0.0013634,-0.00062297,4.9394e-06
-0.020873,0.015226,0.011561,0.0052824,-4.1883e-05
-0.0014187,0.0010349,0.025147,0.01149,-9.1105e-05
0.0056178,-0.004098,0.014359,0.0065608,-5.2019e-05
0.0061852,-0.004512,0.0038798,0.0017728,-1.4056e-05
0.0042114,-0.0030721,-0.00087409,-0.0003994,3.1667e-06
0.0021727,-0.0015849,-0.0022433,-0.001025,8.1273e-06
-0.007522,0.0054871,-0.0019441,-0.00088833,7.0433e-06
-0.05817,0.042433,-0.00117,-0.0005346,4.2387e-06
-0.048279,0.035218,-0.00055268,-0.00025254,2.0023e-06
-0.017871,0.013037,-0.00021699,-9.9148e-05,7.8612e-07
-0.0012166,0.00088751,-7.2641e-05,-3.3192e-05,2.6317e-07
0.0048176,-0.0035143,0.010445,0.0047725,-3.784e-05
0.0053042,-0.0038693,0.021782,0.0099528,-7.8914e-05
0.0036115,-0.0026345,0.012387,0.0056599,-4.4876e-05
0.0018632,-0.0013592,0.0033491,0.0015303,-1.2133e-05
0.00078363,-0.00057164,-0.00074959,-0.00034251,2.7157e-06
-0.0040172,0.0029305,-0.0019238,-0.00087903,6.9696e-06
-0.047482,0.034637,-0.0016672,-0.00076179,6.0401e-06
-0.04413,0.032191,-0.0010033,-0.00045845,3.6349e-06
-0.017498,0.012764,-0.00047396,-0.00021657,1.7171e-06
-0.0019703,0.0014373,-0.00018608,-8.5025e-05,6.7415e-07
0.0038838,-0.0028332,-6.2294e-05,-2.8464e-05,2.2568e-07
0.0046316,-0.0033786,0.0089569,0.0040927,-3.245e-05
0.0032644,-0.0023813,0.018679,0.0085352,-6.7673e-05
0.0017244,-0.0012579,0.010622,0.0048537,-3.8484e-05
0.00073858,-0.00053878,0.0028721,0.0013123,-1.0405e-05
0.0002682,-0.00019565,-0.00064282,-0.00029372,2.3288e-06
8.5135e-05,-6.2104e-05,-0.0016498,-0.00075382,5.9769e-06
-0.00021966,0.0001182,-0.0014297,-0.00065328,5.1797e-06
-0.03058,0.017036,-0.00086041,-0.00039315,3.1172e-06
-0.043487,0.024226,-0.00040645,-0.00018572,1.4725e-06
-0.021233,0.011829,-0.00015957,-7.2914e-05,5.7812e-07
-0.0045857,0.0025546,-5.4003e-05,-2.4675e-05,1.9565e-07
0.0024251,-0.001351,-1.6169e-05,-7.388e-06,5.8578e-08
0.0040714,-0.0022681,0,0,0
0.0032218,-0.0017948,-2.7326e-07,2.6605e-07,2.8306e-07
0.0018355,-0.0010225,-0.0036125,0.0035171,0.003742
0.00083251,-0.00046378,-0.0075179,0.0073194,0.0077875
0.0001074,-5.9834e-05,-0.0042752,0.0041623,0.0044285
-0.02612,0.014551,-0.0011559,0.0011254,0.0011974
-0.037262,0.020758,0.00025871,-0.00025188,-0.00026799
-0.018208,0.010144,0.00066398,-0.00064645,-0.00068779
-0.0039325,0.0021908,0.00057542,-0.00056023,-0.00059606
0.0020797,-0.0011586,0.00034548,-0.00033749,-0.00035846
0.0034915,-0.0019451,-0.010474,-0.004683,0.0030396
0.0027629,-0.0015392,-0.022074,-0.0094768,0.0066117
0.001574,-0.00087687,-0.012567,-0.0053747,0.0037752
0.00071393,-0.00039772,-0.0033974,-0.0014538,0.0010201
0.00027141,-0.0001512,0.00076184,0.00032397,-0.00022982
8.9463e-05,-4.9839e-05,0.0019552,0.00083146,-0.00058982
2.6203e-05,-1.4598e-05,0.0016945,0.00072057,-0.00051115
0,0,0.0010197,0.00043364,-0.00030761
0,0,0.00048171,0.00020485,-0.00014531
-0.00060639,0.005416,0.00018912,8.0424e-05,-5.7051e-05
-0.002087,0.018641,6.4002e-05,2.7217e-05,-1.9307e-05
-0.0014105,0.012598,1.9163e-05,8.1489e-06,-5.7806e-06
-0.0004516,0.0040336,0,0,0
2.1576e-05,-0.00019271,0,0,0
0.00017661,-0.0015774,0,0,0
0.00017039,-0.0015219,-6.9006e-07,-2.9345e-07,2.0817e-07
0.00010878,-0.00097162,-0.0091225,-0.0038793,0.0027519
5.3638e-05,-0.00047908,-0.018985,-0.0080733,0.005727
2.1779e-05,-0.00019452,-0.010796,-0.004591,0.0032568
-2.0158e-06,1.8004e-05,-0.002919,-0.0012413,0.00088056
-0.0012006,0.010723,0.00065332,0.00027783,-0.00019708
-0.0017106,0.015278,0.0016767,0.00071303,-0.00050581
-0.0008352,0.0074598,0.0014531,0.00061793,-0.00043834
-0.00018038,0.0016111,0.00087388,0.00037162,-0.00026362
9.5393e-05,-0.00085202,-0.00741,-0.0031511,0.0022353
0.00016015,-0.0014304,-0.016118,-0.0068543,0.0048623
0.00012673,-0.0011319,-0.0092033,-0.0039137,0.0027763
7.2199e-05,-0.00064486,-0.0024868,-0.0010575,0.00075017
-9.1573e-05,0.0015803,0.00056026,0.00023825,-0.00016901
-0.0013636,0.020618,0.0014379,0.00061147,-0.00043376
-0.0012732,0.019204,0.0012461,0.00052991,-0.00037591
-0.00050496,0.0076141,0.00074991,0.0003189,-0.00022622
-5.6997e-05,0.0008586,0.00035425,0.00015065,-0.00010686
0.00011235,-0.0016924,0.00013892,5.8587e-05,-4.1803e-05
0.00013398,-0.0020183,-0.0021378,-0.0073568,0.0020096
9.443e-05,-0.0014225,-0.0045328,-0.015346,0.0042074
4.9883e-05,-0.00075145,-0.0025857,-0.0087301,0.002395
0.00045801,2.684e-05,-0.00069911,-0.0023604,0.00064757
0.018833,0.014916,0.00015647,0.0005283,-0.00014494
0.022859,0.018215,0.00040158,0.0013559,-0.00037197
0.010394,0.0082889,0.00034802,0.001175,-0.00032236
0.0019261,0.0015381,0.00020944,0.00070713,-0.000194
-0.0015142,-0.0012091,9.8795e-05,0.00033356,-9.1511e-05
-0.0022152,-0.001769,-0.0018348,-0.0061949,0.0016995
-0.0016826,-0.0013437,-0.0038861,-0.013121,0.0035996
-0.00093401,-0.00074587,-0.0022134,-0.0074733,0.0020502
-0.00041543,-0.00033175,-0.00059953,-0.0020242,0.00055533
-0.00015549,-0.00012417,0.00013418,0.00045305,-0.00012429
-5.06e-05,-4.0408e-05,0.00034438,0.0011627,-0.00031899
3.3057e-05,3.6972e-06,0.00029845,0.0010077,-0.00027644
0.030459,0.0098338,0.00017961,0.00060641,-0.00016636
0.051764,0.016712,8.4844e-05,0.00028646,-7.8589e-05
0.027221,0.0087882,3.331e-05,0.00011247,-3.0855e-05
0.0066439,0.002145,1.1151e-05,3.765e-05,-1.0329e-05
-0.0023421,-0.00075614,-0.0016034,-0.0054136,0.0014852
-0.0046982,-0.0015168,-0.0033438,-0.01129,0.0030973
-0.0038841,-0.001254,-0.0019015,-0.0064202,0.0017613
-0.0014782,-0.00012443,-0.00051413,-0.0017359,0.00047623
0.014805,0.011817,0.00011507,0.00038852,-0.00010659
0.016309,0.012684,0.00029533,0.00099712,-0.00027355
0.0069567,0.0053936,0.00025594,0.00086413,-0.00023707
0.0010325,0.00080942,0.00015392,0.00051968,-0.00014257
-0.0012856,-0.00098562,-0.0013051,-0.0044066,0.0012089
-0.0016827,-0.0012901,-0.002839,-0.0095853,0.0026297
-0.0012299,-0.00094291,-0.001621,-0.005473,0.0015015
-0.00066574,-0.00051039,-0.000438,-0.0014788,0.00040571
-0.00029051,-0.00022272,9.8681e-05,0.00033318,-9.1405e-05
-0.00010708,-8.2096e-05,0.00025326,0.00085509,-0.00023459
-3.4413e-05,-2.6383e-05,0.00021948,0.00074104,-0.0002033
-9.8676e-06,-7.565e-06,0.00013208,0.00044596,-0.00012235
1.096e-05,0.0002199,6.2395e-05,0.00021067,-5.7795e-05
0.00047252,0.0094806,2.4497e-05,8.2709e-05,-2.2691e-05
0.00057372,0.011511,8.2901e-06,2.799e-05,-7.6789e-06
0.00026087,0.0052341,2.3927e-06,8.0786e-06,-2.2163e-06
4.8348e-05,0.00097004,-0.0011816,-0.0039896,0.0010945
-3.8007e-05,-0.00076256,-0.0024591,-0.0083026,0.0022778
-5.5604e-05,-0.0011156,-0.0013984,-0.0047214,0.0012953
-4.2236e-05,-0.00084741,-0.0003781,-0.0012766,0.00035022
4.9426e-05,0.00099167,8.4624e-05,0.00028572,-7.8385e-05
0.00049489,0.0099292,0.00021718,0.00073329,-0.00020117
0.00041403,0.0083069,0.00018822,0.00063548,-0.00017434
0.00015336,0.0030769,0.00011327,0.00038243,-0.00010492
1.0142e-05,0.00020348,5.3431e-05,0.0001804,-4.9492e-05
-4.1616e-05,-0.00083497,-0.00099231,-0.0033504,0.00091915
-4.582e-05,-0.00091931,-0.0021017,-0.007096,0.0019467
-3.1198e-05,-0.00062594,-0.0011971,-0.0040417,0.0011088
-1.6095e-05,-0.00032293,-0.00032424,-0.0010947,0.00030034
-6.7693e-06,-0.00013582,7.257e-05,0.00024502,-6.722e-05
-0.0020788,0.0012052,0.00018625,0.00062884,-0.00017252
-0.014399,0.0086791,0.00016141,0.00054497,-0.00014951
-0.011909,0.0071866,9.7135e-05,0.00032796,-8.9974e-05
-0.0044059,0.0026605,4.582e-05,0.0001547,-4.2442e-05
-0.00029946,0.00018083,-0.00085096,-0.0028731,0.00078823
0.0011858,-0.00071603,-0.0018023,-0.0060852,0.0016694
0.0013056,-0.00078836,-0.0010266,-0.003466,0.00095088
0.00088893,-0.00053678,-0.00027806,-0.0009388,0.00025756
-0.001322,0.0016538,6.2234e-05,0.00021012,-5.7645e-05
-0.012154,0.013272,0.00015972,0.00053926,-0.00014794
-0.010143,0.011032,0.00013842,0.00046734,-0.00012821
-0.0037567,0.0040838,8.3299e-05,0.00028125,-7.7158e-05
-0.00025073,0.00027479,4.0016e-05,0.00013339,-3.6396e-05
0.0010169,-0.0011026,0.0088207,0.0070866,0.00067595
0.0011196,-0.001214,0.01833,0.014657,0.0014317
0.00076231,-0.00082659,0.010422,0.0083301,0.00081544
0.00039329,-0.00042645,0.0028175,0.0022509,0.00022087
0.00016541,-0.00017936,-0.0006306,-0.00050378,-4.9434e-05
5.9191e-05,-6.4182e-05,-0.0016184,-0.0012929,-0.00012687
-0.0030063,0.0009635,-0.0014026,-0.0011205,-0.00010995
-0.033476,0.010882,-0.00084406,-0.00067431,-6.6168e-05
-0.031078,0.010106,-0.00039873,-0.00031854,-3.1257e-05
-0.012316,0.0040048,-0.00015597,-0.0001246,-1.2227e-05
-0.0013868,0.00045096,0.007498,0.0059901,0.00058779
0.0027336,-0.00088892,0.015699,0.012541,0.0012306
0.0032599,-0.0010601,0.0089363,0.0071391,0.00070053
0.0022976,-0.00074714,0.0024162,0.0019303,0.00018941
0.0012137,-0.00039468,-0.00054078,-0.00043202,-4.2393e-05
0.00014057,1.4097e-05,-0.0013879,-0.0011088,-0.0001088
-0.016163,0.0078343,-0.0012028,-0.00096089,-9.4288e-05
-0.019794,0.0095672,-0.00072383,-0.00057826,-5.6743e-05
-0.0090106,0.0043535,-0.00034193,-0.00027316,-2.6805e-05
-0.0016731,0.00080787,-0.00013425,-0.00010725,-1.0524e-05
0.0013152,-0.00063508,-4.5431e-05,-3.6294e-05,-3.5614e-06
0.0019242,-0.00092912,-1.3112e-05,-1.0475e-05,-1.0279e-06
0.0014616,-0.00070575,0.0064754,0.0051732,0.00050762
0.00081131,-0.00039175,0.013476,0.010766,0.0010564
0.00036085,-0.00017424,0.0076634,0.0061222,0.00060075
0.00013506,-6.5216e-05,0.002072,0.0016553,0.00016243
4.3953e-05,-2.1223e-05,-0.00046375,-0.00037049,-3.6354e-05
1.2736e-05,-6.15e-06,-0.0011902,-0.00095083,-9.3302e-05
0,0,-0.0010315,-0.00082402,-8.0858e-05
0,0,-0.00062073,-0.00049589,-4.866e-05
0,0,-0.00029323,-0.00023426,-2.2987e-05
0,0,-0.00011512,-9.197e-05,-9.0247e-06
0,0,-3.896e-05,-3.1124e-05,-3.0541e-06
0,0,-1.1665e-05,-9.3188e-06,-9.1442e-07
0,0,0,0,0
0,0,0,0,0
0,0,0,0,0
0,0,0,0,0
0,0,0,0,0
0,0,0,0,0
