0,0,0,0,0
0,0,0,0,0
0,0,0,0,0
0,0,0,0,0
0,0,0,0,0
0,0,0,0,0
0,0,0,0,0
0,0,0,0,0
-2.2087e-07,0.0021803,0,0,0
-1.0454e-06,0.01032,0,0,0
-7.7827e-07,0.0076824,0,0,0
-2.6834e-07,0.0026488,0,0,0
-4.1339e-09,4.0806e-05,1.7236e-06,-1.711e-06,-2.6616e-09
8.7113e-08,-0.0008599,0.022785,-0.022619,-3.5186e-05
8.9438e-08,-0.00088285,0.047418,-0.047073,-7.3225e-05
5.8479e-08,-0.0021509,0.026965,-0.026769,-4.1641e-05
2.0815e-08,-0.031594,0.0072908,-0.0072378,-1.1259e-05
2.8986e-09,-0.033117,-0.0016318,0.0016199,2.5199e-06
3.515e-10,-0.014043,-0.004188,0.0041575,6.4672e-06
7.4011e-10,-0.0021307,-0.0036294,0.003603,5.6047e-06
1.0943e-09,0.0025341,-0.0021855,0.0021669,3.3729e-06
9.439e-10,0.0033216,-0.0189,-0.017298,1.2415e-06
6.899e-10,0.0024278,-0.037589,-0.037727,-1.067e-07
3.7344e-10,0.0013141,-0.021283,-0.021547,-2.0471e-07
1.6296e-10,0.00057345,-0.0057584,-0.0058218,-4.9204e-08
6.0067e-11,0.00021138,0.0012796,0.0013121,2.5199e-08
4.7572e-12,0.0047935,0.0032841,0.0033676,6.4672e-08
-9.5335e-11,0.032788,0.0028461,0.0029184,5.6047e-08
-8.3427e-11,0.027102,0.0017128,0.0017563,3.3729e-08
-3.0866e-11,0.010027,0.0008091,0.00082966,1.5933e-08
-2.0979e-12,0.00068154,0.00031766,0.00032573,6.2555e-09
8.3073e-12,-0.0026987,0.0001075,0.00011023,2.117e-09
9.1464e-12,-0.0029713,3.3447e-05,3.2991e-05,-1.2731e-06
6.2276e-12,-0.0020231,0.01666,-0.00018322,-0.016839
3.2129e-12,-0.0010437,0.034672,-0.00038129,-0.035043
1.3513e-12,-0.00043898,0.019717,-0.00021683,-0.019928
4.8258e-13,-0.00015109,0.0053309,-5.8626e-05,-0.0053881
-4.6538e-13,0.0037802,-0.0011932,1.3121e-05,0.001206
-1.006e-12,0.0064941,-0.0030622,3.3676e-05,0.003095
-5.5142e-13,0.0034223,-0.0026538,2.9184e-05,0.0026822
-1.3459e-13,0.00083529,-0.001597,1.7563e-05,0.0016142
4.7445e-14,-0.00029446,-0.00075442,8.2966e-06,0.00076251
9.5173e-14,-0.00059068,-0.00029619,3.2573e-06,0.00029937
7.8681e-14,-0.00048832,-0.00010057,7.5999e-07,0.0001013
4.6048e-14,-0.00028579,-0.0043873,-0.0045254,-0.00013806
2.1309e-14,-0.00013225,-0.0090679,-0.0094185,-0.00035043
8.2311e-15,-5.1085e-05,-0.0051566,-0.005356,-0.00019928
2.7488e-15,-1.706e-05,-0.0013942,-0.0014481,-5.3881e-05
-6.4071e-16,-0.00028121,0.00031206,0.00032412,1.206e-05
-1.0087e-14,-0.0019149,0.00080088,0.00083184,3.095e-05
-8.3427e-15,-0.0015838,0.00069406,0.00072089,2.6822e-05
-3.0866e-15,-0.00058598,0.00041769,0.00043383,1.6142e-05
-2.0979e-16,-3.9828e-05,0.00019571,0.00020493,7.7011e-06
8.3073e-16,0.00015771,-0.021078,3.5203e-05,0.0010066
9.1464e-16,0.00017364,-0.043999,-6.6955e-05,0.0020897
6.2276e-16,0.00011823,-0.025028,-4.5407e-05,0.001188
3.2129e-16,6.0994e-05,-0.0067692,-1.4481e-05,0.00032114
1.3067e-16,0.0014017,0.0015151,3.2412e-06,-7.1877e-05
-4.0592e-17,0.027457,0.0038883,8.3184e-06,-0.00018447
-7.86e-17,0.028937,0.0033697,7.2089e-06,-0.00015986
-3.5524e-17,0.012278,0.0020279,4.3383e-06,-9.6207e-05
-6.0172e-18,0.0018568,0.00095914,3.2471e-06,-4.5446e-05
7.2115e-18,-0.0022254,0.015998,0.015834,-7.8066e-06
9.439e-18,-0.0029128,0.032638,0.032951,1.4848e-05
6.899e-18,-0.002129,0.018526,0.018738,1.0069e-05
3.7344e-18,-0.0011524,0.0049987,0.0050663,3.2114e-06
1.6296e-18,-0.00050287,-0.0011188,-0.0011339,-7.1877e-07
-0.00087424,-0.0001716,-0.0028714,-0.0029102,-1.8447e-06
-0.017438,0.00021491,-0.0024884,-0.002522,-1.5986e-06
-0.018382,0.00027226,-0.0014975,-0.0015178,-9.6207e-07
-0.0077996,0.00012277,-0.00070741,-0.00071697,-4.5447e-07
-0.0011797,1.8568e-05,-0.00027774,-0.00028149,-1.7843e-07
0.0014138,-2.2254e-05,-9.399e-05,-9.5261e-05,-6.0383e-08
0.0018505,-2.9128e-05,-2.8129e-05,-2.851e-05,-1.8072e-08
0.0013526,-2.129e-05,0.00015622,0.00015833,1.0036e-07
0.00073213,-1.1524e-05,0.00032511,0.0003295,2.0886e-07
0.00029096,0.0022769,0.00018488,0.00018738,1.1877e-07
-7.9993e-05,0.015822,4.9987e-05,5.0663e-05,3.2114e-08
-0.00012571,0.013087,-1.0275e-05,-1.0427e-05,-7.1876e-09
-4.9662e-05,0.0048418,0.012037,0.012036,-1.7443e-08
-4.113e-06,0.0003291,0.025084,0.025084,-1.3898e-08
1.6286e-05,-0.0013032,0.014264,0.014263,-8.4329e-09
1.7932e-05,-0.0014348,0.0038536,0.0038535,-4.2236e-09
1.2209e-05,-0.00097693,-0.00086685,-0.00086689,-1.8562e-09
6.2988e-06,-0.00050401,-0.0022186,-0.0022186,-7.883e-10
2.6492e-06,-0.00021197,-0.0019221,-0.0019221,-3.4066e-10
-0.00018301,-7.2911e-05,-0.0011566,-0.0011566,-9.6207e-11
-0.0079304,0.0001031,-0.00054635,-0.00054635,-4.5447e-11
-0.0096291,0.00014738,-0.0002145,-0.0002145,-1.7843e-11
-0.0043784,7.0054e-05,-7.2591e-05,-7.2591e-05,-6.0383e-12
-0.00081145,1.2983e-05,-2.1734e-05,-2.1734e-05,-1.8079e-12
0.00063789,-1.0206e-05,9.1266e-09,9.1266e-09,7.5918e-16
0.00093325,-1.4932e-05,0.00012065,0.00012065,1.0036e-11
0.00070888,-1.1342e-05,0.00025109,0.00025109,2.0886e-11
0.00039349,-6.2958e-06,0.00014279,0.00014279,1.1877e-11
-0.00028662,-2.7708e-06,3.8606e-05,3.8606e-05,3.2114e-12
-0.019837,2.2083e-07,-8.6408e-06,-8.6408e-06,-7.1877e-13
-0.024143,1.1996e-06,-2.2176e-05,-2.2176e-05,-1.8447e-12
-0.010981,6.0171e-07,-1.9218e-05,-1.9218e-05,-1.5986e-12
-0.0020363,1.2983e-07,-1.1566e-05,-1.1566e-05,-9.6207e-13
0.0016008,-1.0206e-07,-5.4635e-06,-5.4635e-06,-4.5447e-13
0.002342,-1.4932e-07,-2.145e-06,-2.145e-06,-1.7843e-13
0.0017789,-1.1342e-07,-7.2582e-07,-7.2582e-07,-6.0376e-14
0.00098746,-6.2958e-08,9.8919e-07,9.8919e-07,8.2284e-14
0.0004392,-2.8003e-08,2.5109e-06,2.5109e-06,2.0886e-13
0.00016439,-1.0481e-08,1.4279e-06,1.4279e-06,1.1877e-13
5.3496e-05,-3.4108e-09,3.8606e-07,3.8606e-07,3.2114e-14
-2.0288e-05,1.2935e-09,-8.6408e-08,-8.6408e-08,-7.1877e-15
-0.00024818,1.5823e-08,-2.2176e-07,-2.2176e-07,-1.8447e-14
-0.00020527,1.3087e-08,-1.9218e-07,-1.9218e-07,-1.5986e-14
-7.5944e-05,4.842e-09,-1.0359e-07,-1.0359e-07,-8.617e-15
-5.1618e-06,3.291e-10,-2.9526e-08,-2.9526e-08,-2.4561e-15
2.0439e-05,-1.3032e-09,-7.1715e-09,-7.1715e-09,-5.9655e-16
2.2504e-05,-1.4348e-09,-3.3985e-09,-3.3985e-09,-2.8269e-16
1.511e-05,0.0044472,-3.0375e-09,-3.0375e-09,-2.5267e-16
5.5516e-06,0.049226,-2.2176e-09,-2.2176e-09,-1.8447e-16
1.1402e-06,0.045691,-1.9218e-09,-1.9218e-09,-1.5986e-16
3.2406e-07,0.018107,-1.1566e-09,-1.1566e-09,-9.6207e-17
2.7563e-07,0.0020389,-5.4635e-10,-5.4635e-10,-4.5447e-17
2.9696e-07,-0.004019,-2.145e-10,-2.145e-10,-1.7843e-17
2.2914e-07,-0.0047928,-7.2591e-11,-7.2591e-11,-6.0383e-18
1.615e-07,-0.003378,-1.9962e-06,-2.1725e-11,-1.9962e-06
8.5314e-08,-0.0017844,-0.026389,1.2065e-10,-0.026389
3.654e-08,-0.00076429,-0.054919,2.5109e-10,-0.054919
1.3269e-08,-0.00027754,-0.03123,1.4279e-10,-0.03123
4.212e-09,-8.8099e-05,-0.0084441,3.8606e-11,-0.0084441
1.1953e-09,-2.5001e-05,0.0018899,-8.6408e-12,0.0018899
0,0,0.0048504,-2.2176e-11,0.0048504
0,0,0.0042035,-1.9218e-11,0.0042035
0,0,0.0025297,-1.1566e-11,0.0025297
-3.579e-09,7.486e-05,0.001195,-5.4635e-12,0.001195
-2.4818e-08,0.00051911,0.00046914,-2.1449e-12,0.00046914
-2.0527e-08,0.00042934,-0.00010512,4.8062e-13,-0.00010512
-7.5944e-09,0.00015885,-0.00050165,2.2936e-12,-0.00050165
-5.1618e-10,1.0797e-05,-0.0003123,1.4279e-12,-0.0003123
2.033e-09,-0.00063263,-8.4441e-05,3.8606e-13,-8.4441e-05
2.0316e-09,-0.011813,1.8899e-05,-8.6408e-14,1.8899e-05
1.3016e-09,-0.012435,4.8504e-05,-2.2176e-13,4.8504e-05
6.9262e-10,-0.0052792,4.2548e-05,-5.1331e-07,4.2035e-05
3.1766e-10,-0.00080292,0.0068085,-0.0067858,2.2658e-05
1.3672e-10,0.00095146,0.014128,-0.014122,6.458e-06
6.0535e-11,0.0012478,0.0080323,-0.0080307,1.5686e-06
0.00043712,0.0009065,0.0021721,-0.0021713,7.4332e-07
0.008719,0.00037634,-0.00048532,0.00048598,6.6437e-07
0.0091912,9.153e-05,-0.0012468,0.0012472,4.8504e-07
0.0038998,2.6831e-05,-0.0010805,0.0010809,4.2035e-07
0.00058984,1.7576e-05,-0.00065023,0.00065048,2.5296e-07
-0.00070691,1.6861e-05,-0.00023933,0.00023942,9.3109e-08
-0.00092526,1.2486e-05,2.057e-05,-2.0578e-05,-8.0027e-09
-0.00067628,9.1262e-06,3.9465e-05,-3.948e-05,-1.5353e-08
-0.00036607,4.94e-06,9.4857e-06,-9.4894e-06,-3.6903e-09
-0.00014548,-0.0028499,-4.8579e-06,4.8598e-06,1.8899e-09
3.9997e-05,-0.019776,-1.2468e-05,1.2472e-05,4.8504e-09
6.2857e-05,-0.016357,-1.0805e-05,1.0809e-05,4.2035e-09
2.4831e-05,-0.0060517,-6.5023e-06,6.5048e-06,2.5297e-09
2.0565e-06,-0.00041133,-3.0716e-06,3.0728e-06,1.195e-09
-8.1432e-06,0.0016287,-1.2059e-06,1.2064e-06,4.6916e-10
-8.9658e-06,0.0017933,-4.0811e-07,4.0827e-07,1.5877e-10
-6.1046e-06,0.001221,-1.2219e-07,1.2224e-07,4.7537e-11
-3.1494e-06,0.00062993,2.2814e-06,-2.2814e-06,-1.9962e-14
-1.3246e-06,0.00026493,0.03016,-0.03016,-2.6389e-10
-4.74e-07,9.4806e-05,0.062766,-0.062766,-5.4919e-10
-1.4865e-07,2.9732e-05,0.035693,-0.035693,-3.123e-10
-4.1757e-08,8.3519e-06,0.0096506,-0.0096506,-8.4441e-11
0,0,-0.00216,0.00216,1.8899e-11
9.4759e-10,2.35e-05,-0.0055434,0.0055434,4.8504e-11
6.0484e-07,0.015,-0.0048041,0.0048041,4.2035e-11
1.0279e-06,0.025491,-0.0028911,0.0028911,2.5297e-11
5.4053e-07,0.013405,-0.0013657,0.0013657,1.195e-11
1.3193e-07,0.0032718,-0.00053522,0.00053522,4.6914e-12
-4.6507e-08,-0.0011534,0.012687,-0.012687,-1.0512e-12
-9.3293e-08,-0.0023137,0.026725,-0.026725,-5.0165e-12
-7.7127e-08,-0.0019128,0.015229,-0.015229,-3.123e-12
-4.5138e-08,-0.0011194,0.0041175,-0.0041175,-8.4441e-13
-1.9463e-08,-0.0034771,-0.00092156,0.00092156,1.8899e-13
1.8192e-09,-0.020719,-0.0023643,0.0023659,4.8504e-13
5.4834e-09,-0.017038,0.0086347,0.012477,3.9396e-13
2.2278e-09,-0.0062986,0.021002,0.022933,1.9805e-13
2.0565e-10,-0.00042676,0.012062,0.012923,8.8268e-14
-8.1432e-10,0.0016899,0.00319,0.0035652,3.8472e-14
-0.0013114,0.0018515,-0.00084261,-0.00066933,1.7767e-14
-0.026157,0.0010859,-0.001987,-0.0018933,9.6041e-15
-0.027574,0.00046283,-0.0017019,-0.0016609,4.2035e-15
-0.011699,0.00019395,-0.0010242,-0.00099953,2.5297e-15
-0.0017695,8.6123e-05,-0.00048382,-0.00047217,1.195e-15
0.0021207,4.5517e-05,-0.00018995,-0.00018538,4.6916e-16
0.0027758,2.7866e-05,-6.4275e-05,-6.2727e-05,1.5875e-16
0.0020288,1.4034e-05,8.7598e-05,8.5488e-05,-2.1636e-16
0.0010982,7.5966e-06,0.00022235,0.000217,-5.4919e-16
0.00041426,0.010287,0.00012644,0.0001234,-3.123e-16
-0.00013079,0.048676,3.4188e-05,3.3365e-05,-8.4441e-17
-0.0001721,0.036236,-5.8457e-06,-5.6614e-06,1.8899e-17
-6.2636e-05,0.012494,0.023858,0.023858,4.5865e-17
-1.2157e-06,0.00019247,0.049674,0.049674,3.6543e-17
2.5618e-05,-0.004056,0.028247,0.028247,2.2174e-17
2.6301e-05,-0.0041642,0.0076354,0.0076355,1.1105e-17
0.00086417,-0.0027033,-0.0017119,-0.0017119,4.8806e-18
0.0093822,-0.00093793,-0.0043893,-0.0043893,2.0728e-18
0.0087041,-0.00015814,-0.0038035,-0.0038035,8.9572e-19
0.0034491,-3.7785e-05,-0.0020501,-0.0020501,2.2658e-19
0.00038864,-4.4029e-05,-0.00058432,-0.00058432,6.458e-20
-0.00076519,-5.3736e-05,-0.00014192,-0.00014192,1.5686e-20
-0.0020011,-4.3154e-05,-6.7255e-05,-6.7255e-05,7.4332e-21
-0.022353,-2.642e-05,-6.0112e-05,-6.0112e-05,6.6437e-21
-0.023226,-1.1779e-05,-4.3887e-05,-4.3887e-05,4.8504e-21
-0.0098561,-5.0624e-06,-3.8033e-05,-3.8033e-05,4.2035e-21
-0.0015215,-2.2308e-06,-2.2888e-05,-2.2888e-05,2.5296e-21
0.0017434,-1.1328e-06,-8.4245e-06,-8.4245e-06,9.3109e-22
0.0022991,-6.6567e-07,7.2408e-07,7.2408e-07,-8.0027e-23
0.0016839,-3.2122e-07,1.3892e-06,1.3892e-06,-1.5353e-22
0.0009115,-1.7387e-07,3.339e-07,3.339e-07,-3.6903e-23
0.00037666,0.0015247,-1.71e-07,-1.71e-07,1.8899e-23
-8.6857e-05,0.016877,-4.3887e-07,-4.3887e-07,4.8504e-23
-0.00016959,0.015666,-3.8033e-07,-3.8033e-07,4.2035e-23
-7.2367e-05,0.006208,-2.2888e-07,-2.2888e-07,2.5297e-23
-9.6703e-06,0.00069906,-1.0812e-07,-1.0812e-07,1.195e-23
1.9062e-05,-0.001378,-4.245e-08,-4.245e-08,4.6916e-24
2.2732e-05,-0.0016433,1.3925e-06,-1.4364e-08,-6.8441e-07
1.6021e-05,-0.0011582,0.018598,1.9576e-08,-0.0090478
8.4634e-06,-0.00061181,0.038705,4.9691e-08,-0.018829
3.6249e-06,-0.00026204,0.02201,2.8257e-08,-0.010708
7.7722e-07,0.013476,0.0059511,7.6402e-09,-0.0028951
-2.1339e-06,0.064203,-0.0013319,-1.71e-09,0.00064797
-1.781e-06,0.04781,-0.0034184,-4.3887e-09,0.001663
-6.5498e-07,0.016488,-0.0029625,-3.8033e-09,0.0014412
-1.009e-08,0.00025399,-0.0017828,-2.2888e-09,0.00086731
2.1263e-07,-0.0053524,-0.00084454,-1.0812e-09,0.00040733
2.183e-07,-0.0054952,-0.031561,-1.8573e-10,-0.031346
1.4383e-07,-0.0036205,-0.065104,3.5325e-10,-0.065513
7.2517e-08,-0.0018254,-0.036993,2.3956e-10,-0.03727
2.9961e-08,-0.0007542,-0.0099929,7.6402e-11,-0.010081
1.0569e-08,-0.00026604,0.0022366,-1.71e-11,0.0022564
3.2752e-09,-8.2445e-05,0.0057401,-4.3887e-11,0.0057909
9.1085e-10,-2.2929e-05,0.0049745,-3.8033e-11,0.0050186
-0.0028518,8.9376e-05,0.0029937,-2.2888e-11,0.0030202
-0.019775,0.00061976,0.0014142,-1.0812e-11,0.0014267
-0.016356,0.00051259,0.00055519,-4.2448e-12,0.00056011
-0.0060513,0.00018965,-0.0001244,9.5114e-13,-0.00012551
-0.0004113,1.289e-05,-0.00059367,4.5389e-12,-0.00059892
0.0016286,-5.1041e-05,-0.00036959,2.8257e-12,-0.00037286
-0.0025131,-5.5304e-05,-9.9929e-05,7.6402e-13,-0.00010081
-0.02864,-3.2066e-05,2.2366e-05,-1.71e-13,2.2564e-05
-0.024067,-1.4615e-05,5.7401e-05,-4.3887e-13,5.7909e-05
-0.0088726,-6.406e-06,4.9745e-05,-3.8033e-13,5.0186e-05
-0.00052626,-2.8421e-06,2.9937e-05,-2.2888e-13,3.0202e-05
0.002489,-1.4421e-06,1.4142e-05,-1.0812e-13,1.4267e-05
0.002716,-8.237e-07,2.4292e-06,-1.8573e-14,2.4507e-06
0.0018436,-3.8264e-07,-4.6203e-06,3.5325e-14,-4.6612e-06
0.00095113,-1.9741e-07,-3.1333e-06,2.3956e-14,-3.1611e-06
0.00040002,-8.3025e-08,-9.9929e-07,7.6402e-15,-1.0081e-06
0.00014315,-2.971e-08,2.2366e-07,-1.71e-15,2.2564e-07
1.8293e-06,0.0017824,5.7401e-07,-4.3887e-15,5.7909e-07
-0.000286,0.01236,4.9745e-07,-3.8033e-15,5.0186e-07
-0.00024697,0.010222,2.9937e-07,-2.2888e-15,3.0202e-07
-9.1375e-05,0.0037821,1.4142e-07,-1.0812e-15,1.4267e-07
-6.2106e-06,0.00025706,5.308e-07,-4.2448e-16,-4.1927e-07
2.4592e-05,-0.0010179,0.0062832,9.5114e-17,-0.0062832
2.7077e-05,-0.0011207,0.013076,4.5389e-16,-0.013076
1.8436e-05,-0.00076308,0.0074358,2.8257e-16,-0.0074359
9.0806e-06,-0.0025147,0.0020105,7.6402e-17,-0.0020105
1.0141e-06,-0.014874,-0.00044998,-1.71e-17,0.00044998
-1.0383e-06,-0.012224,-0.0011549,-4.3887e-17,0.0011549
-4.6483e-07,-0.0045193,-0.0010008,-3.8033e-17,0.0010008
6.3999e-08,-0.00031112,-0.0006023,-2.2888e-17,0.0006023
2.4592e-07,0.0012113,-0.00028394,5.7034e-07,0.00028452
2.7077e-07,0.0013337,0.007491,0.0075398,4.8873e-05
1.8436e-07,0.00090806,0.015784,0.015691,-9.2957e-05
9.5113e-08,0.00046848,0.008986,0.008923,-6.304e-05
4.0002e-08,0.00019703,0.0024327,0.0024126,-2.0105e-05
1.4315e-08,7.0507e-05,-0.00054448,-0.00053998,4.4998e-06
1.931e-09,0.0020849,-0.0013974,-0.0013858,1.1549e-05
-2.7055e-08,0.022839,-0.001211,-0.001201,1.0008e-05
-2.6283e-08,0.021193,-0.00072878,-0.00072276,6.023e-06
-1.0416e-08,0.0083985,-0.00034427,-0.00034142,2.8452e-06
-1.1729e-09,0.00094572,-0.00013516,-0.00013405,1.1171e-06
2.3119e-09,-0.0018642,-4.5742e-05,-4.5363e-05,3.7803e-07
2.757e-09,-0.0022231,-1.561e-05,-1.1656e-05,1.1314e-07
1.9432e-09,-0.0015668,-0.025308,0.025459,-6.2832e-07
1.0265e-09,-0.00082769,-0.052668,0.052984,-1.3076e-06
4.3965e-10,-0.0003545,-0.029951,0.03013,-7.4359e-07
1.1659e-10,-9.4009e-05,-0.0080981,0.0081465,-2.0105e-07
-2.4793e-10,0.00019992,0.0018125,-0.0018233,4.4998e-08
-2.3259e-10,0.00018755,0.0046516,-0.0046795,1.1549e-07
-9.1375e-11,7.3679e-05,0.0037782,-0.0038008,9.38e-08
-6.2106e-12,5.0078e-06,0.0018993,-0.0019107,4.7154e-08
2.4592e-11,-1.983e-05,0.00084651,-0.00085158,2.1016e-08
2.7077e-11,-2.1833e-05,0.00036896,-0.00037116,9.16e-09
1.8436e-11,-1.4865e-05,0.00017039,-0.00017141,4.2303e-09
9.5113e-12,-7.6692e-06,9.2106e-05,-9.2657e-05,2.2867e-09
4.0002e-12,-3.2255e-06,4.0312e-05,-4.0554e-05,1.0008e-09
1.0008e-12,0.0014251,2.426e-05,-2.4405e-05,6.023e-10
-2.5372e-12,0.0098898,1.146e-05,-1.1529e-05,2.8452e-10
-2.3436e-12,0.0081798,4.4994e-06,-4.5263e-06,1.1171e-10
-9.1375e-13,0.0030264,2.6632e-06,-1.5316e-06,-3.8019e-07
-6.2106e-14,0.0002057,0.015078,2.0873e-06,-0.0050266
2.4592e-13,-0.00081452,0.031377,5.2984e-06,-0.010461
2.7077e-13,-0.00089679,0.017843,3.013e-06,-0.0059487
-0.00045979,-0.00060877,0.0048244,8.1465e-07,-0.0016084
-0.019823,-0.00023571,-0.0010798,-1.8233e-07,0.00035999
-0.024068,-3.6194e-05,-0.0027712,-4.6795e-07,0.00092389
-0.010944,-3.6251e-06,-0.0024016,-4.0554e-07,0.00080066
-0.0020282,-6.7535e-06,-0.0014453,-2.4405e-07,0.00048184
0.0015944,-1.0556e-05,-0.00053196,-8.9828e-08,0.00017735
0.0023326,-9.3329e-06,4.5722e-05,7.7207e-09,-1.5243e-05
0.0017718,-7.0891e-06,8.7718e-05,1.4812e-08,-2.9244e-05
0.00098353,-3.9351e-06,2.1084e-05,3.5603e-09,-7.0292e-06
0.00043745,-1.7502e-06,-1.0798e-05,-1.8233e-09,3.5999e-06
0.00012808,-0.001569,-2.7712e-05,-4.6795e-09,9.2389e-06
-0.00019391,-0.010876,-2.4016e-05,-4.0554e-09,8.0066e-06
-0.00018901,-0.0089949,-1.4453e-05,-2.4405e-09,4.8184e-06
-7.5642e-05,-0.0033279,-7.2455e-06,-4.194e-07,2.2761e-06
-5.1412e-06,-0.00022619,-0.0055304,-0.0055292,3.9098e-07
2.0358e-05,0.00089567,-0.011505,-0.011507,-7.4365e-07
2.2414e-05,0.00098614,-0.006542,-0.0065435,-5.0432e-07
1.5261e-05,0.00067144,-0.0017687,-0.0017692,-1.6084e-07
7.6618e-06,0.0030054,0.00039588,0.00039598,3.5999e-08
9.6737e-07,0.029578,0.001016,0.0010163,9.2389e-08
-9.9078e-07,0.027371,0.00087929,0.00088192,8.0066e-08
-4.906e-07,0.010842,-0.015359,0.016308,4.3157e-08
7.3005e-09,0.0012237,-0.032816,0.033087,1.2301e-08
1.9138e-07,-0.002403,-0.018705,0.018771,2.9877e-09
2.2823e-07,-0.0028657,-0.0050509,0.005082,1.4158e-09
0.0025414,-0.0019931,0.0011479,-0.00112,1.2655e-09
0.028129,-0.00077261,0.0029204,-0.0029001,9.2389e-10
0.026109,-0.00018378,0.0025309,-0.0025133,8.0066e-10
0.010347,-5.7682e-05,0.0015231,-0.0015125,4.8184e-10
0.0011651,-4.0484e-05,0.00056061,-0.0005567,1.7735e-10
-0.0022966,-3.8978e-05,-4.8184e-05,4.7848e-05,-1.5243e-11
-0.0027388,-2.8657e-05,-9.2441e-05,9.1798e-05,-2.9244e-11
-0.0018875,0.0071098,-2.2219e-05,2.2065e-05,-7.0292e-12
-0.00072305,0.049431,1.1379e-05,-1.13e-05,3.5999e-12
-0.0001914,0.040887,2.9204e-05,-2.9001e-05,9.2389e-12
-6.7824e-05,0.015128,2.3408e-05,-2.3232e-05,8.0066e-12
-4.4173e-05,0.0010278,-0.025119,0.025119,4.3157e-12
-3.8716e-05,-0.004072,-0.0523,0.0523,1.2301e-12
-2.6897e-05,-0.0044832,-0.029742,0.029742,2.9877e-13
-1.8314e-05,-0.0030525,-0.0080415,0.0080415,1.4158e-13
-9.4483e-06,-0.0015748,0.0018003,-0.0018003,1.2655e-13
-1.8185e-05,-0.00066186,0.0046197,-0.0046197,9.2389e-14
-0.0090722,6.5425e-05,0.0040036,-0.0040036,8.0066e-14
-0.015416,0.00043964,0.0024094,-0.0024094,4.8184e-14
-0.0081064,0.0002494,0.0011382,-0.0011382,2.2762e-14
-0.0019785,6.5968e-05,0.00044685,-0.00044685,8.9364e-15
0.00069747,-2.3255e-05,0.00015122,-0.00015122,3.0242e-15
0.0013991,-4.6649e-05,4.5257e-05,-4.5257e-05,9.0509e-16
0.0011567,-3.8566e-05,-0.00025134,0.00025134,-5.0266e-15
0.00067694,-2.2571e-05,-0.00052307,0.00052307,-1.0461e-14
0.00031326,-1.0445e-05,-0.00029745,0.00029745,-5.9487e-15
-0.0034652,-3.3215e-06,-8.0425e-05,8.0425e-05,-1.6084e-15
-0.024827,3.5969e-06,1.8e-05,-1.8e-05,3.5999e-16
-0.020555,3.6903e-06,4.6197e-05,-4.6197e-05,9.2388e-16
-0.0076095,1.5129e-06,3.7522e-05,-3.7522e-05,7.504e-16
-0.00051721,1.0283e-07,1.8863e-05,-1.8863e-05,3.7723e-16
0.002048,-4.0718e-07,8.407e-06,-8.407e-06,1.6813e-16
0.0022549,-4.4832e-07,3.6642e-06,-3.6642e-06,7.328e-17
0.0015353,-3.0525e-07,1.6922e-06,-1.6922e-06,3.3842e-17
0.00078108,0.0014642,9.1474e-07,-9.1474e-07,1.8294e-17
0.00011385,0.029209,4.0036e-07,-4.0036e-07,8.0066e-18
-0.00011195,0.030791,2.4094e-07,-2.4094e-07,4.8184e-18
-6.0695e-05,0.013064,1.1382e-07,-1.1382e-07,2.2762e-18
-4.3326e-06,0.001976,4.4685e-08,-4.4685e-08,8.9364e-19
1.7779e-05,-0.0023681,-1.2586e-06,1.2586e-06,3.0239e-19
2.327e-05,-0.0030996,-0.016839,0.016839,-4.1211e-19
1.7008e-05,-0.0022655,-0.035043,0.035043,-1.0461e-18
9.2065e-06,-0.0012263,-0.019928,0.019928,-5.9487e-19
4.0174e-06,-0.00053512,-0.0053881,0.0053881,-1.6084e-19
1.4809e-06,-0.00019725,0.001206,-0.001206,3.5999e-20
1.1728e-07,-1.5622e-05,0.003095,-0.003095,9.2389e-20
-2.3503e-06,0.00031306,0.0026822,-0.0026822,8.0066e-20
-2.0567e-06,0.00027396,0.0016142,-0.0016142,4.8184e-20
-7.6095e-07,0.00010136,0.00076252,-0.00076252,2.2762e-20
-5.1721e-08,6.8893e-06,0.00030031,-0.00029936,8.936e-21
2.048e-07,-2.728e-05,0.012499,6.7078e-05,-2.0023e-21
2.2549e-07,-3.0035e-05,0.025832,0.0003201,-9.5552e-21
1.5353e-07,-2.045e-05,0.014672,0.00019928,-5.9487e-21
7.9208e-08,-1.0551e-05,0.0039671,5.3881e-05,-1.6084e-21
3.3313e-08,-4.4373e-06,-0.0008879,-1.206e-05,3.5999e-22
8.3348e-09,0.0076988,-0.0022788,-3.095e-05,9.2389e-22
-2.1129e-08,0.053397,-0.0019748,-2.6822e-05,8.0066e-22
-1.9517e-08,0.044163,-0.0011905,-1.4088e-05,4.8184e-22
-7.6095e-09,0.01634,-0.027581,0.027137,1.7735e-22
-5.1721e-10,0.0011106,-0.05645,0.056488,-1.5243e-23
2.048e-09,-0.0043976,-0.032051,0.032124,-2.9244e-23
2.2549e-09,-0.0048418,-0.008668,0.0086856,-7.0292e-24
-0.0021389,-0.0032197,0.001935,-0.001944,3.5999e-24
-0.014832,-0.0011668,0.0049662,-0.0049893,9.2389e-24
-0.012267,-0.00027368,0.0043038,-0.0043238,8.0066e-24
-0.0045385,-9.2578e-05,0.0023199,-0.0023306,4.3157e-24
-0.00030847,-6.9169e-05,0.00066122,-0.00066429,1.2301e-24
0.0012215,-6.6526e-05,0.0001606,-0.00016135,2.9877e-25
0.0013449,-4.8418e-05,7.6106e-05,-7.646e-05,1.4158e-25
0.00091569,-3.2967e-05,6.8023e-05,-6.8339e-05,1.2655e-25
0.0004123,-1.4844e-05,4.9662e-05,-4.9893e-05,9.2389e-26
4.0809e-05,-1.4692e-06,4.3038e-05,-4.3239e-05,8.0066e-26
-2.6478e-05,9.5326e-07,2.5901e-05,-2.6021e-05,4.8184e-26
-6.5415e-06,2.3551e-07,1.2235e-05,-1.2292e-05,2.2762e-26
9.883e-06,-3.5581e-07,4.8036e-06,-4.826e-06,8.9364e-27
1.3621e-05,-4.904e-07,1.6256e-06,-1.6332e-06,3.0242e-27
1.2425e-05,-4.4732e-07,4.8652e-07,-4.8878e-07,9.0509e-28
7.6969e-06,-2.7711e-07,-2.7019e-06,2.7145e-06,-5.0266e-27
3.7136e-06,-1.337e-07,-5.623e-06,5.6491e-06,-1.0461e-26
1.4824e-06,-5.3371e-08,-3.1976e-06,3.2125e-06,-5.9487e-27
5.0853e-07,-1.8308e-08,-8.6457e-07,8.6859e-07,-1.6084e-27
1.264e-07,-4.5505e-09,1.935e-07,-1.944e-07,3.5999e-28
-1.1894e-06,4.282e-08,4.9662e-07,-4.9893e-07,9.2389e-28
-1.4441e-06,5.1991e-08,4.3038e-07,-4.3239e-07,8.0066e-28
-6.5663e-07,2.364e-08,2.5901e-07,-2.6021e-07,4.8184e-28
-1.2169e-07,4.3812e-09,-1.9689e-06,-1.2292e-07,2.2761e-28
9.5665e-08,-3.4442e-09,-0.027646,-2.1114e-08,3.9098e-29
1.3996e-07,-5.0388e-09,-0.057534,4.016e-08,-7.4365e-29
1.0631e-07,-3.8274e-09,-0.032718,2.7235e-08,-5.0432e-29
5.9012e-08,-2.1246e-09,-0.0088462,8.6859e-09,-1.6084e-29
-0.0021177,-8.9921e-10,0.0019799,-1.944e-09,3.5999e-30
-0.023441,1.5267e-10,0.0050814,-4.9893e-09,9.2389e-30
-0.021758,3.549e-10,0.0044036,-4.3238e-09,8.0066e-30
-0.0086222,1.529e-10,0.0023737,-2.3306e-09,4.3157e-30
-0.00097091,2.0973e-11,0.00067655,-6.6429e-10,1.2301e-30
0.0019138,-4.1341e-11,0.00016433,-1.6135e-10,2.9877e-31
0.0022823,-4.9301e-11,7.7871e-05,-7.646e-11,1.4158e-31
0.0016086,-3.4747e-11,6.96e-05,-6.8339e-11,1.2655e-31
0.00082856,0.0021177,5.0814e-05,-4.9893e-11,9.2389e-32
0.00012954,0.023441,4.4037e-05,-4.3239e-11,8.0066e-32
-8.5416e-05,0.021758,2.6501e-05,-2.6021e-11,4.8184e-32
-4.427e-05,0.0086222,1.2519e-05,-1.2292e-11,2.2762e-32
2.1962e-06,0.00097091,5.8654e-06,-9.5057e-07,8.936e-33
1.9138e-05,-0.0019138,0.012565,-0.012566,-2.0023e-33
2.2823e-05,-0.0022823,0.026147,-0.026152,-9.5552e-33
1.6086e-05,-0.0016086,0.014868,-0.014872,-5.9487e-33
8.4974e-06,-0.00084974,0.0040201,-0.004021,-1.6084e-33
3.6395e-06,-0.00036395,-0.00089977,0.00089996,3.5999e-34
1.1098e-06,0.0010326,-0.0023092,0.0023097,9.2389e-34
-1.9246e-06,0.01285,-0.0020012,0.0020017,8.0066e-34
-2.0567e-06,0.011955,-0.0012043,0.0012046,4.8184e-34
-8.6222e-07,0.0047422,-0.00056892,0.00056904,2.2762e-34
-9.7091e-08,0.000534,-0.00022493,0.0002234,-5.1331e-07
1.9138e-07,-0.0010526,-0.02081,-5.0058e-05,-0.0067858
2.2823e-07,-0.0012553,-0.043173,-0.00023888,-0.014122
1.6086e-07,-0.00088471,-0.024538,-0.00014872,-0.0080307
8.3881e-08,-0.00030835,-0.0066346,-4.021e-05,-0.0021713
1.4597e-08,0.0029714,0.0014849,8.9996e-06,0.00048598
-9.7618e-09,0.0032706,0.003811,2.3097e-05,0.0012472
-5.5544e-09,0.0013955,0.0033027,2.0017e-05,0.0010809
-2.8406e-10,0.000208,0.0019876,1.2046e-05,0.00065048
1.7673e-09,-0.00025714,0.00093934,5.6903e-06,0.00030714
2.3131e-09,-0.00033656,0.0059418,9.7746e-07,-0.0017065
1.6907e-09,-0.000246,0.011723,-1.8591e-06,-0.0037616
9.1516e-10,-0.00013316,0.0066329,-1.2608e-06,-0.0021501
3.9935e-10,-5.8105e-05,0.0017833,-4.021e-07,-0.00058465
1.472e-10,-2.1418e-05,-0.00039913,8.9996e-08,0.00013085
4.7306e-11,-6.883e-06,-0.0010244,2.3097e-07,0.00033583
-7.6129e-12,0.0053378,-0.00088774,2.0017e-07,0.00029104
-2.3441e-10,0.059105,-0.00053424,1.2046e-07,0.00017515
-2.1758e-10,0.054861,-0.00025237,5.6904e-08,8.2739e-05
-8.6222e-11,0.02174,-9.9082e-05,2.2341e-08,3.2484e-05
-9.7091e-12,0.0024481,-3.3531e-05,7.5606e-09,1.0993e-05
1.9138e-11,-0.0048256,-1.2431e-05,2.2627e-09,8.9458e-07
2.2823e-11,-0.0057547,-0.031612,-1.2566e-08,-0.031686
1.6086e-11,-0.0040559,-0.065787,-2.6152e-08,-0.065941
8.4974e-12,-0.0021426,-0.037411,-1.4872e-08,-0.037498
-0.0021389,-0.0008278,-0.010115,-4.021e-09,-0.010139
-0.014832,0.00029005,0.0022639,8.9996e-10,0.0022692
-0.012267,0.00040973,0.0058102,2.3097e-09,0.0058238
-0.0045385,0.00016071,0.0047192,1.876e-09,0.0047302
-0.00030847,1.2963e-05,0.0023724,9.4308e-10,0.0023779
0.0012215,-5.1332e-05,0.0010574,4.2032e-10,0.0010598
0.0013449,-5.6517e-05,0.00046085,1.832e-10,0.00046193
0.00091569,-3.8481e-05,0.00021283,8.4605e-11,0.00021333
0.00047241,-1.9853e-05,0.00011505,4.5734e-11,0.00011532
0.0001773,-7.4508e-06,5.0353e-05,2.0017e-11,5.0471e-05
-7.7217e-05,3.245e-06,3.0303e-05,1.2046e-11,3.0373e-05
-0.00010037,4.218e-06,1.4314e-05,5.6903e-12,1.4348e-05
-3.9121e-05,1.644e-06,2.4589e-06,9.7746e-13,2.4646e-06
-3.0847e-06,1.2963e-07,-4.6767e-06,-1.8591e-12,-4.6877e-06
1.2215e-05,-5.1332e-07,-3.1716e-06,-1.2608e-12,-3.179e-06
1.3235e-05,-0.0032801,-1.0115e-06,-4.021e-13,-1.0139e-06
7.6737e-06,-0.022742,-6.4813e-07,-8.7452e-07,2.2692e-07
3.4974e-06,-0.018809,-0.011561,-0.011561,5.507e-07
1.533e-06,-0.0069591,-0.024059,-0.02406,4.3877e-07
6.8015e-07,-0.00047302,-0.013682,-0.013682,2.6624e-07
3.4512e-07,0.0018729,-0.0036992,-0.0036993,1.3334e-07
1.9498e-07,0.0021719,0.00082803,0.00082797,5.8601e-08
7.6737e-08,0.0021654,0.002125,0.0021249,2.4888e-08
3.4974e-08,0.0013541,0.0018415,0.0018415,1.0755e-08
1.533e-08,0.00053763,0.0011082,0.0011082,3.0373e-09
6.8015e-09,0.00012485,0.00052298,0.00052351,-3.6588e-08
3.4512e-09,-2.8514e-05,-0.0069472,8.9926e-05,-0.00050265
1.9712e-09,-5.9432e-05,-0.014816,-0.00017104,-0.0010461
9.1569e-10,-4.7005e-05,-0.0084441,-0.00011599,-0.00059487
4.7241e-10,-2.4251e-05,-0.0022887,-3.6993e-05,-0.00016084
1.773e-10,0.0044825,0.00051226,8.2797e-06,3.5999e-05
-7.7217e-11,0.03115,0.0013147,2.1249e-05,9.2389e-05
-1.0037e-10,0.025766,0.0011393,1.8415e-05,8.0067e-05
-3.9121e-11,0.0095328,0.00068566,1.1082e-05,4.8184e-05
-3.0847e-12,0.00064795,0.0003239,5.2352e-06,2.2762e-05
1.2215e-11,-0.0025657,0.00012836,2.0553e-06,7.7383e-06
1.3449e-11,-0.0028249,0.015805,-4.6053e-07,-0.015836
9.1569e-12,-0.0019234,0.032815,-2.1977e-06,-0.032961
4.7241e-12,-0.00099231,0.018654,-1.3682e-06,-0.018744
1.9869e-12,-0.00041734,0.0050436,-3.6993e-07,-0.005068
7.1099e-13,-0.00014935,-0.0011288,8.2797e-08,0.0011343
-0.0016942,-2.0146e-05,-0.0028971,2.1249e-07,0.0029112
-0.018753,0.00028227,-0.0025107,1.8415e-07,0.0025229
-0.017406,0.00027421,-0.0015109,1.1082e-07,0.0015183
-0.0068978,0.00010867,-0.00071375,5.2352e-08,0.00071722
-0.00077673,1.2236e-05,-0.00028021,2.0553e-08,0.00028157
0.0015311,-2.412e-05,6.2788e-05,-4.6053e-09,-6.3093e-05
0.0018258,-2.8764e-05,0.00029963,-2.1977e-08,-0.00030109
0.0012869,-2.0273e-05,0.00018654,-1.3682e-08,-0.00018744
0.00067867,3.9745e-05,5.0436e-05,-3.6993e-09,-5.068e-05
0.00015058,0.0063235,-1.1288e-05,8.2797e-10,1.1343e-05
-9.4179e-05,0.0089973,-2.8971e-05,2.1249e-09,2.9112e-05
-6.4044e-05,0.0043933,-2.5107e-05,1.8415e-09,2.5229e-05
-1.1556e-05,0.00094879,-1.5109e-05,1.1082e-09,1.5183e-05
1.1148e-05,-0.00050184,-7.4796e-06,3.4273e-07,7.1721e-06
1.8716e-05,-0.00084251,-0.0045251,0.0045239,1.232e-06
1.481e-05,-0.00066669,-0.0094123,0.0094146,-2.3432e-06
8.4375e-06,-0.00037982,-0.0053522,0.0053538,-1.5891e-06
3.827e-06,-0.00017228,-0.001447,0.0014476,-5.068e-07
1.4549e-06,-6.5493e-05,0.00032387,-0.00032399,1.1343e-07
1.9438e-07,0.0052671,0.00083121,-0.0008315,2.9112e-07
-1.8371e-06,0.036667,0.00072035,-0.0007206,2.5229e-07
-1.6356e-06,0.030332,0.00043491,-0.00043225,1.5183e-07
-6.0513e-07,0.011222,0.018758,0.018439,5.5883e-08
-4.113e-08,0.00076275,0.038691,0.038718,-4.8031e-09
1.6117e-07,-0.00032055,0.021984,0.022036,-9.2149e-09
1.6056e-07,0.026558,0.0059447,0.0059574,-2.2149e-09
1.0469e-07,0.025473,-0.0013287,-0.0013352,1.1343e-09
5.6091e-08,0.0098238,-0.0034101,-0.0034267,2.9112e-09
2.5715e-08,0.00074647,-0.0029553,-0.0029697,2.5229e-09
1.1011e-08,-0.0026156,-0.0017785,-0.0017871,1.5183e-09
4.7988e-09,-0.0029647,-0.00083892,-0.00084421,-1.197e-06
2.122e-09,-0.0020661,0.015689,-0.00014502,-0.015834
6.7979e-10,-0.0010833,0.033226,0.00027582,-0.032951
2.9116e-10,-0.00046397,0.018924,0.00018705,-0.018738
1.0573e-10,-0.00016848,0.0051258,5.9655e-05,-0.0050664
3.3561e-11,-5.3482e-05,-0.0011472,-1.3352e-05,0.001134
5.8459e-12,0.00033093,-0.0029443,-3.4267e-05,0.0029102
-1.5858e-10,0.014922,-0.0025516,-2.9697e-05,0.0025221
-1.9255e-10,0.018117,-0.0015356,-1.7871e-05,0.0015178
-8.7551e-11,0.008238,-0.00072539,-8.4423e-06,0.00071699
-1.6226e-11,0.0015267,-0.00028263,-5.4627e-06,0.00028148
1.2755e-11,-0.0012002,0.028464,-0.028399,-6.3073e-05
1.8661e-11,-0.0017559,0.059408,-0.059099,-0.00030099
1.4175e-11,-0.0013338,0.0338,-0.033608,-0.00018738
7.8682e-12,-0.00074035,0.0091387,-0.0090868,-5.0664e-05
3.4996e-12,-0.00032929,-0.0020454,0.0020338,1.134e-05
1.0247e-12,0.0013295,-0.0052494,0.0052196,2.9102e-05
-1.5513e-12,0.010034,-0.0045493,0.0045235,2.5221e-05
-1.5121e-12,0.0083202,-0.0027378,0.0027222,1.5178e-05
-6.0513e-13,0.0030826,-0.0012921,0.0012859,6.7896e-06
-4.113e-14,0.00020952,0.014858,0.00022089,-0.0050253
1.6286e-13,-0.00082964,0.031805,-0.00042013,-0.010463
1.7932e-13,-0.00091345,0.018133,-0.00028492,-0.0059503
1.2209e-13,-0.00062195,0.0049166,-9.0868e-05,-0.0016089
6.2988e-14,-0.00032087,-0.0011004,2.0338e-05,0.0003601
2.6492e-14,-0.00013495,-0.0028242,5.2196e-05,0.00092418
9.4799e-15,-4.8292e-05,-0.0024475,4.5235e-05,0.00080092
2.973e-15,-1.5145e-05,-0.0014729,2.7222e-05,0.00048199
8.3513e-16,-4.2542e-06,-0.00069578,1.2859e-05,0.00022769
0,0,-0.00027317,5.0487e-06,8.9392e-05
0,0,-9.2445e-05,1.7086e-06,3.0252e-05
0,0,-2.7679e-05,5.1156e-07,9.0576e-06
0,0,0,0,0
0,0,0,0,0
0,0,0,0,0
