0,0,0,0,0
0,0,0,0,0
0,0,0,0,0
0,0,0,0,0
0,0,0,0,0
0,0,0,0,0
0,0,0,0,0
0,0,0,0,0
0,0,0,0,0
-4.6542e-05,0.00044623,0,0,0
-0.00092835,0.0089006,0,0,0
-0.00097863,0.0093827,0,0,0
-0.00041523,0.0039811,0,0,0
-6.2803e-05,0.00060213,0,0,0
7.5268e-05,-0.00072164,3.8815e-07,3.8815e-07,1.1559e-13
9.8517e-05,-0.00094454,0.0051313,0.0051313,1.528e-09
7.2007e-05,-0.00069037,0.010679,0.010679,3.18e-09
3.8977e-05,-0.00037369,0.0060726,0.0060726,1.8083e-09
1.7008e-05,-0.00016307,0.0016419,0.0016419,4.8894e-10
-0.001705,0.00010337,-0.00036749,-0.00036749,-1.0943e-10
-0.018939,0.0017902,-0.00094314,-0.00094314,-2.8085e-10
-0.017581,0.001674,-0.00081735,-0.00081735,-2.4339e-10
-0.0069672,0.00066558,-0.00049188,-0.00049188,-1.4647e-10
-0.00078455,7.4948e-05,-0.00023236,-0.00023236,-6.9193e-11
0.0015465,-0.00014773,-9.1153e-05,-9.1153e-05,-2.7144e-11
0.0018442,-0.00017618,0.00093917,0.00093917,2.7967e-10
0.0012998,-0.00012417,0.0020095,0.0020095,5.984e-10
0.00068663,-6.5594e-05,0.001148,0.001148,3.4186e-10
0.00029409,-2.8094e-05,0.00031039,0.00031039,9.243e-11
-0.00072004,0.004832,-6.9471e-05,-6.9471e-05,-2.0688e-11
-0.0038797,0.022916,-0.00017829,-0.00017829,-5.3094e-11
-0.0029038,0.017061,-0.00015534,-0.00015366,-4.6008e-11
-0.0010045,0.0058829,-0.010968,0.011149,2.6918e-11
-1.5475e-05,9.0627e-05,-0.022676,0.023351,1.0056e-10
0.00032611,-0.0019098,-0.012887,0.013287,5.949e-11
0.0001785,0.0002537,-0.0034856,0.0035913,1.5735e-11
-0.00051925,0.0091896,0.00077709,-0.00080685,-4.4312e-12
-0.00043955,0.0071515,0.0019988,-0.0020663,-1.0037e-11
-0.00014395,0.0024213,0.0017318,-0.0017905,-2.2814e-07
1.3284e-05,-5.3479e-05,-0.0055373,0.0010476,-0.0030159
6.6672e-05,-0.0009028,-0.013201,0.0039137,-0.0062764
6.4691e-05,-0.00090487,-0.0075935,0.0023152,-0.0035692
-9.9166e-05,-0.00057994,-0.00204,0.00061238,-0.00096504
-0.017647,0.0010612,0.00049081,-0.00017245,0.00021599
-0.025116,0.0018096,0.0012094,-0.00039061,0.00055433
-0.012264,0.00090021,0.0010481,-0.00033852,0.0004804
-0.0026485,0.00019034,0.00063073,-0.00020372,0.0002891
0.0014014,-0.00011152,0.00029795,-9.6235e-05,0.00013657
0.0023523,-0.00018094,0.00011698,-3.7783e-05,5.3618e-05
0.0018614,-0.00014318,3.9587e-05,-1.2786e-05,1.8145e-05
0.0010604,-8.1571e-05,1.1759e-05,-3.7979e-06,5.3897e-06
0.00048099,-3.6998e-05,-0.0012439,0.00040175,-0.00057014
0.00018285,-1.4065e-05,-0.0025886,0.00083609,-0.0011865
6.0273e-05,-4.6363e-06,-0.001472,0.00047546,-0.00067474
1.7654e-05,-1.3579e-06,-0.00039801,0.00012855,-0.00018243
-0.011923,0.00014649,8.9082e-05,-2.8772e-05,4.0832e-05
-0.031314,0.00038472,0.00022862,-7.3843e-05,0.00010479
-0.019354,0.00023778,0.00019813,-6.3994e-05,9.0817e-05
-0.00572,7.0275e-05,0.00011924,-3.8512e-05,5.4653e-05
0.00071791,-8.82e-06,5.6326e-05,-1.8193e-05,2.5818e-05
0.0027018,-3.3193e-05,2.2096e-05,-7.1368e-06,1.0128e-05
0.0024644,-3.0277e-05,-0.00022766,7.3532e-05,-0.00010435
0.0015267,-1.8756e-05,-0.00048712,0.00015733,-0.00022328
0.00073658,-9.0494e-06,-0.00027828,8.9882e-05,-0.00012755
0.00029404,-3.6124e-06,-7.5242e-05,2.4302e-05,-3.4488e-05
0.00010086,-1.2392e-06,1.684e-05,-5.4393e-06,7.719e-06
-0.00077145,0.0059983,4.322e-05,-1.396e-05,1.9811e-05
-0.0055613,0.041597,3.7456e-05,-1.2098e-05,1.7168e-05
-0.0045996,0.034404,2.2541e-05,-7.2804e-06,1.0332e-05
-0.0017018,0.012729,1.0648e-05,-3.4392e-06,4.8807e-06
-0.00011567,0.00086515,4.1805e-06,-1.3503e-06,1.9162e-06
0.00045801,-0.0034258,-1.8556e-07,-2.0528e-06,6.4693e-07
0.00050427,-0.0037718,-0.021156,-0.021097,-2.0181e-05
0.00034335,-0.0025681,-0.044028,-0.043905,-4.2403e-05
0.00017714,-0.0013249,-0.025037,-0.024967,-2.4113e-05
2.8023e-05,-0.0002096,-0.0067695,-0.0067507,-6.5198e-06
-0.0009004,0.0067347,0.0015151,0.0015109,1.4592e-06
-0.0009689,0.0072471,0.0038885,0.0038777,3.7451e-06
-0.0004123,0.0030839,0.0033699,0.0033605,3.2456e-06
-6.2715e-05,0.00046909,0.0020277,0.0020221,1.9529e-06
7.5163e-05,-0.0005622,-0.0030414,-0.003033,-2.9292e-06
9.8379e-05,-0.00073585,-0.007947,-0.0079249,-7.6539e-06
7.1906e-05,-0.00053784,-0.0046058,-0.004593,-4.4359e-06
3.8922e-05,-0.00029113,-0.0012416,-0.0012382,-1.1958e-06
1.6984e-05,-0.00012704,0.00028642,0.00028563,2.7586e-07
6.2606e-06,-4.6827e-05,0.0007351,0.00073305,7.0798e-07
0.0013993,0.00019933,0.00063705,0.00063528,6.1355e-07
0.0096896,0.0014823,0.00038338,0.00038231,3.6924e-07
0.0080135,0.0012295,0.00018105,0.00018054,1.7437e-07
0.0029648,0.00045489,-0.00068496,-0.00068306,-6.5969e-07
0.00020152,3.0918e-05,-0.0015494,-0.0015451,-1.4922e-06
-0.00079795,-0.00012243,-0.00088756,-0.00088509,-8.5482e-07
-0.00061441,0.0021872,-0.00024192,-0.00024125,-2.33e-07
0.0012335,0.01601,5.4147e-05,5.3996e-05,5.215e-08
0.0012063,0.01327,0.00013897,0.00013858,1.3384e-07
0.00043069,0.0049071,0.00012043,0.0001201,1.1599e-07
-8.3516e-06,0.00032776,7.2476e-05,7.2274e-05,6.9802e-08
-0.00016541,-0.0013283,3.3618e-05,3.3522e-05,3.2963e-08
-0.00017018,-0.0014606,-0.008172,-0.0081716,-1.2471e-07
-0.00011308,-0.00099408,-0.01703,-0.017029,-2.821e-07
-5.8341e-05,-0.00051286,-0.0096857,-0.0096852,-1.616e-07
-2.4537e-05,-0.0002157,-0.0026192,-0.002619,-4.4047e-08
-0.00055409,-2.0569e-05,0.00058621,0.00058618,9.8586e-09
-0.023512,0.0024167,0.0015045,0.0015044,2.5302e-08
-0.028546,0.0029569,0.0013038,0.0013038,2.1927e-08
-0.012979,0.0013476,0.00078465,0.00078461,1.3196e-08
-0.0024055,0.00024975,0.00037066,0.00037064,6.2335e-09
0.001891,-0.00019633,0.00014552,0.00014552,2.4473e-09
0.0027665,-0.00028724,4.9131e-05,4.9128e-05,8.2625e-10
0.0021014,-0.00021818,-0.0015327,-0.0015326,-2.5775e-08
0.0011665,-0.00012111,-0.0032203,-0.0032201,-5.4157e-08
0.00051882,-5.3867e-05,-0.0018313,-0.0018312,-3.0797e-08
0.00019418,-2.0161e-05,-0.00049514,-0.00049511,-8.3269e-09
-0.0025293,4.2736e-05,0.00011082,0.00011081,1.8637e-09
-0.028678,0.00054376,0.00028441,0.0002844,4.7831e-09
-0.026636,0.00050649,0.00024648,0.00024647,4.1452e-09
-0.010555,0.00020071,0.00014833,0.00014833,2.4946e-09
-0.0011886,2.2601e-05,7.0071e-05,7.0067e-05,1.1784e-09
0.0023429,-4.4551e-05,2.7488e-05,2.7487e-05,4.6228e-10
0.002794,-5.3128e-05,-0.00028322,-0.0002832,-4.763e-09
0.0019692,-3.7445e-05,-0.00060599,-0.00060596,-1.0191e-08
0.0010403,-1.9781e-05,-0.00034619,-0.00034617,-5.822e-09
0.00044555,-8.4721e-06,-9.3603e-05,-9.3598e-05,-1.5742e-09
0.00016179,-3.0765e-06,2.095e-05,2.0949e-05,3.5232e-10
-0.0012943,3.8324e-06,5.3767e-05,5.3764e-05,9.0422e-10
-0.026827,9.5645e-05,4.6596e-05,4.6594e-05,7.8362e-10
-0.028296,0.00010112,2.8041e-05,2.804e-05,4.7158e-10
-0.012006,4.2904e-05,1.3246e-05,1.3246e-05,2.2277e-10
-0.0018159,6.4891e-06,5.2007e-06,5.2004e-06,8.7461e-11
0.0021763,-7.7771e-06,1.76e-06,1.7599e-06,2.9598e-11
0.0028485,-1.0179e-05,5.2277e-07,5.2274e-07,8.7916e-12
0.002082,-7.4401e-06,-5.53e-05,-5.5298e-05,-9.3001e-10
0.001127,-4.0273e-06,-0.00011509,-0.00011508,-1.9354e-09
0.00049177,-1.7574e-06,-6.5445e-05,-6.5442e-05,-1.1006e-09
-0.00064859,0.0029967,-1.7695e-05,-1.7694e-05,-2.9758e-10
-0.0056963,0.020785,3.9604e-06,3.9603e-06,6.6604e-11
-0.0047427,0.017191,9.365e-06,9.3646e-06,1.7092e-10
-0.0017609,0.0063602,-0.010557,-0.010557,-2.7674e-11
-0.00011968,0.00043229,-0.021984,-0.021984,-2.7673e-10
0.00047392,-0.0017118,-0.012502,-0.012502,-1.6595e-10
0.00052179,-0.0018847,-0.00338,-0.00338,-3.9722e-11
0.00035528,-0.0012832,0.00075705,0.00075705,1.8187e-11
0.00018329,-0.00066203,0.0019422,0.0019422,3.399e-11
-7.9791e-05,0.0032826,0.0016831,0.0016831,2.8005e-11
-0.0010603,0.024594,0.0010135,0.0010135,1.6851e-11
-0.00089109,0.020392,0.0090367,0.0090367,-2.5275e-11
-0.00033046,0.0075475,0.017998,0.017998,-6.6042e-11
-2.2626e-05,0.00051359,0.010192,0.010192,-3.8276e-11
0.0011733,-0.0018273,0.0027575,0.0027575,-1.0318e-11
0.021715,0.0018773,-0.00061292,-0.00061292,2.3803e-12
0.022854,0.0028148,-0.001573,-0.001573,6.1089e-12
0.0097031,0.0010546,-0.0013631,-0.0013631,5.2936e-12
0.0014769,-5.2328e-05,0.0007975,0.0007975,-3.0971e-12
-0.0017473,-0.00045212,0.0029794,0.0029794,-1.1571e-11
-0.0022923,-0.00047395,0.0017625,0.0017625,-6.8449e-12
-0.0016762,-0.00032971,0.0004662,0.0004662,-1.8105e-12
-0.00090755,-0.00017283,-0.00013128,-0.00013128,5.0985e-13
-0.00039602,-7.5415e-05,-0.00029737,-0.00029737,1.1548e-12
5.889e-05,0.0027432,-0.00025771,-0.00025771,1.0008e-12
0.0040395,0.055263,-0.00015509,-0.00015509,6.0229e-13
0.0042943,0.058263,-7.3263e-05,-7.3263e-05,2.8452e-13
0.0018278,0.024722,-2.8763e-05,-2.8763e-05,1.117e-13
0.00027644,0.0037391,-9.7341e-06,-9.7341e-06,3.7802e-14
-0.00033131,-0.0044813,-5.2677e-06,-5.1488e-07,1.1228e-14
-0.00043365,-0.0058654,-0.03111,0.031722,-1.1878e-12
-0.00031696,-0.0042871,-0.064743,0.066016,-2.4719e-12
-0.00017157,-0.0023206,-0.036817,0.037541,-1.4057e-12
-7.4866e-05,-0.0010126,-0.0099546,0.01015,-3.8007e-13
9.874e-05,0.0024763,0.002228,-0.0022718,8.5066e-14
0.00086719,0.01964,0.0057181,-0.0058305,2.1832e-13
0.00072202,0.016308,0.0049556,-0.0050531,1.8918e-13
0.00026808,0.0060465,0.0056461,-0.0055891,-1.1068e-13
1.8221e-05,0.00041097,0.0069527,-0.0067397,-4.1351e-13
-7.2149e-05,-0.0016273,0.0037057,-0.0035798,-2.4462e-13
-7.9437e-05,-0.0017917,0.0010396,-0.0010063,-6.4703e-14
-5.4087e-05,-0.0012199,-0.00013474,0.00012536,1.8221e-14
8.3601e-06,0.0012711,-0.00048964,0.00046839,4.1271e-14
0.00015991,0.0087307,-0.00042433,0.00040591,3.5767e-14
0.00012358,0.0066019,-0.00025571,0.00024386,2.1521e-14
4.2741e-05,0.0022792,-0.0046436,-0.0053929,-3.2281e-14
3.0876e-07,2.7225e-05,-0.00946,-0.011418,-8.4348e-14
-1.4303e-05,-0.00074956,-0.0053687,-0.0065035,-4.8885e-14
-1.4684e-05,-0.00076956,-0.001452,-0.001758,-1.3178e-14
-6.9925e-06,0.0023019,0.00032392,0.00039449,3.04e-15
2.4811e-05,0.030836,0.00083132,0.0010124,7.8021e-15
2.5542e-05,0.028753,0.00072045,0.0008774,6.7615e-15
1.021e-05,0.011399,0.00043357,0.00052802,4.0691e-15
1.0094e-06,0.0012762,0.00020355,0.00024935,-1.1977e-06
-2.4852e-06,-0.0025417,-0.016608,-0.00094338,-0.015834
-2.8907e-06,-0.0030272,-0.034703,-0.0021339,-0.032951
-2.0373e-06,-0.0021336,-0.019742,-0.0012224,-0.018738
-1.0762e-06,-0.0011271,-0.00534,-0.0003332,-0.0050664
3.9257e-07,0.00041111,0.0011952,7.4575e-05,0.001134
5.7513e-06,0.0060229,0.0030672,0.00019138,0.00291
4.842e-06,0.0050707,-0.0004966,-3.0986e-05,-0.00047116
1.796e-06,0.0018809,-0.0049659,-0.00030985,-0.0047114
1.231e-07,0.00012891,-0.0029779,-0.00018581,-0.0028254
-4.8744e-07,-0.00051046,-0.0007128,-4.4476e-05,-0.00067628
-0.0043305,-0.00030545,0.00032635,2.0363e-05,0.00030963
-0.020495,0.00083173,0.00060994,3.8058e-05,0.00057869
-0.015257,0.00070664,0.00050249,3.1353e-05,0.00047674
-0.0052606,0.00022868,-0.00029399,-1.8344e-05,-0.00027893
-8.1068e-05,-2.4911e-05,-0.0010983,-6.8532e-05,-0.0010421
0.0017077,-0.00011051,-0.00064974,-4.0541e-05,-0.00061645
0.0017533,-0.00010651,-0.00017186,-1.0723e-05,-0.00016305
-0.00080984,-3.6506e-05,4.8396e-05,3.0198e-06,4.5917e-05
-0.013044,0.000187,0.00010962,6.84e-06,0.00010401
-0.011029,0.00016895,9.4992e-05,5.9272e-06,9.0126e-05
-0.0040847,6.2752e-05,-5.5577e-05,-3.4678e-06,-5.2729e-05
-0.00025709,3.0483e-06,-0.00020763,-1.2955e-05,-0.00019699
0.0011295,-1.8676e-05,-0.00012283,-7.664e-06,-0.00011654
0.00086407,-1.4047e-05,-3.2489e-05,-2.0272e-06,-3.0824e-05
-0.0017347,2.8199e-05,9.1474e-06,5.7077e-07,8.6788e-06
-0.0016965,2.7578e-05,-5.9108e-07,-3.6881e-08,-5.608e-07
-0.00060569,9.8464e-06,-2.6398e-05,-1.6471e-06,-2.5045e-05
1.1745e-05,-1.9093e-07,-1.4417e-05,-8.9954e-07,-1.3678e-05
0.00023263,-3.7817e-06,-1.7146e-06,-1.0699e-07,-1.6268e-06
0.00023933,-3.8906e-06,3.531e-06,2.2032e-07,3.35e-06
0.0018115,-1.9071e-06,4.596e-06,2.8677e-07,4.3605e-06
0.018373,6.173e-06,3.5982e-06,2.2451e-07,3.4139e-06
0.017012,6.4068e-06,2.0432e-06,1.2749e-07,1.9385e-06
0.0067403,2.5605e-06,9.6518e-07,6.0223e-08,9.1573e-07
0.00076148,2.4798e-07,3.7894e-07,2.3644e-08,3.5952e-07
-0.0014923,-6.3057e-07,1.2793e-07,7.9826e-09,1.2138e-07
-0.0017809,-7.309e-07,-3.991e-06,-2.4902e-07,-3.7865e-06
-0.0012552,-5.1513e-07,-8.3855e-06,-5.2322e-07,-7.9558e-06
-0.00066305,-2.7212e-07,-4.7685e-06,-2.9754e-07,-4.5242e-06
-0.00012322,-1.0807e-07,-1.2893e-06,-8.0448e-08,-1.2233e-06
0.020061,1.0215e-06,2.8857e-07,1.8006e-08,2.7379e-07
0.028642,1.4994e-06,7.406e-07,4.6211e-08,7.0266e-07
0.013991,7.3482e-07,6.4183e-07,4.0047e-08,6.0894e-07
0.0030237,1.5952e-07,3.8625e-07,2.4101e-08,3.6646e-07
-0.0015991,-8.4363e-08,1.8246e-07,1.1385e-08,1.7311e-07
-0.0026846,-1.4163e-07,7.1578e-08,4.4662e-09,6.7911e-08
-0.0021244,-1.1208e-07,-7.3748e-07,-4.6016e-08,-6.997e-07
-0.0012103,-6.3851e-08,-1.578e-06,-9.8459e-08,-1.4971e-06
-0.00054894,-2.8961e-08,-9.0146e-07,-5.6248e-08,-8.5528e-07
-0.00020869,-1.101e-08,-2.4374e-07,-1.5208e-08,-2.3125e-07
-0.00015048,-2.0257e-09,5.4552e-08,3.4039e-09,5.1757e-08
-0.010266,2.0004e-07,1.4001e-07,8.7359e-09,1.3283e-07
-0.01457,2.8599e-07,1.2133e-07,7.5707e-09,1.1512e-07
-0.0071139,1.3963e-07,7.3018e-08,4.5561e-09,6.9277e-08
-0.0015364,3.0157e-08,3.4493e-08,2.1522e-09,3.2726e-08
0.00081252,-1.5948e-08,1.3542e-08,8.4499e-10,1.2848e-08
0.0013641,-2.6775e-08,4.572e-09,2.8528e-10,4.3378e-09
0.0010794,-2.1187e-08,-1.4263e-07,-8.8994e-09,-1.3532e-07
0.00061496,-1.2071e-08,-2.9968e-07,-1.8699e-08,-2.8432e-07
0.00027893,-5.4749e-09,-1.7042e-07,-1.0633e-08,-1.6169e-07
-0.00012739,0.0011436,-4.6077e-08,-2.875e-09,-4.3716e-08
-0.0025488,0.012658,1.0313e-08,6.4348e-10,9.7844e-09
-0.002388,0.011749,2.6467e-08,1.6515e-09,2.5111e-08
-0.00095039,0.004656,2.2937e-08,1.4312e-09,2.1762e-08
-0.00010702,0.00052429,5.2711e-07,8.6117e-10,-5.0021e-07
0.00021095,-0.0010335,0.0067858,-1.2917e-09,-0.0067859
0.00025157,-0.0012325,0.014122,-3.3751e-09,-0.014122
0.00017731,-0.00086863,0.0080307,-1.9561e-09,-0.0080307
9.3663e-05,-0.00045886,0.0021713,-5.2732e-10,-0.0021713
4.0117e-05,-0.00019653,-0.00048598,1.2165e-10,0.00048598
-5.9713e-05,0.00029254,-0.0012472,3.122e-10,0.0012473
-0.00051047,0.0025008,-0.0010809,2.7056e-10,0.0010809
-0.00042471,0.0020807,-0.00065048,1.6282e-10,0.00065049
-0.00015762,0.00077218,-0.00030718,7.6892e-11,0.00030719
-1.0713e-05,5.2484e-05,0.0011622,-2.9091e-10,-0.0011622
4.2421e-05,-0.00020782,0.0026288,-6.5803e-10,-0.0026289
4.6706e-05,-0.00022882,0.0015059,-3.7695e-10,-0.0015059
3.1801e-05,-0.0001558,0.00041048,-1.0275e-10,-0.00041048
8.0643e-06,-3.9508e-05,-9.1871e-05,2.2996e-11,9.1872e-05
-8.5438e-05,0.00041856,-0.00023578,5.9019e-11,0.00023579
-8.3239e-05,0.00040779,-0.00020434,5.1148e-11,0.00020434
-3.319e-05,0.0001626,-0.00012297,3.0781e-11,0.00012297
-3.6071e-06,1.7671e-05,-5.809e-05,1.454e-11,5.809e-05
7.539e-06,-3.6934e-05,-2.2788e-05,5.7041e-12,2.2788e-05
8.9905e-06,-4.4045e-05,0.00023479,-5.8771e-11,-0.00023479
6.3365e-06,-3.1043e-05,0.00050237,-1.2575e-10,-0.00050238
3.3473e-06,-1.6399e-05,0.000287,-7.1839e-11,-0.000287
1.4337e-06,-7.0236e-06,7.7598e-05,-1.9424e-11,-7.7598e-05
5.2061e-07,-2.5505e-06,-1.7368e-05,4.3473e-12,1.7368e-05
-1.4118e-06,6.9164e-06,-4.4574e-05,1.1157e-11,4.4574e-05
-1.7409e-05,8.5288e-05,-3.8629e-05,9.6692e-12,3.8629e-05
-1.6203e-05,7.9378e-05,-2.3247e-05,5.8189e-12,2.3247e-05
-6.4208e-06,3.1456e-05,-1.0981e-05,2.7488e-12,1.0982e-05
-7.2302e-07,3.5421e-06,-4.3114e-06,1.0792e-12,4.3115e-06
1.4252e-06,-6.9821e-06,-1.4556e-06,3.6435e-13,1.4556e-06
1.6996e-06,-8.3264e-06,4.5408e-05,-1.1366e-11,-4.5408e-05
1.1979e-06,-5.8685e-06,9.5407e-05,-2.3882e-11,-9.5408e-05
6.3279e-07,-3.1001e-06,5.4255e-05,-1.3581e-11,-5.4255e-05
2.7103e-07,-1.3278e-06,1.4669e-05,-3.6719e-12,-1.467e-05
9.8419e-08,-4.8216e-07,-3.2833e-06,8.2184e-13,3.2833e-06
-1.3792e-06,0.0040143,-8.4264e-06,2.1092e-12,8.4264e-06
-3.6954e-06,0.010543,-7.3025e-06,1.8279e-12,7.3026e-06
-2.2895e-06,0.0065164,-4.3946e-06,1.1e-12,4.3947e-06
-6.7664e-07,0.0019259,-2.076e-06,5.1964e-13,2.076e-06
8.4924e-08,-0.00024172,-8.1505e-07,2.0402e-13,8.1505e-07
3.196e-07,-0.00090967,-2.7583e-07,6.9042e-14,2.7583e-07
2.9152e-07,-0.00082974,-8.2584e-08,2.0672e-14,8.2585e-08
1.8059e-07,-0.00051401,1.1413e-06,-1.641e-16,-3.8088e-07
8.7132e-08,-0.000248,0.015088,-2.1694e-12,-0.0050352
3.4783e-08,-9.9e-05,0.0314,-4.5147e-12,-0.010479
1.1932e-08,-3.396e-05,0.017856,-2.5673e-12,-0.0059589
3.6129e-09,-1.0283e-05,0.004828,-6.9415e-13,-0.0016112
0,0,-0.0010806,1.5536e-13,0.00036061
-9.487e-08,0.00027002,-0.0027733,3.9873e-13,0.00092548
-6.5786e-07,0.0018724,-0.0024034,3.4555e-13,0.00080205
-5.441e-07,0.0015486,-0.0014464,2.0795e-13,0.00048267
-2.0131e-07,0.00057297,-0.00068324,9.8235e-14,0.00022801
-1.3682e-08,3.8944e-05,-0.00026825,3.8568e-14,8.9518e-05
5.4179e-08,-0.00015421,-9.0563e-05,1.3021e-14,3.0222e-05
5.9652e-08,-0.00016978,0.0028252,-4.062e-13,-0.00094281
4.0616e-08,-0.0001156,0.005936,-8.5347e-13,-0.0019809
2.0954e-08,-5.9641e-05,0.0033756,-4.8534e-13,-0.0011265
8.8128e-09,-2.5084e-05,0.0009127,-1.3123e-13,-0.00030458
8.4039e-10,0.00056775,-0.00020428,2.9371e-14,6.817e-05
-9.8741e-08,0.024861,-0.00052427,7.5378e-14,0.00017496
-1.2081e-07,0.030188,-0.00045434,6.5325e-14,0.00015162
-5.5059e-08,0.013727,-0.00027342,3.9312e-14,9.1246e-05
-1.0204e-08,0.002544,-0.00012916,1.8571e-14,4.3104e-05
8.0216e-09,-0.0019999,-5.071e-05,7.291e-15,1.6923e-05
1.1736e-08,-0.0029259,-1.8299e-05,2.4615e-15,4.5347e-06
8.9143e-09,-0.0022225,-0.015048,-7.6789e-14,-0.015761
4.9482e-09,-0.0012337,-0.031306,-1.6134e-13,-0.032803
2.2009e-09,-0.00054871,-0.017803,-9.1751e-14,-0.018654
8.2374e-10,-0.00020537,-0.0048135,-2.4807e-14,-0.0050436
-1.7461e-09,0.00043533,0.0010773,5.5523e-15,0.0011288
-2.2217e-08,0.0055389,0.0027649,1.425e-14,0.0028971
-2.0694e-08,0.0051592,0.0023962,1.2349e-14,0.0025107
-8.2005e-09,0.0020445,0.001442,7.4318e-15,0.001511
-9.2343e-10,0.00023022,0.00068098,3.5096e-15,0.00071353
1.8202e-09,-0.00045381,-0.0025764,-1.3278e-14,-0.0026995
2.1707e-09,-0.00054118,-0.0058277,-3.0035e-14,-0.0061063
1.5299e-09,-0.00038143,-0.0033384,-1.7205e-14,-0.003498
8.0818e-10,-0.00020149,-0.00090996,-4.6897e-15,-0.00095346
-2.9479e-10,0.0045651,0.00020366,1.0496e-15,0.0002134
-4.3188e-09,0.032223,0.0005227,2.6938e-15,0.00054768
-3.636e-09,0.026667,0.00045298,2.3346e-15,0.00047464
-1.3487e-09,0.0098671,0.0002726,1.4049e-15,0.00028564
-9.2439e-11,0.00067084,0.00012878,6.6368e-16,0.00013493
3.6603e-10,-0.0026564,5.0558e-05,2.6056e-16,5.2975e-05
4.0301e-10,-0.0029247,1.5871e-05,1.1977e-06,1.7885e-05
2.744e-10,-0.0019914,-0.016366,0.015834,-0.00055794
1.4157e-10,-0.0010274,-0.03407,0.032951,-0.0011723
5.9539e-11,-0.00043209,-0.019375,0.018738,-0.00066664
0.0035648,0.0007247,-0.0052385,0.0050664,-0.00018025
0.024719,0.006049,0.0011725,-0.001134,4.0342e-05
0.020445,0.0050295,0.0030088,-0.00291,0.00010353
0.0075642,0.0018658,-0.00048716,0.00047116,-1.6762e-05
0.00051412,0.00012682,-0.0048714,0.0047114,-0.00016762
-0.0020356,-0.00050053,-0.0029213,0.0028254,-0.00010052
0.00013416,0.021145,-0.00069925,0.00067628,-2.406e-05
0.0034177,0.044778,0.00032014,-0.00030963,1.1016e-05
0.002024,0.025484,0.00059834,-0.00057869,2.0588e-05
0.000429,0.0068611,0.00049298,-0.00047679,1.6962e-05
-0.00028863,-0.0015831,0.00029667,-0.00028693,1.0208e-05
-0.0004738,-0.0039972,0.00014014,-0.00013554,4.8221e-06
-0.00038884,-0.0034587,5.3381e-05,-5.4769e-05,1.8917e-06
-0.00022772,-0.0020799,-0.021678,-0.020564,-1.9491e-05
-0.00010757,-0.00098252,-0.045147,-0.042763,-4.1703e-05
-4.2234e-05,-0.00038575,-0.025677,-0.024315,-2.3824e-05
-1.4293e-05,-0.00013054,-0.0069425,-0.0065742,-6.4416e-06
7.1403e-05,0.0025158,0.0015538,0.0014714,1.4417e-06
0.00083772,0.028279,0.0039879,0.0037763,3.7001e-06
0.00077757,0.026249,0.003456,0.0032727,3.2066e-06
0.00030814,0.010402,0.0020798,0.0019695,1.9298e-06
3.4698e-05,0.0011713,0.00098343,0.00093133,9.1131e-07
-6.8396e-05,-0.0023089,0.012872,0.013069,-3.4478e-06
-8.1564e-05,-0.0027534,0.026115,0.026561,-7.7989e-06
-5.7486e-05,-0.0019406,0.014816,0.015071,-4.4676e-06
-3.0368e-05,-0.0010251,0.0039953,0.0040649,-1.2177e-06
-1.3007e-05,-0.00043907,-0.00089421,-0.00090979,2.7255e-07
-4.5631e-06,-0.00017299,-0.0022949,-0.0023349,6.9949e-07
0.00010066,-0.0086988,-0.0019889,-0.0020235,6.062e-07
0.00017318,-0.014711,-0.0011969,-0.0012178,3.6481e-07
9.1295e-05,-0.0077287,-0.0005654,-0.00057525,1.7233e-07
2.2283e-05,-0.0018864,-0.00022198,-0.00022585,6.7659e-08
-7.8551e-06,0.00066498,-7.5122e-05,-7.6431e-05,2.2897e-08
-1.5757e-05,0.0013339,-2.1553e-05,-2.2702e-05,7.6726e-07
-1.3027e-05,0.0011028,0.012414,0.0024015,0.010052
-7.6239e-06,0.00064541,0.025834,0.0049978,0.02092
-3.528e-06,0.00029867,0.014691,0.0028421,0.011896
-1.3628e-06,0.00011537,0.0039721,0.00076844,0.0032166
-4.551e-07,3.8527e-05,-0.00088902,-0.00017199,-0.00071992
2.57e-06,-0.00021756,-0.0022816,-0.00044141,-0.0018476
2.9938e-05,-0.0025344,-0.0019773,-0.00038253,-0.0016012
2.7789e-05,-0.0023525,-0.0011898,-0.00023017,-0.00096347
1.1012e-05,-0.00093224,0.0017846,0.00034525,0.0014451
1.24e-06,-0.00010498,0.004663,0.00090211,0.0037761
-2.4443e-06,0.00020692,0.0027025,0.00052283,0.0021885
0.0042757,0.0001739,0.00072853,0.00014094,0.00058996
0.029667,-0.00033133,-0.00016806,-3.2514e-05,-0.0001361
0.024538,-0.00032601,-0.00043133,-8.3445e-05,-0.00034929
0.0090783,-0.00011526,-0.0003738,-7.2316e-05,-0.0003027
0.0006169,3.781e-06,-0.00022492,-4.3513e-05,-0.00018214
-0.0024435,4.6147e-05,0.00033736,6.5267e-05,0.0002732
-0.0026903,4.7101e-05,0.00088151,0.00017054,0.00071384
-0.0018317,3.1194e-05,0.00051089,9.8838e-05,0.00041372
-0.00094502,1.6093e-05,0.00013772,2.6644e-05,0.00011153
-0.00039745,6.7685e-06,-3.1771e-05,-6.1465e-06,-2.5728e-05
0.00033828,0.00067191,-8.154e-05,-1.5775e-05,-6.603e-05
0.0052741,0.0074112,-7.0664e-05,-1.3671e-05,-5.7224e-05
0.0049243,0.0068786,-4.2526e-05,-8.2271e-06,-3.4437e-05
0.0019564,0.0027258,-2.0089e-05,-3.8864e-06,-1.6268e-05
0.0002203,0.00030694,-8.5271e-06,-8.7822e-07,-6.3817e-06
-0.00043424,-0.00060503,-0.0084639,0.0085608,6.5752e-05
-0.00051785,-0.00072152,-0.017609,0.017817,0.00014069
-0.00021208,0.00034618,-0.010013,0.010132,8.0372e-05
0.0008675,0.0056582,-0.0027068,0.0027404,2.1732e-05
0.00079437,0.0047868,0.0093108,0.01131,7.9749e-06
0.00029447,0.0017718,0.019671,0.023239,1.4236e-05
1.2534e-05,0.00011001,0.01165,0.012746,4.3761e-06
-9.0024e-05,-0.00049187,0.0035965,0.0029944,-2.402e-06
-9.6144e-05,-0.00053742,-0.00024027,-0.0012416,-3.9948e-06
-3.6556e-05,0.0049289,-0.0014495,-0.0023437,-3.5672e-06
0.00016667,0.036528,-0.0013357,-0.0019507,-2.4536e-06
0.00015158,0.030288,-0.0008192,-0.0011583,-1.353e-06
5.6253e-05,0.011207,-0.00039418,-0.0005399,-5.8137e-07
2.5749e-06,0.00075473,-0.00015476,-0.00021197,-2.2825e-07
-1.6956e-05,-0.0030263,-5.3617e-05,-7.0195e-05,-7.7061e-08
-1.8175e-05,-0.0033293,-0.016466,0.020328,2.4039e-06
-1.2375e-05,-0.0022668,-0.034234,0.042349,5.051e-06
-6.3845e-06,-0.0011695,-0.019468,0.024083,2.8723e-06
-2.6852e-06,-0.00049186,-0.0052637,0.0065114,7.7661e-07
-7.4612e-07,-0.00013667,0.0011781,-0.0014574,-1.7382e-07
2.6635e-05,0.0048788,0.0030235,-0.0037403,-4.461e-07
3.8221e-05,0.0070011,0.0026203,-0.0032414,-3.866e-07
1.8703e-05,0.0034259,0.0015769,-0.0019507,-2.3266e-07
4.0393e-06,0.00073989,0.0007449,-0.00092148,-1.099e-07
-2.1361e-06,-0.00039129,0.00029222,-0.00036149,-4.3115e-08
-3.5863e-06,-0.00065691,-0.0030108,0.0037245,4.4422e-07
-2.8379e-06,-0.00051982,-0.0064421,0.0079692,9.5048e-07
-1.6168e-06,-0.00029615,-0.0036803,0.0045527,5.4299e-07
-7.3331e-07,-0.00013432,-0.00099506,0.0012309,1.4681e-07
-2.7878e-07,-5.1065e-05,0.00022271,-0.00027551,-3.286e-08
-0.00036779,7.5745e-06,0.00057158,-0.00070708,-8.4333e-08
-0.015852,0.0010473,0.00049535,-0.00061277,-7.3085e-08
-0.019248,0.0012776,0.0002981,-0.00036877,-4.3982e-08
-0.0087519,0.00058092,0.00014082,-0.0001742,-2.0777e-08
-0.001622,0.00010766,5.5287e-05,-6.8393e-05,-8.1571e-09
0.0012751,-8.4635e-05,1.8666e-05,-2.309e-05,-2.754e-09
0.0018654,-0.00012382,-0.00058228,0.00072031,8.5911e-08
0.001417,-9.4053e-05,-0.0012234,0.0015135,1.8051e-07
0.00078654,-5.2208e-05,-0.00069573,0.00086066,1.0265e-07
2.9676e-05,0.0019463,-0.00018811,0.0002327,2.7754e-08
-0.0034128,0.021792,4.2102e-05,-5.2083e-05,-6.2119e-09
-0.0032467,0.020233,0.00010805,-0.00013367,-1.5943e-08
-0.0012912,0.0080181,9.3642e-05,-0.00011584,-1.3816e-08
-0.00014678,0.00090298,5.5471e-05,-6.9703e-05,-8.8284e-07
0.00028933,-0.0017799,-0.011646,0.00010455,-0.011561
0.00034504,-0.0021226,-0.02428,0.00027318,-0.02406
0.00024318,-0.001496,-0.01381,0.00015833,-0.013682
0.00012846,-0.00079029,-0.0037338,4.2681e-05,-0.0036993
5.5022e-05,-0.00033848,0.00083593,-9.846e-06,0.00082797
1.998e-05,-0.00012291,0.0021454,-2.5269e-05,0.0021249
-0.00089913,0.00015312,0.0018592,-2.1899e-05,0.0018415
-0.018059,0.0038213,0.0011189,-1.3179e-05,0.0011082
-0.019039,0.0040399,0.00052855,-6.2255e-06,0.00052352
-0.0080783,0.0017141,0.00020751,-2.4442e-06,0.00020554
-0.0012218,0.00025926,7.0226e-05,-8.2716e-07,6.9557e-05
0.0014643,-0.00031072,2.0859e-05,-2.4569e-07,2.0661e-05
0.0019166,-0.00040669,-0.0022066,2.599e-05,-0.0021855
0.0014009,-0.00029725,-0.0045921,5.4088e-05,-0.0045483
0.00075829,-0.0001609,-0.0026114,3.0758e-05,-0.0025865
-0.00022749,4.8271e-05,-0.00070605,8.3163e-06,-0.00069933
-0.00375,0.00079572,0.00015803,-1.8613e-06,0.00015652
-0.0031632,0.00067121,0.00040554,-4.7766e-06,0.00040168
-0.0011736,0.00024903,-6.566e-05,7.7338e-07,-6.5035e-05
-8.0531e-05,1.7088e-05,-0.00065658,7.7335e-06,-0.00065033
0.00031888,-6.7664e-05,-0.00039374,4.6377e-06,-0.00038999
0.00035109,-7.4499e-05,-9.4246e-05,1.1101e-06,-9.3349e-05
0.00023905,-5.0725e-05,4.315e-05,-5.0824e-07,4.2739e-05
-0.00078647,-1.2863e-05,8.0645e-05,-9.4988e-07,7.9877e-05
-0.010019,0.00013628,6.6445e-05,-7.8262e-07,6.5812e-05
-0.0093288,0.00013277,3.9986e-05,-4.7098e-07,3.9606e-05
-0.0036984,5.2941e-05,1.8889e-05,-2.2249e-07,1.8709e-05
-0.00041548,5.7536e-06,7.416e-06,-8.735e-08,7.3454e-06
0.0008222,-1.2025e-05,2.5037e-06,-2.949e-08,2.4799e-06
0.00098051,-1.434e-05,-7.8106e-05,9.1997e-07,-7.7362e-05
0.00069106,-1.0107e-05,-0.00016411,1.933e-06,-0.00016255
0.00036506,-5.3392e-06,-9.3323e-05,1.0992e-06,-9.2435e-05
0.00015636,-2.2868e-06,-2.5233e-05,2.972e-07,-2.4992e-05
-0.0045105,3.4039e-06,5.6475e-06,-6.6519e-08,5.5937e-06
-0.031653,2.9099e-05,1.4494e-05,-1.7072e-07,1.4356e-05
-0.026189,2.421e-05,1.256e-05,-1.4794e-07,1.244e-05
-0.0096913,8.9848e-06,-7.3483e-06,8.6552e-08,-7.2783e-06
-0.0006587,6.1069e-07,-2.7453e-05,3.2335e-07,-2.7192e-05
0.0026083,-2.4182e-06,-1.624e-05,1.9129e-07,-1.6086e-05
0.0028718,-2.6624e-06,-4.2956e-06,5.0596e-08,-4.2547e-06
0.0019553,-1.8128e-06,1.2097e-06,-1.4248e-08,1.1982e-06
0.00014536,-0.0035649,2.74e-06,-3.2273e-08,2.7139e-06
-0.0055629,-0.024714,1.4238e-06,-9.7853e-07,2.3517e-06
-0.0048,-0.02044,-0.012568,-0.012566,-1.3759e-06
-0.0017845,-0.0075625,-0.026157,-0.026152,-5.1404e-06
-0.00011115,-0.00051402,-0.014875,-0.014872,-3.0409e-06
0.00049308,0.0020353,-0.0040218,-0.004021,-8.0433e-07
0.00054289,0.0022409,0.00090019,0.00089996,2.265e-07
-0.0042084,0.00050279,0.0023102,0.0023097,5.1305e-07
-0.021478,-0.004055,0.0020021,0.0020017,4.4462e-07
-0.016051,-0.0032736,0.0012047,0.0012044,2.6753e-07
-0.0055333,-0.0011244,-0.001807,-0.0018066,-4.0129e-07
-7.6682e-05,1.8007e-05,-0.0047215,-0.0047204,-1.0485e-06
0.0018081,0.00041392,-0.0027364,-0.0027358,-6.0769e-07
0.0015152,0.00033858,-0.00073767,-0.0007375,-1.6382e-07
-0.0025266,-0.0005646,0.00017017,0.00017013,3.7791e-08
-0.0028631,-0.00063979,0.00043674,0.00043664,9.6989e-08
-0.0011242,-0.00025121,0.00037849,0.0003784,8.4053e-08
-6.5494e-05,-1.4635e-05,0.00022774,0.00022769,5.0576e-08
0.00033382,7.4595e-05,-0.0003416,-0.00034152,-7.5861e-08
0.00037266,8.3274e-05,-0.00089257,-0.00089237,-1.9822e-07
0.0002572,5.7473e-05,-0.0005173,-0.00051718,-1.1488e-07
0.00012567,3.0201e-05,-0.00013945,-0.00013942,-3.0969e-08
-0.0064472,-8.913e-05,3.217e-05,3.2163e-05,7.1442e-09
-0.011034,-0.00016885,8.2562e-05,8.2544e-05,1.8335e-08
-0.005807,-8.9776e-05,7.1551e-05,7.1534e-05,1.589e-08
-0.0014171,-2.1852e-05,4.3059e-05,4.3049e-05,9.5625e-09
0.00050022,7.8533e-06,2.0341e-05,2.0336e-05,4.5172e-09
0.0010034,1.5754e-05,7.9795e-06,7.9777e-06,1.7721e-09
0.00082955,1.3024e-05,-8.2215e-05,-8.2196e-05,-1.8258e-08
0.00048549,7.6221e-06,-0.00017591,-0.00017587,-3.9066e-08
0.00022467,3.5273e-06,-0.0001005,-0.00010047,-2.2318e-08
8.6783e-05,1.3625e-06,-2.7172e-05,-2.7166e-05,-6.0342e-09
2.8981e-05,4.55e-07,6.0815e-06,6.0801e-06,1.3506e-09
0.0038985,-6.7768e-06,1.5608e-05,1.5604e-05,3.4662e-09
0.018412,-3.2713e-05,1.3525e-05,1.3522e-05,3.0036e-09
0.013707,-2.4353e-05,-7.913e-06,-7.9112e-06,-1.7573e-09
0.004726,-8.3969e-06,-2.9563e-05,-2.9556e-05,-6.5652e-09
7.2805e-05,-1.2936e-07,-1.7488e-05,-1.7484e-05,-3.8838e-09
-0.0015342,2.7259e-06,-4.6258e-06,-4.6247e-06,-1.0273e-09
-0.0032297,1.9382e-06,1.3026e-06,1.3023e-06,2.8929e-10
-0.012511,-4.1231e-06,2.9506e-06,2.9499e-06,6.5526e-10
-0.010012,-4.0054e-06,2.5568e-06,2.5562e-06,5.6781e-10
-0.003727,-1.4418e-06,-1.4959e-06,-1.4956e-06,-3.3221e-10
-0.00031488,1.1387e-08,-5.5886e-06,-5.5874e-06,-1.2411e-09
0.00092126,5.3341e-07,-3.3061e-06,-3.3053e-06,-7.342e-10
0.0010338,5.5274e-07,-8.7447e-07,-8.7427e-07,-1.942e-10
0.00070835,3.6839e-07,2.4626e-07,2.462e-07,5.4688e-11
0.00036544,1.9006e-07,5.5779e-07,5.5766e-07,1.2387e-10
-0.001035,3.0067e-08,4.834e-07,4.8329e-07,1.0735e-10
-0.023655,-9.6608e-07,2.9091e-07,2.9084e-07,6.4604e-11
-0.024977,-1.0396e-06,1.3742e-07,1.3739e-07,3.0518e-11
-0.0106,-4.4238e-07,5.3953e-08,5.3941e-08,1.1982e-11
-0.001604,-6.729e-08,1.8259e-08,1.8254e-08,4.0548e-12
0.0019223,8.0646e-08,5.4233e-09,5.4221e-09,1.2044e-12
0.0025161,1.0556e-07,-5.737e-07,-5.7357e-07,-1.2741e-10
0.001839,7.7151e-08,-1.1939e-06,-1.1937e-06,-2.6514e-10
0.00099546,4.1762e-08,-6.7894e-07,-6.7879e-07,-1.5078e-10
0.00043439,1.8223e-08,-1.8357e-07,-1.8353e-07,-4.0767e-11
0.00016012,6.7173e-09,4.1087e-08,4.1077e-08,9.1244e-12
-0.00059484,-1.8078e-09,1.0545e-07,1.0542e-07,2.3417e-11
-0.027849,-1.7039e-07,9.1383e-08,9.1362e-08,2.0294e-11
-0.033831,-2.0763e-07,5.4994e-08,5.4982e-08,1.2213e-11
-0.015383,-9.4409e-08,2.5979e-08,2.5973e-08,5.7693e-12
-0.0028509,-1.7497e-08,1.0191e-08,1.0189e-08,2.2632e-12
0.0022412,1.3754e-08,-1.05e-07,-1.0498e-07,-2.3319e-11
0.0032788,2.0123e-08,-2.2467e-07,-2.2462e-07,-4.9894e-11
0.0024906,1.5285e-08,-1.2835e-07,-1.2832e-07,-2.8504e-11
0.0013825,8.4846e-09,-3.4703e-08,-3.4695e-08,-7.7068e-12
0.0006149,3.7738e-09,7.7672e-09,7.7654e-09,1.7249e-12
0.00023014,1.4124e-09,1.9934e-08,1.993e-08,4.4269e-12
7.4896e-05,4.5965e-10,1.7275e-08,1.7271e-08,3.8365e-12
2.1703e-05,1.332e-10,1.0396e-08,1.0394e-08,2.3088e-12
0,0,4.9111e-09,4.91e-09,1.0906e-12
0,0,1.9281e-09,1.9277e-09,4.282e-13
0,0,6.5252e-10,6.5237e-10,1.4491e-13
0,0,1.9537e-10,1.9532e-10,4.3387e-14
0,0,0,0,0
