0,0,0,0,0
0,0,0,0,0
0,0,0,0,0
0,0,0,0,0
0,0,0,0,0
0,0,0,0,0
0,0,0,0,0
0,0,0,0,0
0,-1.5209e-07,0,0,0
0,-0.0020106,0,0,0
0,-0.0041843,0,0,0
0,-0.0023795,0,0,0
0,-0.00064336,0,0,0
0,0.00014399,0,0,0
0,0.00036955,-3.0038e-06,0,1.5209e-07
0,0.00032027,-0.03971,0,0.0020106
0,0.00019274,-0.08264,0,0.0041843
0,9.1046e-05,-0.046994,0,0.0023795
0,0.00077907,-0.012706,0,0.00064336
0,0.014839,0.0028439,0,-0.00014399
0,0.015633,0.0072987,0,-0.00036955
0,0.0066317,0.0063253,0,-0.00032027
0,0.001003,0.0038044,-1.4068e-06,-0.0001927
0,-0.0012021,-0.026677,-0.018598,0.00040907
0,-0.0015734,-0.058554,-0.038705,0.001005
0,-0.00115,-0.03346,-0.02201,0.00057977
0,-0.0006225,-0.0090401,-0.0059511,0.00015641
0,-0.00027164,0.0020393,0.0013319,-3.5817e-05
0,-0.00010013,0.0052339,0.0034184,-9.1923e-05
0,-3.2178e-05,0.0045358,0.0029625,-7.9662e-05
0,-9.2266e-06,0.0027296,0.0017828,-4.7941e-05
0,0,0.0012895,0.00084218,-2.2647e-05
0,0,0.00050625,0.00033065,-8.8913e-06
0.00055175,7.7793e-05,0.00017132,0.0001119,-3.009e-06
0.023787,0.0033539,5.1295e-05,3.3502e-05,-9.009e-07
0.028882,0.0040722,0,0,0
0.013133,0.0018516,0,0,0
0.0024339,0.00034316,-5.3578e-07,-3.4994e-07,9.41e-09
-0.0019133,-0.00026976,-0.007083,-0.0046261,0.0001244
-0.0027992,-0.00039467,-0.01474,-0.0096273,0.00025889
-0.0021262,-0.00029978,-0.0083823,-0.0054748,0.00014722
-0.0043939,-1.6383e-05,-0.0022664,-0.0014803,3.9805e-05
-0.02281,0.00096629,0.00050726,0.00033131,-8.909e-06
-0.018628,0.00083271,0.0013019,0.00085028,-2.2865e-05
-0.0068831,0.00030932,0.0011282,0.00073688,-1.9815e-05
-0.00048202,1.9024e-05,0.00067883,0.00044337,-1.1922e-05
0.0018353,-8.5676e-05,-0.0014411,-0.00094121,2.531e-05
0.0020207,-9.433e-05,-0.0035406,-0.0023124,6.2183e-05
0.0013758,-6.4227e-05,-0.0020424,-0.0013339,3.5871e-05
0.00070981,-3.3136e-05,-0.00055098,-0.00035986,9.677e-06
0.00029853,-1.3936e-05,0.00012618,8.2409e-05,-2.216e-06
0.00010683,-4.987e-06,0.00032382,0.0002115,-5.6873e-06
3.3502e-05,-1.564e-06,0.00028063,0.00018329,-4.9288e-06
-0.00046547,0.0015465,0.00016889,0.0001103,-2.9661e-06
-0.0052564,0.017123,7.978e-05,5.2106e-05,-1.4012e-06
-0.004879,0.015893,3.2696e-05,2.1843e-05,-5.4953e-07
-0.0019335,0.0062982,0.018171,0.018319,7.5105e-06
-0.00021772,0.00070922,0.037796,0.038111,1.5962e-05
0.00042916,-0.001398,0.021491,0.021671,9.1086e-06
0.00051179,-0.0016672,0.0058108,0.0058595,2.4628e-06
0.00029975,-0.00088903,-0.0013006,-0.0013114,-5.5121e-07
-0.0010253,0.0050836,-0.0033378,-0.0033658,-1.4147e-06
-0.0012,0.0057474,-0.0028927,-0.0029169,-1.226e-06
-0.00051417,0.0024549,-0.0017408,-0.0017554,-7.3779e-07
-7.2841e-05,0.00035525,-0.00082234,-0.00082922,-3.4853e-07
0.00010124,-0.00047118,-0.00032286,-0.00032556,-1.3683e-07
0.00012902,-0.00060534,-0.00010926,-0.00011017,-4.6307e-08
9.4302e-05,-0.00044245,-3.3816e-05,-3.2642e-05,-8.9765e-08
5.1045e-05,-0.00023949,-0.014584,0.0045549,-0.0010034
2.2274e-05,-0.00010451,-0.03035,0.0094792,-0.0020882
8.2105e-06,-3.8522e-05,-0.017259,0.0053905,-0.0011875
2.6386e-06,-1.238e-05,-0.0046665,0.0014575,-0.00032107
7.5659e-07,-3.5498e-06,0.0010444,-0.00032621,7.186e-05
0,0,0.0026805,-0.0008372,0.00018443
-4.9458e-05,0.00023204,0.002323,-0.00072554,0.00015983
-0.00034296,0.0016091,0.001398,-0.00043663,9.6185e-05
-0.00028365,0.0013308,0.0006604,-0.00020626,4.5437e-05
-0.00010494,0.00049238,0.00025928,-8.0979e-05,1.7839e-05
-7.1329e-06,3.3466e-05,8.7469e-05,-2.7319e-05,6.0181e-06
2.8245e-05,-0.00013252,-0.0036013,0.0011248,-0.00024778
3.1098e-05,-0.0001459,-0.0075493,0.0023578,-0.00051941
2.1174e-05,-9.9343e-05,-0.004293,0.0013408,-0.00029537
1.0924e-05,-5.1252e-05,-0.0011607,0.00036253,-7.9861e-05
4.1108e-06,-1.9287e-05,0.00025979,-8.114e-05,1.7874e-05
-5.8996e-05,0.0002768,0.00066675,-0.00020824,4.5874e-05
-8.572e-05,0.00040218,0.00057782,-0.00018047,3.9755e-05
-4.196e-05,0.00019687,0.00034773,-0.00010861,2.3925e-05
-9.0934e-06,4.2664e-05,0.00016427,-5.1304e-05,1.1302e-05
4.809e-06,-2.2563e-05,6.4424e-05,-2.0121e-05,4.4325e-06
8.0736e-06,-3.788e-05,-0.00088049,0.000275,-6.0579e-05
6.3887e-06,-2.9975e-05,-0.0018713,0.00058444,-0.00012875
3.6397e-06,-1.7077e-05,-0.0010678,0.00033351,-7.347e-05
-0.0025414,7.8343e-07,-0.00028872,9.0175e-05,-1.9865e-05
-0.028148,9.1461e-05,6.4621e-05,-2.0183e-05,4.446e-06
-0.026128,8.6657e-05,0.00016583,-5.1793e-05,1.1409e-05
-0.010354,3.4441e-05,-8.0713e-05,2.5209e-05,-5.5532e-06
-0.0011659,3.9103e-06,-0.00038058,0.00011887,-2.6185e-05
0.0022982,-7.7077e-06,-0.00022475,7.0196e-05,-1.5464e-05
0.0021082,0.00054354,-5.5774e-05,1.742e-05,-3.8374e-06
-0.0050701,0.0061116,2.1502e-05,-6.7158e-06,1.4794e-06
-0.0054786,0.0056754,4.2878e-05,-1.3392e-05,2.9501e-06
-0.0021384,0.0022489,3.3902e-05,-1.3009e-05,2.4594e-06
-0.0001313,0.00025288,-0.024413,-0.024368,-2.3608e-06
0.00062204,-0.00049968,-0.05084,-0.050701,-7.2942e-06
0.00069602,-0.00059573,-0.028913,-0.028832,-4.2711e-06
0.00048048,-0.00041984,-0.0078172,-0.0077955,-1.1361e-06
-0.0024448,-8.4297e-05,0.0017503,0.0017446,3.029e-07
-0.029762,0.0014268,0.0044911,0.0044776,7.0598e-07
-0.027686,0.001378,0.0038917,0.00388,6.1175e-07
-0.010975,0.00054881,-0.0037355,-0.0037243,-5.8721e-07
-0.0012337,5.9925e-05,-0.011542,-0.011507,-1.8144e-06
0.0024388,-0.00012425,-0.0067584,-0.0067381,-1.0624e-06
0.0022371,0.0014532,-0.0017978,-0.0017924,-2.826e-07
-0.0053802,0.01762,0.00047929,0.00047785,7.5342e-08
-0.0058137,0.016397,0.0011171,0.0011138,1.756e-07
-0.0022692,0.006496,0.00096812,0.00096522,1.5218e-07
-0.00013933,0.00072557,0.00058261,0.00058087,9.1584e-08
0.00066008,-0.0014499,0.00027522,0.0002744,4.3263e-08
0.00073859,-0.0017265,0.00011009,0.00010762,-6.8645e-07
0.00050986,-0.0012163,0.026925,-0.0014708,-0.0092994
0.00026934,-0.00064253,0.055968,-0.0031258,-0.019353
0.00011536,-0.0002752,0.031821,-0.0017838,-0.011005
4.1891e-05,-9.9934e-05,0.0086037,-0.00048229,-0.0029756
1.3297e-05,-3.1722e-05,-0.0019256,0.00010794,0.00066599
0.0006839,0.00038931,-0.0049421,0.00027704,0.0017092
0.0075282,0.0044088,-0.0042829,0.00024009,0.0014813
0.0069877,0.0040923,-0.0025775,0.00014448,0.00089143
0.0027691,0.0016217,-0.0012176,6.8253e-05,0.0004211
0.00031182,0.00018261,-0.00047752,2.6768e-05,0.00016515
-0.00061464,-0.00035996,0.0065264,-0.00036584,-0.0022572
-0.00073298,-0.00042926,0.01387,-0.00077751,-0.004797
-0.0005166,-0.00030254,0.0079151,-0.00044369,-0.0027374
-0.00010373,0.00065928,0.0021401,-0.00011996,-0.00074015
0.0017557,0.008998,-0.00047898,2.685e-05,0.00016566
0.0016957,0.0083907,-0.0012317,6.6374e-05,0.00042511
0.00067531,0.003327,-0.032828,-0.03346,-0.00020691
7.3737e-05,0.00037329,-0.066743,-0.069722,-0.00097564
-0.00015288,-0.00074024,-0.037893,-0.039652,-0.00057616
-0.00018232,-0.00088276,-0.010282,-0.010719,-0.00014298
-0.0001285,-0.00062217,0.0022345,0.0024028,5.5122e-05
-0.0028489,1.4295e-05,0.005826,0.0061617,0.00010992
-0.019313,0.0022374,0.0050588,0.0053386,9.1636e-05
-0.01596,0.0019158,-0.0048559,-0.0051245,-8.7961e-05
-0.0059044,0.00071151,-0.015004,-0.015834,-0.00027178
-0.00040203,4.4858e-05,-0.0087853,-0.0092713,-0.00015914
0.0015882,-0.00019586,-0.002337,-0.0024662,-4.2332e-05
0.0017486,-0.00021564,0.00062304,0.0006575,1.1286e-05
0.0014157,-0.00012068,0.0014522,0.0015325,2.6305e-05
0.0051035,0.00044588,0.0012585,0.0013281,2.2796e-05
0.0049907,0.00051802,0.00075735,0.00079924,1.3719e-05
0.0021004,0.00022191,0.00035776,0.00037755,6.4806e-06
0.00033269,3.1713e-05,0.00014046,0.00014823,2.5443e-06
-0.00035583,-4.3296e-05,4.7534e-05,5.0164e-05,8.6105e-07
-0.0004764,-5.5355e-05,1.4083e-05,1.4862e-05,2.5511e-07
-0.0003482,-4.0459e-05,-0.0019652,-0.0020739,-3.5598e-05
-0.00018848,-2.19e-05,-0.0040898,-0.004316,-7.4083e-05
-8.2246e-05,-9.5566e-06,-0.0023257,-0.0024544,-4.2128e-05
-3.0316e-05,-3.5226e-06,-0.00062882,-0.00066361,-1.1391e-05
-0.0011719,1.1474e-05,0.00014074,0.00014853,2.5494e-06
-0.012866,0.00013921,0.00036121,0.00038119,6.543e-06
-0.01194,0.00012951,0.00031303,0.00033035,5.6703e-06
-0.0047316,5.1323e-05,0.00018838,0.0001988,3.4124e-06
-0.00053281,5.7793e-06,8.8953e-05,9.3873e-05,1.6113e-06
0.0010503,-1.1392e-05,-0.00045388,-0.00047899,-8.2217e-06
0.0012525,-1.3585e-05,-0.0010055,-0.0010611,-1.8213e-05
0.00088274,-9.5749e-06,-0.00057495,-0.00060676,-1.0415e-05
0.00046631,-5.058e-06,-0.00015641,-0.00016506,-2.8333e-06
-0.00032283,-1.4856e-06,3.5008e-05,3.6944e-05,6.3414e-07
-0.022456,2.8563e-05,8.9846e-05,9.4816e-05,1.6275e-06
-0.027331,3.5386e-05,7.7863e-05,8.217e-05,1.4104e-06
-0.012431,1.6133e-05,4.6858e-05,4.945e-05,8.4879e-07
-0.0023051,3.003e-06,2.2135e-05,2.336e-05,4.0096e-07
0.0018121,-2.3607e-06,8.6904e-06,9.1711e-06,1.5742e-07
0.0026511,-3.4537e-06,2.9318e-06,3.094e-06,5.3107e-08
0.0020137,-2.6234e-06,-0.00012071,-0.00012738,-2.1865e-06
0.0011178,-1.4562e-06,-0.00025304,-0.00026703,-4.5835e-06
0.00049717,-6.477e-07,-0.00014389,-0.00015185,-2.6065e-06
0.00018608,-2.4242e-07,-3.8906e-05,-4.1058e-05,-7.0475e-07
6.0556e-05,-7.8891e-08,8.7078e-06,9.1894e-06,1.5773e-07
1.7548e-05,-2.2861e-08,2.2348e-05,2.3584e-05,4.0482e-07
0,0,1.9367e-05,2.0439e-05,3.5083e-07
0,0,1.1655e-05,1.23e-05,2.1113e-07
-0.00059866,0.00084787,5.5059e-06,5.8104e-06,9.9734e-08
-0.0066265,0.0093849,2.1616e-06,2.2812e-06,3.9156e-08
-0.0061507,0.0087111,7.3154e-07,7.72e-07,1.3251e-08
-0.0024374,0.0034521,2.1903e-07,2.3114e-07,3.9675e-09
-0.00027447,0.00038872,-5.7263e-07,-5.7275e-07,-4.1441e-11
0.00054102,-0.00076623,-0.0075701,-0.0075717,-5.4784e-07
0.00064519,-0.00091376,-0.015754,-0.015757,-1.1401e-06
0.00045473,-0.00064402,-0.0089588,-0.0089608,-6.4834e-07
-1.0448e-05,0.0077147,-0.0024223,-0.0024228,-1.753e-07
-0.0016353,0.05571,0.00053995,0.00054418,3.9224e-08
-0.0014002,0.046144,-0.027635,0.026652,-3.5575e-08
-0.00052002,0.017075,-0.059201,0.053774,-1.9632e-07
-3.2786e-05,0.0011569,-0.033626,0.03062,-1.0875e-07
0.00014315,-0.0046001,-0.008945,0.0084255,-1.8796e-08
0.00015761,-0.0050647,0.0022134,-0.0016744,1.9499e-08
0.00010731,-0.0034485,0.0053806,-0.0045973,2.8342e-08
5.5364e-05,-0.0017791,0.0046372,-0.00401,2.2693e-08
2.3285e-05,-0.00074825,0.0027824,-0.0024214,1.3063e-08
-5.4017e-05,0.0017358,0.0013144,-0.0011438,6.1706e-09
-0.00042974,0.013809,0.00051604,-0.00044908,2.4226e-09
-0.00035685,0.011467,0.00017409,-0.0001515,8.173e-10
-0.0001323,0.0042514,-0.0071677,0.0062376,-3.365e-08
-8.9922e-06,0.00028896,-0.015025,0.013076,-7.0539e-08
3.5607e-05,-0.0011442,-0.0085445,0.0074358,-4.0113e-08
3.9204e-05,-0.0012598,-0.0023102,0.0020105,-1.0846e-08
1.1184e-05,0.0049878,0.00051707,-0.00044998,2.4275e-09
-9.3771e-05,0.040092,0.001327,-0.0011548,6.23e-09
-8.3153e-05,0.033339,0.0011513,-0.00099928,5.3984e-09
-3.0835e-05,0.012337,0.017746,0.01981,-5.1819e-09
-1.5867e-06,0.00082217,0.035817,0.042196,-1.6011e-08
9.0394e-06,-0.0033442,0.020311,0.024045,-9.3751e-09
9.7514e-06,-0.0036755,0.0055003,0.0064938,-2.4938e-09
6.6395e-06,-0.0025026,-0.0012083,-0.0014732,6.6486e-10
2.2428e-06,0.0013402,-0.0031345,-0.0037518,1.5496e-09
-2.2147e-05,0.051943,-0.0027164,-0.0032514,1.343e-09
-2.435e-05,0.055134,-0.0016347,-0.0019567,8.0819e-10
-1.0389e-05,0.023415,-0.00077224,-0.00092433,3.8178e-10
-1.5503e-06,0.0035335,-0.00030319,-0.0003629,1.4989e-10
1.9124e-06,-0.0042554,-0.0001026,-0.00012281,5.0726e-11
2.5032e-06,-0.0055698,-3.23e-05,-3.4485e-05,1.5029e-11
1.8296e-06,-0.004071,-0.020891,0.03021,-2.0971e-09
9.9034e-07,-0.0022036,-0.043476,0.06287,-4.3643e-09
4.3215e-07,-0.00096158,-0.024723,0.035752,-2.4818e-09
0.00045983,-7.906e-05,-0.0066846,0.0096666,-6.7104e-10
0.019817,0.011759,0.0014961,-0.0021636,1.5019e-10
0.024062,0.014383,0.0038398,-0.0055527,3.8546e-10
0.010941,0.0065546,0.0033276,-0.0048121,3.3405e-10
0.0020277,0.0012148,0.0020026,-0.0028959,2.0103e-10
-0.001594,-0.00095495,0.0009456,-0.0013674,9.4924e-11
-0.002332,-0.0013971,-0.004825,0.0069773,-4.8435e-10
-0.0017714,-0.0010612,-0.010688,0.015456,-1.073e-09
-0.00098326,-0.00058907,-0.006112,0.0088385,-6.1355e-10
-0.00043734,-0.000262,-0.0016627,0.0024045,-1.6691e-10
-0.00016369,-9.8064e-05,0.00037215,-0.00053816,3.7358e-11
0.00083319,0.0027806,0.0009551,-0.0013812,9.5878e-11
0.0061316,0.019494,0.00082771,-0.0011969,8.309e-11
0.005084,0.01613,0.00049863,-0.00072079,4.9994e-11
0.001881,0.0059679,0.0069853,-0.0065136,-1.0613e-10
0.00012785,0.00040563,0.01414,-0.012981,-2.6075e-10
-0.00050624,-0.0016062,0.0080195,-0.0073511,-1.5042e-10
-0.00055738,-0.0017684,0.0021692,-0.0019889,-4.0578e-11
0.0026928,-0.00050451,-0.00048341,0.00044212,9.2924e-12
0.021109,0.0042299,-0.0012407,0.0011347,2.3848e-11
0.017538,0.003751,-0.0010751,0.00098322,2.0665e-11
0.0064897,0.001391,0.0010319,-0.00094378,-1.9836e-11
0.00043386,7.1576e-05,0.0031884,-0.0029161,-6.129e-11
-0.0017572,-0.00040776,0.001867,-0.0017075,-3.5888e-11
-0.0019318,-0.00043988,0.00049663,-0.0004542,-9.5464e-12
-0.0014926,-0.00027706,-0.0001324,0.00012109,2.5451e-12
-0.0083227,0.00081312,-0.0003086,0.00028224,5.932e-12
-0.0095667,0.0011099,-0.00026744,0.00024459,5.1409e-12
-0.0043223,0.00051097,-0.00016094,0.0001472,3.0938e-12
-0.00081416,9.1714e-05,-7.6029e-05,6.9534e-05,1.4615e-12
0.00060585,-7.988e-05,-2.9849e-05,2.73e-05,5.7378e-13
0.00089952,-0.00011387,-1.007e-05,9.2098e-06,1.9357e-13
0.00068327,-8.6492e-05,0.0004146,-0.00037918,-7.9697e-12
0.00037927,-4.8011e-05,0.00086912,-0.00079487,-1.6707e-11
0.00016869,-2.1354e-05,0.00049424,-0.00045202,-9.5005e-12
6.3138e-05,-7.9925e-06,0.00013363,-0.00012222,-2.5687e-12
-0.0045991,4.0683e-05,-2.9909e-05,2.7354e-05,5.7493e-13
-0.032028,0.00029939,-7.676e-05,7.0203e-05,1.4755e-12
-0.026495,0.00024824,-6.6514e-05,6.0833e-05,1.2786e-12
-0.0098025,9.1845e-05,6.3846e-05,-5.8392e-05,-1.2273e-12
-0.00066626,6.2425e-06,0.00019727,-0.00018042,-3.7921e-12
0.0026382,-2.4719e-05,0.00011551,-0.00010564,-2.2204e-12
0.0029047,-2.7216e-05,3.0727e-05,-2.8102e-05,-5.9064e-13
0.0019778,-1.8531e-05,-8.1918e-06,7.4921e-06,1.5747e-13
-0.00012874,0.00599,-1.9093e-05,1.7462e-05,3.6702e-13
-0.007539,0.041599,-1.4948e-05,1.3534e-05,3.1803e-13
-0.0064367,0.034407,0.021127,-0.021126,-3.0527e-13
-0.0023901,0.01273,0.043984,-0.04398,-9.4323e-13
-0.0001522,0.00086515,0.025013,-0.025011,-5.523e-13
0.00048643,-0.001142,0.0067629,-0.0067622,-1.4692e-13
-0.001157,0.021512,-0.001514,0.0015138,3.9168e-14
-0.0012526,0.0209,-0.0038841,0.0038836,9.1283e-14
-0.00043753,0.007975,0.010185,-0.010184,-4.4429e-14
2.8896e-05,0.00048993,0.026176,-0.026175,-2.095e-13
0.00019165,-0.0022637,0.01508,-0.01508,-1.2372e-13
0.00019497,-0.0025243,0.0039604,-0.0039603,-3.0702e-14
0.0017843,-0.0011844,-0.0010977,0.0010976,1.1836e-14
0.018353,0.0053725,-0.0025289,0.0025288,2.3603e-14
0.017001,0.005445,-0.0021586,0.0021585,1.9679e-14
0.0067364,0.0021708,-0.001299,0.001299,1.1843e-14
0.00076073,0.00021524,-0.00061365,0.00061362,5.5945e-15
-0.0014919,-0.00052632,-0.00024067,0.00024066,2.1941e-15
-0.0017803,-0.00061234,0.0032892,-0.0032891,-2.9987e-14
-0.0012548,-0.00043157,0.0069905,-0.0069902,-6.373e-14
-0.00066284,-0.00022798,0.0039891,-0.003989,-3.6368e-14
-0.0002839,-9.7646e-05,0.0010786,-0.0010785,-9.8331e-15
0.00058858,0.0040524,-0.0002414,0.00024139,2.2008e-15
0.0047636,0.028335,-0.00061955,0.00061953,5.6483e-15
0.0039576,0.023442,-0.00053692,0.0005369,4.895e-15
0.0014677,0.0086741,-0.00032408,0.00032202,2.9452e-15
9.9755e-05,0.00058956,-0.012886,-0.014257,-6.2523e-15
-0.00039501,-0.0023345,-0.026559,-0.029929,-1.5361e-14
-0.00043491,-0.0025703,-0.015089,-0.017033,-8.8612e-15
-0.00029612,-0.0017501,-0.0040804,-0.0046049,-2.3905e-15
-0.00015277,-0.00090289,0.00091191,0.001032,5.4743e-16
-6.4252e-05,-0.00037974,0.0023404,0.0026486,1.405e-15
-1.6231e-05,-9.5925e-05,0.0020282,0.0022953,1.2176e-15
0.00084085,0.0049695,0.0012206,0.0013813,7.3273e-16
0.001204,0.0071157,0.0005766,0.00065253,3.4613e-16
0.00058884,0.0034801,0.00022638,0.00025619,1.359e-16
0.00012717,0.00075161,7.661e-05,8.6699e-05,4.5989e-17
-6.7255e-05,-0.00039748,2.2698e-05,2.5687e-05,1.3626e-17
-0.00011291,-0.00066731,-0.0031672,-0.0035843,-1.9013e-15
-8.9348e-05,-0.00052805,-0.0065913,-0.0074594,-3.9568e-15
-5.0902e-05,-0.00030084,-0.0037483,-0.0042419,-2.2501e-15
-2.3088e-05,-0.00013645,-0.0010135,-0.0011469,-6.0838e-16
1.6646e-05,9.8378e-05,0.00022683,0.0002567,1.3617e-16
0.00027851,0.001646,0.00058214,0.00065881,3.4947e-16
0.00026035,0.0015387,0.0005045,0.00057094,3.0286e-16
0.00010351,0.00061174,0.00030361,0.00034359,1.8226e-16
1.1656e-05,6.8886e-05,0.00014342,0.00016231,8.6097e-17
-2.2975e-05,-0.00013578,5.6249e-05,6.3656e-05,3.3767e-17
-2.7399e-05,-0.00016193,-0.00076876,-0.00087,-4.6149e-16
-1.9311e-05,-0.00011413,-0.0016338,-0.001849,-9.8079e-16
-1.0201e-05,-6.0288e-05,-0.00093234,-0.0010551,-5.5969e-16
-4.3691e-06,-2.5822e-05,-0.00025209,-0.00028528,-1.5133e-16
-1.5866e-06,-9.3768e-06,5.6421e-05,6.3851e-05,3.387e-17
-5.0362e-07,-2.9765e-06,0.0001448,0.00016387,8.6925e-17
-1.4292e-07,-8.4467e-07,0.00012549,0.00014201,7.5332e-17
-0.0035541,6.2911e-05,7.5519e-05,8.5465e-05,4.5335e-17
-0.024646,0.00043624,3.5675e-05,4.0373e-05,2.1416e-17
-0.020384,0.00036081,1.4006e-05,1.5851e-05,8.408e-18
-0.0075416,0.00013349,4.7399e-06,5.3641e-06,2.8454e-18
-0.00051259,9.0732e-06,1.4043e-06,1.5893e-06,8.4303e-19
0.0020297,-3.5927e-05,-0.00019596,-0.00022177,-1.1764e-16
0.0022347,-3.9557e-05,-0.00040781,-0.00046152,-2.4481e-16
0.0015216,-2.6933e-05,-0.00023191,-0.00026245,-1.3922e-16
0.000785,-1.3895e-05,-6.2703e-05,-7.0961e-05,-3.7641e-17
0.00046353,-5.229e-06,1.4034e-05,1.5882e-05,8.4247e-18
0.016847,7.5044e-05,3.6018e-05,4.0761e-05,2.1622e-17
0.023826,0.00010904,3.1214e-05,3.5325e-05,1.8738e-17
0.011626,5.3373e-05,1.8785e-05,2.1258e-05,1.1276e-17
0.0025085,1.1567e-05,8.8736e-06,1.0042e-05,5.3269e-18
-0.0013266,-6.1171e-06,3.4802e-06,3.9385e-06,2.0892e-18
-0.0022272,-1.027e-05,-4.7564e-05,-5.3828e-05,-2.8553e-17
-0.0017624,-8.1266e-06,-0.00010109,-0.0001144,-6.0682e-17
-0.0010041,-4.6298e-06,-5.7685e-05,-6.5281e-05,-3.4628e-17
-0.00045542,-2.0999e-06,-1.5597e-05,-1.7651e-05,-9.3628e-18
-0.00017313,-7.9832e-07,3.4908e-06,3.9505e-06,2.0956e-18
0.00078707,0.0031406,8.959e-06,1.0139e-05,5.3781e-18
0.0058368,0.02178,7.7641e-06,8.7866e-06,4.6608e-18
0.0048413,0.018014,4.6724e-06,5.2878e-06,2.8049e-18
0.0017912,0.0066647,2.2072e-06,2.4979e-06,1.325e-18
0.00012174,0.00045299,2.9153e-08,1.8161e-06,5.1966e-19
-0.00048208,-0.0017937,-0.01107,0.011045,-7.1022e-18
-0.00053077,-0.0019749,-0.023039,0.022985,-1.5094e-17
-0.00036139,-0.0013447,-0.013101,0.013071,-8.6134e-18
-0.00031829,-0.00066303,-0.0035423,0.0035341,-2.3289e-18
-0.016615,0.0035593,0.00079284,-0.00079099,5.2125e-19
-0.023545,0.0053721,0.0020348,-0.00203,1.3378e-18
-0.011491,0.0026412,0.0017634,-0.0017593,1.1593e-18
-0.0024823,0.0005683,0.0010612,-0.0010587,6.9769e-19
0.0013114,-0.0003054,0.0005011,-0.00049993,3.2944e-19
0.0022017,-0.00051273,-0.0025569,0.0025509,-1.681e-18
0.0017422,-0.00040573,-0.005664,0.0056508,-3.7238e-18
0.00099257,-0.00023115,-0.0032389,0.0032313,-2.1294e-18
0.0004502,-0.00010484,-0.00088112,0.00087906,-5.7928e-19
0.00017115,-3.9857e-05,0.00019721,-0.00019675,1.2965e-19
-0.00043932,0.00018702,0.00050613,-0.00050495,3.3275e-19
-0.0054707,0.0022116,0.00043862,-0.0004376,2.8837e-19
-0.0050932,0.0020564,0.00026396,-0.00026335,1.7354e-19
-0.0020183,0.00081492,0.00012469,-0.0001244,8.1979e-20
-0.00022728,9.1765e-05,4.8956e-05,-4.8841e-05,3.2186e-20
0.000448,-0.00018088,1.5983e-05,-1.6477e-05,-3.8023e-08
0.00053426,-0.00021571,-0.0077172,0.0006784,-0.00050266
0.00037655,-0.00015203,-0.01607,0.0014221,-0.0010461
-0.0021475,3.493e-06,-0.0091387,0.0008087,-0.00059487
-0.016186,0.00054673,-0.0024709,0.00021866,-0.00016084
-0.013426,0.00046815,0.00055289,-4.8926e-05,3.5989e-05
-0.0049691,0.00017386,-0.00050145,4.4374e-05,-3.2641e-05
-0.00033562,1.0961e-05,-0.0027673,0.00024488,-0.00018013
0.00134,-4.786e-05,-0.0015329,0.00013565,-9.9782e-05
0.0014754,-5.2695e-05,-0.00026493,2.3444e-05,-1.7245e-05
0.00016995,-2.9488e-05,0.00027485,-2.4322e-05,1.7891e-05
-0.016129,0.00010895,0.0003995,-3.5353e-05,2.6005e-05
-0.017331,0.00012658,0.00031987,-2.8306e-05,2.0821e-05
-0.007368,5.4226e-05,0.00018412,-1.6294e-05,1.1985e-05
-0.0011017,7.7492e-06,8.6979e-05,-7.6969e-06,5.6617e-06
0.0013566,-1.058e-05,3.4112e-05,-3.0187e-06,2.2205e-06
0.0017666,-1.3526e-05,-0.00046622,4.1256e-05,-3.0347e-05
0.0012912,-9.8866e-06,-0.00099083,8.768e-05,-6.4496e-05
0.00069893,-5.3516e-06,-0.00056542,5.0035e-05,-3.6805e-05
-0.002215,7.4508e-07,-0.00015288,1.3528e-05,-9.9513e-06
-0.027781,3.3235e-05,3.4217e-05,-3.0279e-06,2.2273e-06
-0.025855,3.1371e-05,8.7815e-05,-7.771e-06,5.7162e-06
-0.01025,1.2462e-05,7.6103e-05,-6.7345e-06,4.9538e-06
-0.0011554,1.4122e-06,4.5799e-05,-4.0528e-06,2.9812e-06
0.0022774,-2.7837e-06,2.1626e-05,-1.9137e-06,1.4077e-06
0.0027159,-3.3197e-06,-0.00011035,9.7648e-06,-7.1828e-06
0.0019141,-2.3397e-06,-0.00024444,2.1631e-05,-1.5912e-05
0.0010112,-1.236e-06,-0.00013978,1.2369e-05,-9.0988e-06
0.00043309,-5.2938e-07,-3.8027e-05,3.365e-06,-2.4753e-06
0.00015727,-1.9223e-07,8.511e-06,-7.5315e-07,5.5401e-07
4.9921e-05,-6.102e-08,2.1843e-05,-1.9329e-06,1.4218e-06
1.4167e-05,-1.7317e-08,1.893e-05,-1.6751e-06,1.2322e-06
-0.00062683,0.00025489,1.1392e-05,-1.0081e-06,7.4154e-07
-0.0069382,0.0028214,5.3814e-06,-4.7621e-07,3.5029e-07
-0.0064401,0.0026188,2.1128e-06,-1.8697e-07,1.3753e-07
-0.0025521,0.0010378,7.1501e-07,-6.3272e-08,4.6542e-08
-0.00028738,0.00011686,2.1408e-07,-1.8944e-08,1.3935e-08
0.00056647,-0.00023035,1.9749e-06,1.9787e-10,-1.1421e-07
0.00067554,-0.0002747,0.026109,2.6158e-06,-0.0015099
0.00047612,-0.00019361,0.054334,5.4438e-06,-0.0031422
0.00025151,-0.00010228,0.030898,3.0957e-06,-0.0017869
0.00010773,-4.3805e-05,0.0083542,8.3702e-07,-0.00048313
-0.00022334,0.001089,-0.0018698,-1.8734e-07,0.00010813
-0.0018075,0.0076564,-0.0047988,-4.808e-07,0.00027752
-0.0015017,0.0063352,-0.0041587,-4.1667e-07,0.00024051
-0.00055691,0.0023444,-0.0025027,-2.5075e-07,0.00014474
-3.7852e-05,0.00015935,-0.001183,-1.184e-07,6.8077e-05
0.00014988,-0.00063097,-0.010558,6.0415e-07,-0.0038673
0.00016502,-0.00069471,-0.021162,1.3383e-06,-0.008095
0.00011236,-0.00047301,-0.011992,7.6531e-07,-0.0046058
5.7968e-05,-0.00024403,-0.0032297,2.082e-07,-0.001246
-1.4402e-05,-0.0013371,0.00072286,-4.6598e-08,0.00027889
-0.00042055,-0.0137,0.0018552,-1.1959e-07,0.00071575
-0.00039572,-0.012694,0.0016078,-1.0364e-07,0.00062029
-0.00015713,-0.0050292,0.00096755,-6.2372e-08,0.00037329
-1.778e-05,-0.00056595,0.0004575,-2.9451e-08,0.00017689
3.5048e-05,0.0011156,0.0059626,1.5028e-07,0.0073944
4.1796e-05,0.0013304,0.012096,3.329e-07,0.015268
2.9458e-05,0.00093764,0.0068623,1.9036e-07,0.008676
1.5561e-05,0.00049532,0.0018505,5.1787e-08,0.0023439
5.5201e-06,0.00021201,-0.00041417,-1.1591e-08,-0.00052461
-0.015134,-0.001745,-0.001063,-2.9747e-08,-0.0013464
-0.031501,-0.0037673,-0.00092119,-2.578e-08,-0.0011668
-0.017914,-0.0021493,-0.00055437,-1.5514e-08,-0.00070218
-0.0048435,-0.00058301,-0.00026177,-7.3257e-09,-0.00033157
0.0010841,0.00013049,0.0013357,3.738e-08,0.0016918
0.0027822,0.00033489,0.0029589,8.2805e-08,0.0037478
0.0024111,0.00029022,0.001692,4.735e-08,0.0021431
0.001451,0.00017466,0.00046029,1.2881e-08,0.00058302
-0.0025215,-4.6057e-05,-0.00010302,-2.8831e-09,-0.00013049
-0.021969,-0.00085911,-0.0002644,-7.3993e-09,-0.0003349
-0.018301,-0.00072638,-0.00022913,-6.4124e-09,-0.00029023
-0.0067776,-0.00026952,-0.00013789,-3.859e-09,-0.00017466
-0.00046252,-1.8542e-05,-6.5139e-05,-1.8229e-09,-8.2508e-05
0.0018314,7.3421e-05,-2.5574e-05,-7.157e-10,-3.2393e-05
0.0020164,8.0837e-05,-8.6548e-06,-2.4221e-10,-1.0962e-05
0.001373,5.504e-05,-2.5642e-06,-7.176e-11,-3.2479e-06
0.00070832,2.8396e-05,0.00035781,1.0013e-08,0.00045322
0.0002979,1.1943e-05,0.00074464,2.0839e-08,0.00094318
-0.00069108,0.0067454,0.00042345,1.185e-08,0.00053636
-0.005498,0.046746,0.00011449,3.2041e-09,0.00014502
-0.0045655,0.038662,-2.5625e-05,-7.1713e-10,-3.2458e-05
-0.0016926,0.014304,-6.5766e-05,-1.8405e-09,-8.3302e-05
-0.00011505,0.00097222,-5.8794e-05,-1.5948e-09,-7.3989e-05
0.00045555,-0.0038497,-0.023821,1.5308e-09,-0.023807
0.00050157,-0.0042386,-0.049519,4.73e-09,-0.049474
0.00034151,-0.002886,-0.028157,2.7696e-09,-0.028131
-3.3323e-05,-0.0012726,-0.0076135,7.3674e-10,-0.0076065
-0.0089583,0.0086979,0.0017029,-1.9642e-10,0.001701
-0.01094,0.011097,0.0043721,-4.578e-10,0.0043677
-0.0049784,0.0050774,0.003789,-3.9674e-10,0.0037852
-0.00092185,0.00093428,0.0022802,-2.3876e-10,0.0022779
0.00072651,-0.00074997,0.0010771,-1.1279e-10,0.0010761
0.0010629,-0.0010972,0.00042245,-4.4234e-11,0.00042203
0.00080736,-0.00083343,-0.0057737,6.0455e-10,-0.0057679
0.00044815,-0.00046262,-0.01227,1.2848e-09,-0.012258
0.00019933,-0.00020577,-0.0070022,7.3319e-10,-0.0069952
7.4605e-05,-7.7014e-05,-0.0018932,1.9824e-10,-0.0018914
2.4279e-05,-2.5063e-05,0.00042374,-4.4369e-11,0.00042332
-0.000397,0.011104,0.0010875,-1.1387e-10,0.0010864
-0.0028017,0.07705,0.0009395,2.8516e-06,0.00094141
-0.0023172,0.063726,-0.038604,0.037699,-0.00090365
-0.00085732,0.023577,-0.08125,0.078455,-0.0027921
-5.8271e-05,0.0016025,-0.046252,0.044615,-0.0016349
0.00023074,-0.0063456,-0.012498,0.012063,-0.00043489
0.00025405,-0.0069866,0.002816,-0.0026999,0.00011594
0.00017297,-0.004757,0.0071997,-0.0069292,0.00027024
8.9239e-05,-0.0024542,0.0062394,-0.006005,0.00023419
-6.2966e-05,-0.0018331,0.0037549,-0.0036138,0.00014094
-0.00068346,-0.0059234,0.001774,-0.0017074,6.655e-05
-0.00057217,-0.0047094,0.0035195,-0.0038594,-0.00033957
-0.00021207,-0.0017321,0.0061108,-0.0068637,-0.00075223
-1.4494e-05,-0.00011551,0.0034115,-0.0038421,-0.00043015
5.7227e-05,0.0004575,0.00090333,-0.0010205,-0.00011702
-4.2844e-05,0.0005658,-0.00020218,0.0002284,2.6191e-05
-0.00013717,0.00044859,-0.00051889,0.00058617,6.7218e-05
-7.2564e-05,0.00023248,-0.00044968,0.00050799,5.8253e-05
-1.3793e-05,8.7967e-05,-0.00027062,0.00030571,3.5057e-05
1.1494e-05,2.1843e-05,-0.00012727,0.00014384,1.6553e-05
1.7403e-05,-1.2429e-06,0.0074379,-0.0075224,-8.4464e-05
1.3816e-05,-5.5848e-06,0.015566,-0.015754,-0.00018711
7.9133e-06,-4.6412e-06,0.0088566,-0.0089637,-0.000107
3.662e-06,-2.1478e-06,0.002396,-0.0024252,-2.9107e-05
1.4145e-06,-8.2962e-07,-0.00053627,0.00054279,6.5147e-06
-5.7455e-06,3.3698e-06,-0.0013763,0.0013931,1.672e-05
-4.2977e-05,2.5207e-05,-0.0011928,0.0012073,1.449e-05
-3.5661e-05,2.0916e-05,-0.0007178,0.00072653,8.7199e-06
-1.3194e-05,7.7383e-06,-0.00033908,0.0003432,4.1192e-06
-8.9677e-07,5.2596e-07,-0.00013298,0.0001346,1.6155e-06
3.551e-06,-2.0827e-06,0.0018175,-0.0018396,-2.2079e-05
3.9097e-06,-2.2931e-06,0.0038627,-0.0039097,-4.6925e-05
2.662e-06,-1.5613e-06,0.0022043,-0.0022311,-2.6778e-05
1.1739e-06,0.00051428,0.00059598,-0.00060323,-7.2401e-06
-8.0228e-06,0.022206,-0.00013339,0.00013501,1.6205e-06
-1.0236e-05,0.026962,-0.00034234,0.00034651,4.1588e-06
-4.6833e-06,0.01226,-0.00029558,0.00030132,3.6037e-06
-8.6177e-07,0.0022721,0.014359,0.013786,-3.4592e-06
6.9176e-07,-0.0017862,0.03017,0.028399,-1.0688e-05
1.0121e-06,-0.0026132,0.017171,0.016135,-6.2584e-06
7.6874e-07,-0.0019849,0.0046405,0.0043648,-1.6648e-06
1.9818e-07,-0.00038463,-0.0010445,-0.00097098,4.4383e-07
-2.3399e-06,0.0074482,-0.002672,-0.0025007,1.0345e-06
-2.277e-06,0.0071849,-0.0023157,-0.0021672,8.9649e-07
-9.0738e-07,0.0028602,-0.0013938,-0.0013034,5.394e-07
-9.8081e-08,0.0003115,-0.0038281,0.0095539,-1.1451e-06
2.0654e-07,-0.00064812,-0.006855,0.020923,-2.8133e-06
2.4631e-07,-0.0007729,-0.0038387,0.011954,-1.6229e-06
1.736e-07,-0.00054474,-0.0010405,0.0032297,-4.3781e-07
9.1703e-08,-0.00028776,0.00022701,-0.00072835,1.0026e-07
-0.001426,0.00017703,0.00058261,-0.0018693,2.5731e-07
-0.0098884,0.0020375,0.0005049,-0.00162,2.2299e-07
-0.0081784,0.001708,0.00030379,-0.0009747,1.3417e-07
-0.0030259,0.00063314,-0.00064491,0.0020692,-2.8483e-07
-0.00020566,4.3307e-05,-0.0015845,0.0050837,-6.9979e-07
0.00081437,-0.00017149,-0.00091401,0.0029326,-4.0368e-07
0.0007879,0.00079575,-0.00024658,0.00079113,-1.089e-07
-0.0015584,0.01951,5.6466e-05,-0.00018117,2.4938e-08
-0.0019714,0.020636,0.00014492,-0.00046496,6.4003e-08
-0.00083763,0.008756,0.00012559,-0.00040295,5.5467e-08
-9.9322e-05,0.0013186,7.431e-05,-0.0002437,3.3373e-08
0.00019071,-0.0015954,-0.016748,-0.016073,-7.0847e-08
0.00023434,-0.0020849,-0.034914,-0.033256,-1.7406e-07
0.00016823,-0.0015232,-0.019858,-0.018901,-1.0041e-07
9.1061e-05,-0.00082452,-0.005369,-0.0051109,-2.7088e-08
3.9736e-05,-0.00035979,0.001202,0.0011429,6.2031e-09
0.0010804,0.00011228,0.0030849,0.0029332,1.592e-08
0.021263,0.0048422,0.0026734,0.002542,1.3797e-08
0.022411,0.0051372,0.0016089,0.0015298,8.3029e-09
0.0095083,0.0021849,0.00076001,0.00072264,3.9222e-09
0.0014381,0.00033046,0.00029839,0.00028371,1.5399e-09
-0.0017235,-0.00039605,0.00010098,9.6014e-05,5.2112e-10
-0.0022559,-0.00051838,2.9918e-05,2.8447e-05,1.544e-10
-0.0016488,-0.00037889,-0.0041748,-0.0039695,-2.1545e-08
-0.00089251,-0.00020509,-0.0086881,-0.0082608,-4.4836e-08
-0.00038946,-8.9494e-05,-0.0049406,-0.0046977,-2.5497e-08
-0.00014356,-3.2988e-05,-0.0013358,-0.0012701,-6.8938e-09
0.00021896,0.00059671,0.00029898,0.00028428,1.543e-09
0.0052744,0.012111,0.00076733,0.00072959,3.9599e-09
0.005574,0.01277,0.00066499,0.00063228,3.4318e-09
0.0023651,0.0054182,0.00040019,0.00038051,2.0652e-09
0.00035771,0.00081949,0.00018904,0.00017975,9.756e-10
-0.00042871,-0.00098214,7.4617e-05,7.0021e-05,3.8262e-10
-0.00056113,-0.0012855,0.0052699,-0.0072467,-5.2293e-09
-0.00041013,-0.00093959,0.010922,-0.015124,-1.1114e-08
-0.00065405,-0.00044504,0.0062069,-0.0086043,-6.3421e-09
-0.018724,0.0025183,0.0016782,-0.0023264,-1.7148e-09
-0.022652,0.0032453,-0.00037561,0.00052069,3.8379e-10
-0.010295,0.0014865,-0.000964,0.0013363,9.8499e-10
-0.0019091,0.00027283,-0.00083542,0.0011581,8.5361e-10
0.0014982,-0.0002204,-0.00050276,0.00069695,5.1371e-10
0.0021919,-0.00032245,-0.0002375,0.00032923,2.4267e-10
0.0016649,-0.00024493,-9.3145e-05,0.00012912,9.5173e-11
0.00092418,-0.00013596,0.001273,-0.0017647,-1.3007e-09
0.00041106,-6.0471e-05,0.0027055,-0.0037505,-2.7644e-09
0.00015385,-2.2633e-05,0.0015439,-0.0021402,-1.5775e-09
5.0068e-05,-7.3655e-06,0.00041744,-0.00057867,-4.2653e-10
1.4508e-05,-2.1343e-06,-9.343e-05,0.00012952,9.5464e-11
0,0,-0.00023978,0.0003324,2.45e-10
0,0,-0.0002078,0.00028807,2.1233e-10
0,0,-0.00012506,0.00017336,1.2778e-10
0,0,-5.9075e-05,8.1892e-05,6.0361e-11
0,0,-2.3193e-05,3.2152e-05,2.3698e-11
0,0,-7.849e-06,1.0881e-05,8.0199e-12
0,0,-2.35e-06,3.2577e-06,2.4012e-12
