0,0,0,0,0
0,0,0,0,0
0,0,0,0,0
0,0,0,0,0
0,0,0,0,0
0,0,0,0,0
0,0,0,0,0
0,0,0,0,0
0,0,0,0,0
-1.2316e-05,4.7013e-06,0,0,0
-0.007861,0.0030008,0,0,0
-0.013359,0.0050997,0,0,0
-0.0070252,0.0026818,0,0,0
-0.0017146,0.00065454,-4.4689e-08,6.022e-08,-1.1857e-07
0.00060445,-0.00023074,-0.00059078,0.00079611,-0.0015675
0.0012125,-0.00046286,-0.0012295,0.0016568,-0.0032621
0.0010024,-0.00038265,-0.00069916,0.00094215,-0.001855
0.00058666,-0.00022395,-0.00018904,0.00025474,-0.00050156
0.0001875,0.00057214,4.231e-05,-5.7015e-05,0.00011226
-0.003516,0.029094,0.00010859,-0.00014633,0.00028811
-0.0043613,0.03536,9.4104e-05,-0.00012681,0.00024968
-0.0019887,0.016081,5.6632e-05,-7.6314e-05,0.00015026
-0.00037048,0.0029809,2.6752e-05,-3.605e-05,7.098e-05
0.00029124,-0.0023434,1.1818e-05,-1.2802e-05,2.7826e-05
0.00042609,-0.0034284,0.017389,0.017868,-0.00054132
0.00032365,-0.0026041,0.036182,0.037193,-0.0011433
0.00017965,-0.0014455,0.020575,0.021151,-0.00065178
7.9906e-05,-0.00064294,0.005563,0.0057189,-0.00017623
-0.0044766,0.0016002,-0.0012451,-0.00128,3.9443e-05
-0.03124,0.012687,-0.0031955,-0.003285,0.00010123
-0.025843,0.010535,-0.0027688,-0.0028464,8.7713e-05
-0.0095625,0.0039062,0.004442,0.0045665,-0.00014072
-0.00064994,0.0002655,0.011925,0.012259,-0.00037778
0.0025736,-0.0010513,0.00692,0.007114,-0.00021922
0.0028336,-0.0011575,0.00185,0.0019019,-5.8606e-05
0.0019792,-0.00076269,-0.00046879,-0.00048193,1.4851e-05
0.0072477,0.0027817,-0.0011228,-0.0011542,3.5568e-05
0.00931,0.004363,-0.00097301,-0.0010003,3.0824e-05
0.004491,0.0021525,-0.00058556,-0.00060197,1.855e-05
0.00098457,0.00045892,-0.00027661,-0.00028436,8.7627e-06
-0.00048264,-0.00025823,-0.0001086,-0.00011164,3.4403e-06
-0.00083244,-0.00042449,-3.6752e-05,-3.7782e-05,1.1643e-06
-0.00065872,-0.0003359,-1.0841e-05,-1.1145e-05,3.4344e-07
-0.00037528,-0.00019137,0.0021463,0.0022064,-6.7992e-05
-0.00017021,-8.6798e-05,0.0044666,0.0045918,-0.0001415
-6.471e-05,-3.2998e-05,0.00254,0.0026112,-8.0465e-05
-2.133e-05,-1.0877e-05,0.00068677,0.00070602,-2.1756e-05
-6.2474e-06,-3.1858e-06,-0.00015371,-0.00015802,4.8694e-06
0.0012294,6.9668e-05,-0.00039449,-0.00040555,1.2497e-05
0.024523,0.0013896,-0.00034188,-0.00035146,1.083e-05
0.025851,0.0014649,-0.00020574,-0.00021151,6.5177e-06
0.010968,0.00062155,-9.719e-05,-9.9914e-05,3.0789e-06
0.0016589,9.4008e-05,-3.81e-05,-3.9168e-05,1.207e-06
-0.0019882,-0.00011267,0.00074121,0.00076198,-2.3481e-05
-0.0026023,-0.00014747,0.0015655,0.0016094,-4.9594e-05
-0.0019021,-0.00010778,0.00089246,0.00091748,-2.8272e-05
-0.0010296,-5.8343e-05,0.0002413,0.00024807,-7.6442e-06
-0.00044927,-2.5459e-05,-5.4008e-05,-5.5521e-05,1.7109e-06
0.0048083,7.0466e-05,-0.00013861,-0.00014249,4.391e-06
0.034437,0.00055069,-0.0001201,-0.00012347,3.8047e-06
0.028511,0.00045709,0.00019268,0.00019808,-6.1038e-06
0.010554,0.00016944,0.00051727,0.00053177,-1.6387e-05
0.00071735,1.1516e-05,0.00030017,0.00030858,-9.509e-06
-0.0028405,-4.5602e-05,8.0247e-05,8.2496e-05,-2.5421e-06
-0.0031275,-5.0208e-05,-2.0335e-05,-2.0905e-05,6.4418e-07
-0.0021294,-3.4185e-05,-4.8701e-05,-5.0066e-05,1.5428e-06
0.001555,0.0034891,-4.2206e-05,-4.3389e-05,1.337e-06
0.012098,0.016591,-2.5399e-05,-2.6111e-05,8.0463e-07
0.0091849,0.012354,-1.1998e-05,-1.2335e-05,3.801e-07
0.0031721,0.0042596,-4.7107e-06,-4.8427e-06,1.4923e-07
3.5099e-05,6.5399e-05,-1.5942e-06,-1.6389e-06,5.0502e-08
-0.0010466,-0.0013831,-4.7731e-07,-4.9068e-07,1.5121e-08
-0.0010745,-0.00142,-6.0132e-07,6.156e-07,-2.2309e-10
-0.00070793,-0.00093555,-0.0079494,0.0081382,-2.9493e-06
-0.00035694,-0.0004717,-0.016543,0.016936,-6.1377e-06
-0.00014747,-0.00019489,-0.0094077,0.0096311,-3.4903e-06
0.00031277,0.0021922,-0.0025436,0.0026041,-9.4371e-07
0.0040216,0.025005,0.00056931,-0.00058283,2.1122e-07
0.0037434,0.023223,0.0014611,-0.0014958,5.4208e-07
0.0014852,0.0092054,0.0012668,-0.0012953,4.697e-07
0.00016724,0.0010366,0.0085247,0.012635,-7.5354e-07
-0.00032966,-0.0020433,0.016515,0.02755,-2.023e-06
-0.00039314,-0.0024367,0.009328,0.015732,-1.1739e-06
-0.00027708,-0.0017174,0.0025317,0.0042436,-3.1384e-07
-0.00048638,-0.00073473,-0.00054162,-0.00097541,7.9526e-08
-0.014721,0.0070474,-0.0014268,-0.0024657,1.9047e-07
-0.017821,0.0088875,-0.0012365,-0.0021369,1.6506e-07
-0.0081,0.0040605,-0.00074412,-0.001286,9.9335e-08
-0.0015019,0.00074813,-0.00035152,-0.00060748,4.6925e-08
0.001179,-0.0005981,-0.00013801,-0.0002385,1.8423e-08
0.0017249,-0.00087503,-4.6704e-05,-8.0713e-05,6.2347e-09
0.0013102,-0.00066466,-1.3777e-05,-2.3809e-05,1.8392e-09
0.0007273,-0.00036895,0.0027275,0.0047136,-3.641e-07
0.00032349,-0.0001641,0.0056762,0.0098094,-7.5772e-07
0.00012107,-6.1419e-05,0.0032278,0.0055783,-4.3089e-07
3.9401e-05,-1.9988e-05,0.00087274,0.0015082,-1.165e-07
-0.0030537,0.00046406,-0.00019533,-0.00033757,2.6076e-08
-0.021254,0.0032581,-0.00050124,-0.00086623,6.6912e-08
-0.017579,0.0026947,0.00052388,0.00090535,-6.9934e-08
-0.0065038,0.00099698,0.0017329,0.0029948,-2.3133e-07
-0.00044205,6.7763e-05,0.0010106,0.0017465,-1.3491e-07
0.00067348,0.0013227,0.00025816,0.00044614,-3.4462e-08
-0.0055407,0.010737,-8.5043e-05,-0.00014697,1.1353e-08
-0.0048643,0.0089235,-0.00018217,-0.00031399,2.4166e-08
-0.0016082,0.0032722,-0.014896,-0.014762,-2.4572e-08
0.00012941,0.00018581,-0.030773,-0.03033,-8.1281e-08
0.00071692,-0.00092422,-0.017491,-0.017232,-4.7402e-08
0.00048431,-0.00024964,-0.0047345,-0.0046684,-1.2109e-08
-0.0020182,0.0076815,0.0010501,0.0010283,3.9888e-09
-0.0020717,0.0074121,0.002708,0.0026617,8.4922e-09
-0.00081519,0.0029287,0.0023484,0.0023093,7.1599e-09
-6.7261e-05,0.00029355,0.0014132,0.0013894,-1.8581e-07
0.00021438,-0.00069947,0.00051408,-0.0044374,-0.0025133
0.00024542,-0.00081902,-5.7394e-05,-0.010343,-0.0052304
0.00017075,-0.00057396,-9.2988e-05,-0.0059412,-0.0029744
9.0198e-05,-0.0003032,-2.2567e-05,-0.0016038,-0.0008042
3.8633e-05,-0.00012986,1.0995e-05,0.00036481,0.00017999
1.4029e-05,-4.7157e-05,2.8218e-05,0.00093627,0.00046195
-0.0029803,0.00043195,2.4455e-05,0.0008114,0.00040033
-0.020696,0.0030948,1.4717e-05,0.0004883,0.00024092
-0.017118,0.0025632,6.952e-06,0.00023067,0.00011381
-0.0063334,0.00094832,2.7294e-06,9.0562e-05,4.4682e-05
-0.00043047,6.4456e-05,9.2368e-07,3.0648e-05,1.5121e-05
0.0017046,-0.00025523,2.7248e-07,9.0407e-06,4.4606e-06
0.0018767,-0.00028101,-5.3942e-05,-0.0017898,-0.00088307
0.0012778,-0.00019133,-0.00011226,-0.0037247,-0.0018377
0.00065925,-9.8711e-05,-6.3838e-05,-0.0021181,-0.0010451
-0.0013151,0.0036611,-1.726e-05,-0.0005727,-0.00028256
-0.0074379,0.01751,3.8632e-06,0.00012818,6.3243e-05
-0.0055798,0.013042,9.3049e-06,0.00032953,0.00016229
-0.0019259,0.0044971,-0.0080528,0.0076987,-0.00016961
-2.9803e-05,6.9298e-05,-0.016771,0.0156,-0.00056106
0.00062804,-0.0014603,-0.0095379,0.0088547,-0.00032721
0.0006448,-0.0014993,-0.0025785,0.002404,-8.3582e-05
0.00042482,-0.00098779,0.00057766,-0.00052017,2.7534e-05
-0.00015429,0.0013569,0.0014818,-0.0013594,5.862e-05
-0.0024667,0.012657,0.0012841,-0.0011809,4.9423e-05
-0.0020821,0.010566,0.0007738,-0.00070921,2.9734e-05
-0.00077221,0.0039135,0.01412,0.018857,-9.4968e-05
-5.0453e-05,0.00026127,0.028769,0.039809,-0.00022136
0.00021043,-0.0010593,0.016327,0.022669,-0.00012715
0.000192,-0.00096653,0.0044159,0.0061278,-3.4325e-05
-0.00063391,0.0031911,-0.0009851,-0.0013745,7.8075e-06
-0.00075315,0.0037913,-0.0025282,-0.0035276,2.0038e-05
-0.00031987,0.0016102,-0.002191,-0.0030571,1.7365e-05
-4.1307e-05,0.00020794,-0.0013186,-0.0018398,1.045e-05
6.8027e-05,-0.00034244,-0.00062251,-0.00086858,4.9338e-06
8.509e-05,-0.00042834,0.0045885,0.0064023,-3.6366e-05
6.1405e-05,-0.00030911,0.0099752,0.013918,-7.906e-05
3.3238e-05,-0.00016732,0.0056948,0.007946,-4.5135e-05
1.4504e-05,-7.3012e-05,0.0015465,0.0021578,-1.2257e-05
-6.3726e-05,0.004218,-0.00034612,-0.00048295,2.7433e-06
-0.00032522,0.020083,-0.00088831,-0.0012395,7.0405e-06
-0.00024289,0.014955,-0.00076984,-0.0010741,6.1014e-06
-8.3918e-05,0.0051572,-0.00046247,-0.00064556,3.6708e-06
-1.2928e-06,7.9448e-05,0.010527,0.011112,-1.1724e-05
2.7242e-05,-0.0016742,0.022277,0.02364,-2.7328e-05
2.7969e-05,-0.0017189,0.012688,0.013471,-1.5697e-05
1.8427e-05,-0.0011325,0.0034298,0.0036411,-4.2375e-06
4.3913e-06,0.0018064,-0.00076959,-0.00081766,9.6387e-07
-9.3895e-05,0.047185,-0.0019751,-0.0020985,2.4737e-06
-0.00010167,0.049907,-0.0017117,-0.0018186,2.1438e-06
-4.3295e-05,0.021185,-0.0010301,-0.0010944,1.2901e-06
-6.495e-06,0.0032009,-0.00048661,-0.000517,6.0945e-07
7.9239e-06,-0.0038448,-0.00018895,-0.00020448,2.3892e-07
1.0372e-05,-0.0050324,0.027587,-0.019933,-4.6479e-06
7.5806e-06,-0.0036782,0.057527,-0.041361,-9.8169e-06
4.1033e-06,-0.001991,0.032724,-0.023509,-5.5964e-06
1.7906e-06,-0.0008688,0.008848,-0.0063563,-1.5131e-06
-7.8672e-06,0.0061989,-0.0019803,0.0014226,3.3867e-07
-4.0149e-05,0.030753,-0.0050824,0.0036511,8.6917e-07
-2.9986e-05,0.022941,-0.0044046,0.0031642,7.5325e-07
-1.036e-05,0.0079202,-0.0026507,0.0019042,4.533e-07
-1.596e-07,0.00012201,-0.0012518,0.00089941,2.1401e-07
3.3632e-06,-0.0025712,0.0036949,-0.0010973,-1.5775e-06
3.4529e-06,-0.0026398,0.0085462,-0.0028989,-3.4293e-06
2.2749e-06,-0.0017392,0.0049047,-0.0016807,-1.9578e-06
1.0695e-06,-0.0008008,0.0013396,-0.0004641,-5.3166e-07
-9.2527e-06,0.0091823,-0.00029983,0.00010387,1.1899e-07
-1.3665e-05,0.013445,-0.00076949,0.00026659,3.0539e-07
-6.7017e-06,0.0065876,-0.00066686,0.00023103,2.6466e-07
-1.4442e-06,0.0014203,-0.00040132,0.00013903,1.5927e-07
7.7136e-07,-0.00075693,-0.00018863,6.564e-05,-3.8874e-08
1.295e-06,-0.0012708,0.012455,-0.00048383,-0.0015085
1.0247e-06,-0.0010056,0.02605,-0.0010518,-0.0031394
5.8381e-07,-0.00057288,0.01482,-0.00060049,-0.0017853
2.648e-07,-0.00025984,0.0040091,-0.00016307,-0.0004827
1.0067e-07,-9.8783e-05,-0.00089732,3.6497e-05,0.00010804
-0.0021395,0.00064778,-0.0023029,9.3668e-05,0.00027727
-0.014836,0.0047082,-0.0019958,8.1175e-05,0.00024029
-0.012271,0.0039019,-0.0012011,4.8851e-05,0.00014461
-0.00454,0.0014436,-0.00056737,2.3077e-05,6.8311e-05
-0.00030857,9.8121e-05,-0.00022275,9.0601e-06,2.682e-05
0.0012219,-0.00038853,-7.505e-05,3.0526e-06,9.0361e-06
0.0013453,-0.00042778,0.0043798,-0.00017814,-0.00052733
0.00091598,-0.00029127,0.0091616,-0.00037264,-0.0011031
0.00047257,-0.00015027,0.0052099,-0.00021191,-0.00062728
0.00016921,-0.00019391,0.0014087,-5.7295e-05,-0.0001696
-0.0036345,-0.016416,-0.00031528,1.2824e-05,3.796e-05
-0.0052474,-0.02332,-0.00080915,3.2911e-05,9.7423e-05
-0.0025667,-0.011385,-0.00070123,2.8522e-05,8.4429e-05
-0.00055568,-0.0024583,-0.000422,1.7164e-05,5.0809e-05
0.00029387,0.0013001,-0.00019828,8.1035e-06,2.4938e-05
0.00049336,0.0021826,0.014035,-5.9731e-05,0.01239
0.00039041,0.0017271,0.029344,-0.00012985,0.025767
0.00022242,0.00098397,0.016694,-7.4133e-05,0.014652
0.00010088,0.0004463,0.0045159,-2.0131e-05,0.0039614
3.8352e-05,0.00016967,-0.0010107,4.5057e-06,-0.00088663
-0.00025149,0.0042346,-0.002594,1.1564e-05,-0.0022755
-0.0018279,0.028992,-0.0022491,1.1446e-05,-0.0019717
-0.0015149,0.023965,-0.015244,0.018833,0.0031631
-0.00056048,0.0088667,-0.029547,0.039185,0.0084919
-3.8095e-05,0.00060266,-0.01669,0.022282,0.0049278
0.00015084,-0.0023864,-0.0045297,0.0060248,0.0013174
0.00016608,-0.0026274,0.00096939,-0.0013482,-0.00033383
0.00011308,-0.001789,0.0025531,-0.0034605,-0.00079952
2.989e-05,0.00031396,0.0022126,-0.002999,-0.00069288
-0.00054295,0.024284,0.0013316,-0.0018048,-0.00041698
-0.00058944,0.025869,0.00062901,-0.00085256,-0.00019697
-0.00025107,0.010992,0.00024696,-0.00033472,-7.7334e-05
-3.7617e-05,0.0016568,8.3574e-05,-0.00011328,-2.6171e-05
4.601e-05,-0.0020003,2.5023e-05,-3.3915e-05,-7.8358e-06
6.0221e-05,-0.0026182,-1.0536e-06,-1.8401e-07,1.1561e-07
4.4016e-05,-0.0019136,-0.013928,-0.0024326,0.0015284
2.3826e-05,-0.0010358,-0.028986,-0.0050624,0.0031807
1.0397e-05,-0.00045201,-0.016484,-0.0028788,0.0018088
3.8323e-06,-0.00016661,-0.0044568,-0.00077837,0.00048905
1.2316e-06,-5.3544e-05,0.00099751,0.00017421,-0.00010946
3.5314e-07,-1.5353e-05,0.0025601,0.00044711,-0.00028092
-3.2609e-05,0.0014177,0.0022186,0.00038748,-0.00024345
-0.00022612,0.0098307,0.0013352,0.00023318,-0.00014651
-0.00018702,0.0081307,0.00063072,0.00011015,-6.9209e-05
-6.9193e-05,0.0030082,0.00024763,4.3247e-05,-2.7172e-05
-4.7029e-06,0.00020446,8.3431e-05,1.4571e-05,-9.1549e-06
1.8622e-05,-0.00080962,-0.0048688,-0.00085033,0.00053426
2.0503e-05,-0.0008914,-0.010185,-0.0017787,0.0011176
1.396e-05,-0.00060694,-0.0057917,-0.0010115,0.00063552
-4.2551e-06,0.0016109,-0.0015659,-0.00027349,0.00017183
-7.642e-05,0.01321,0.00035049,6.1212e-05,-3.8459e-05
-6.4626e-05,0.010988,0.00089951,0.0001571,-9.8703e-05
-2.3972e-05,0.0040678,0.00077998,0.00013669,-8.5524e-05
-1.5569e-06,0.00027334,0.0062894,0.0073214,0.00013721
6.5431e-06,-0.0010988,0.012334,0.015105,0.00036835
7.2041e-06,-0.0012098,0.006975,0.0085828,0.00021375
4.9051e-06,-0.00082371,0.0018918,0.0023216,5.7144e-05
2.5306e-06,-0.00042496,-0.00040802,-0.00051693,-1.448e-05
1.0643e-06,-0.00017873,-0.0010698,-0.0013306,-3.468e-05
3.8086e-07,-6.3958e-05,-0.0009271,-0.0011532,-3.0055e-05
0.0035609,0.00065597,-0.00055793,-0.00069397,-1.8087e-05
0.024691,0.0046822,-0.00026356,-0.00032783,-8.5441e-06
0.020422,0.0038771,-0.00010348,-0.00012871,-3.3545e-06
0.0075556,0.0014345,-3.5018e-05,-4.3557e-05,-1.1352e-06
0.00051354,9.7499e-05,-1.0485e-05,-1.3041e-05,-3.3989e-07
-0.0020335,-0.00038607,0,0,0
-0.0022389,-0.00042507,1.5469e-07,1.9241e-07,5.0149e-09
-0.0015244,-0.00028942,0.002045,0.0025437,6.6296e-05
-0.00078647,-0.00014931,0.0042559,0.0052936,0.00013797
0.00092033,0.0033117,0.0024202,0.0030103,7.8458e-05
0.0085572,0.023378,0.00065437,0.00081392,2.1213e-05
0.0071382,0.019347,-0.00014515,-0.00018085,-4.7461e-06
0.0026443,0.0071585,0.01693,0.017014,1.1108e-05
0.00018044,0.00048669,0.03569,0.035975,3.7916e-05
-0.00071449,-0.0019271,0.020285,0.020444,2.1212e-05
-0.00078666,-0.0021218,0.005445,0.0054785,4.4514e-06
-0.00053562,-0.0014447,-0.0012758,-0.0012972,-2.8469e-06
-0.0017094,-4.096e-05,-0.0031932,-0.0032284,-4.6803e-06
-0.015978,0.0074831,-0.0027603,-0.0027891,-3.8298e-06
-0.014765,0.0071246,-0.0016585,-0.0016753,-2.2323e-06
-0.0058476,0.0028326,0.005297,0.0053506,7.1297e-06
-0.00066067,0.00031305,0.012347,0.012472,1.6619e-05
0.0012951,-0.00063655,0.0070921,0.0071639,9.5458e-06
0.0010409,-0.0023752,0.0019145,0.0019339,2.5769e-06
-0.0044848,-0.018423,-0.00043548,-0.00043989,-5.8615e-07
-0.0045981,-0.016887,-0.0011176,-0.001129,-1.5043e-06
-0.0018037,-0.006701,-0.00096858,-0.00097838,-1.3037e-06
-0.00014141,-0.00078489,-0.00058189,-0.00058863,5.2161e-08
0.00048342,0.0014466,0.01292,0.00188,0.011061
0.0005507,0.0017377,0.027352,0.0043821,0.023019
0.00038245,0.0012276,0.015579,0.0025171,0.01309
0.00020203,0.00064846,0.0042112,0.0006795,0.0035394
8.6532e-05,0.00027774,-0.00094498,-0.00015456,-0.00079217
3.1423e-05,0.00010086,-0.0024252,-0.00039667,-0.0020331
-8.1317e-05,0.00080994,-0.0021018,-0.00034376,-0.0017619
-0.0018181,0.015526,-0.0012649,-0.00020688,-0.0010603
-0.0019196,0.016357,-0.0005975,-9.7727e-05,-0.00050089
-0.00081447,0.0069404,-0.00023231,-3.6391e-05,-0.00019636
-0.00012319,0.0010497,0.029941,0.026129,0.0038199
0.00014764,-0.0012581,0.062451,0.054401,0.0080682
-0.0053784,-0.0002928,0.035527,0.030938,0.0045995
-0.02623,0.0052044,0.0096059,0.008365,0.0012436
-0.019556,0.0041189,-0.00215,-0.0018722,-0.00027834
-0.0067357,0.0013605,-0.005517,-0.0048043,-0.00071424
-9.1982e-05,-7.9449e-05,0.0057661,0.0050212,0.00074649
0.0022014,-0.00056764,0.019073,0.01661,0.0024693
0.0022572,-0.00055786,0.011124,0.0096866,0.0014401
0.0014864,-0.00036118,0.0028414,0.0024744,0.00036785
0.00074945,-0.00018211,-0.00093603,-0.00081511,-0.00012118
-0.00045628,0.0016356,-0.0019928,-0.0017354,-0.00025799
-0.0083687,0.018911,-0.0016801,-0.0014631,-0.00021752
-0.0078353,0.017569,-0.0010111,-0.0008805,-0.0001309
-0.003109,0.0069634,-0.00047764,-0.00041594,-6.1836e-05
-0.00035115,0.00078438,-0.00018584,-0.00016306,-2.4926e-05
0.00069218,-0.0015461,0.022241,0.0031721,-0.0085762
0.00082545,-0.0018438,0.046398,0.0066999,-0.017833
0.00058178,-0.0012995,0.026396,0.0038194,-0.01014
-0.0029975,0.0003254,0.0071369,0.0010327,-0.0027416
-0.022785,0.0067227,-0.0015974,-0.00023113,0.00061361
-0.018906,0.0056966,-0.0040996,-0.0005932,0.0015748
-0.0069974,0.0021132,-0.0035528,-0.00051408,0.0013648
-0.00047233,0.00013632,-0.0021375,-0.00030929,0.00082109
0.0018873,-0.00057788,0.0068268,0.00098782,-0.0026225
0.002078,-0.00063625,0.015913,0.0023025,-0.0061127
0.0014149,-0.00043321,0.0091403,0.0013226,-0.0035112
-0.003996,0.00013204,0.0024675,0.00035703,-0.00094785
-0.032464,0.0023714,-0.00056125,-8.1211e-05,0.0002156
-0.026994,0.0020054,-0.0014402,-0.0002084,0.00055324
-0.0099936,0.00074387,0.0015052,0.0002178,-0.00057822
-0.00067191,4.8313e-05,0.0049792,0.00072047,-0.0019127
0.0026989,-0.00020304,0.0029038,0.00042017,-0.0011155
0.0055888,-9.8631e-05,0.00074175,0.00010733,-0.00028494
0.020172,0.00071403,-0.00024435,-3.5357e-05,9.3865e-05
0.016054,0.00063792,-0.00052022,-7.5275e-05,0.00019984
0.0059925,0.00023205,-0.00043853,-6.3454e-05,0.00016846
0.00053456,6.1979e-06,0.00070354,0.0001018,-0.00027026
-0.0014454,-7.5047e-05,0.0018887,0.0002733,-0.00072554
-0.0016318,-7.9589e-05,0.001096,0.00015859,-0.00042102
-0.0011205,-5.3481e-05,0.00029301,4.2398e-05,-0.00011256
-0.00057807,-2.7591e-05,-7.4249e-05,-1.0744e-05,2.8522e-05
0.00067646,3.2288e-05,-0.00017783,-2.5731e-05,6.831e-05
0.0062897,0.00030021,-0.00015411,-2.2299e-05,5.9199e-05
0.0052467,0.00025043,-9.2717e-05,-1.3416e-05,3.5616e-05
0.0019436,9.277e-05,0.00029613,4.2849e-05,-0.00011375
0.00013263,6.3303e-06,0.00069024,9.9876e-05,-0.00026515
-0.00052516,-2.5066e-05,0.00039648,5.7369e-05,-0.0001523
-0.00025511,0.0026258,0.00010703,1.5487e-05,-4.1114e-05
0.0018468,0.01838,-2.4345e-05,-3.5227e-06,9.352e-06
0.00165,0.015208,-6.1768e-05,-8.3361e-06,2.3998e-05
0.00060018,0.0056261,0.0093644,0.0093086,-2.5081e-05
1.6031e-05,0.00038122,0.019568,0.019384,-8.2967e-05
-0.00019411,-0.0015158,0.011131,0.011023,-4.8386e-05
-0.00020585,-0.0016685,0.0030077,0.0029802,-1.236e-05
-0.0021637,-0.00020367,-0.00067657,-0.00066751,4.0716e-06
-0.014116,0.0058787,-0.0017318,-0.0017125,8.6684e-06
-0.011646,0.0051004,-0.0015003,-0.001484,7.3084e-06
-0.0043083,0.00189,-0.00090285,-0.00089306,4.3982e-06
-0.00029547,0.0001068,-0.00042625,-0.00042163,2.0764e-06
0.0011557,-0.00054018,0.0031419,0.0031078,-1.5305e-05
0.0012735,-0.0005862,0.0068303,0.0067562,-3.3273e-05
0.00086709,-0.00039913,0.0038994,0.0038571,-1.8996e-05
-0.00063319,-0.00035807,0.0010589,0.0010474,-5.1584e-06
-0.0049262,-0.00080677,-0.000237,-0.00023443,1.1545e-06
-0.00374,-0.00056712,-0.00060825,-0.00060166,2.9631e-06
-0.0012916,-0.00019457,-0.00052713,-0.00052141,2.5679e-06
-1.4292e-05,-5.5778e-06,-0.00031493,-0.0003137,1.659e-06
0.00042616,6.001e-05,0.030167,0.0010019,0.001503
0.00043754,6.1611e-05,0.063033,0.0023354,0.0031267
0.00028827,4.0592e-05,0.035858,0.0013414,0.001778
0.00014534,2.0466e-05,0.0096948,0.00036213,0.00048073
6.005e-05,8.4559e-06,-0.0021712,-8.237e-05,-0.00010759
2.1182e-05,2.9828e-06,-0.0055723,-0.0002114,-0.00027613
6.5643e-06,9.2435e-07,-0.0048291,-0.0001832,-0.0002393
-3.0425e-05,-4.2842e-06,-0.0029061,-0.00011025,-0.00014401
-0.0013904,-0.00019578,-0.0013728,-5.2082e-05,-6.8028e-05
-0.0016882,-0.00023772,-0.00053898,-2.0448e-05,-2.6708e-05
-0.00076761,-0.00010809,-0.0001824,-6.9199e-06,-9.0386e-06
-0.00014226,-2.0032e-05,-5.4612e-05,-2.0718e-06,-2.7062e-06
0.00011183,1.5748e-05,8.0576e-07,3.0569e-08,3.9928e-08
0.00016361,2.3039e-05,0.010652,0.00040411,0.00052785
0.00012428,1.75e-05,0.022168,0.000841,0.0010985
6.8985e-05,9.7141e-06,0.012606,0.00047825,0.00062468
3.0683e-05,4.3206e-06,0.0034085,0.00012931,0.0001689
-0.00045257,-2.1752e-06,-0.00076287,-2.8941e-05,-3.7803e-05
-0.0092524,-7.5117e-05,-0.0019579,-7.4277e-05,-9.7019e-05
-0.0097564,-7.9588e-05,-0.0016967,-6.437e-05,-8.4079e-05
-0.0041401,-3.3834e-05,-0.0010211,-3.8738e-05,-5.0599e-05
-0.00062618,-5.1173e-06,-0.00048236,-1.8299e-05,-2.3902e-05
0.00075046,6.1329e-06,-0.00018938,-7.1845e-06,-9.3843e-06
0.00098226,8.0273e-06,-6.3805e-05,-2.4206e-06,-3.1618e-06
0.00071794,5.8672e-06,0.0037235,0.00014126,0.00018451
0.00038862,3.1759e-06,0.0077889,0.00029549,0.00038597
0.00016958,1.3859e-06,0.0044293,0.00016804,0.00021949
6.2509e-05,5.1084e-07,0.0011976,4.5434e-05,5.9345e-05
-0.00029588,-2.418e-06,-0.00026804,-1.0169e-05,-1.3282e-05
-0.0034917,-2.8535e-05,-0.00068792,-2.6098e-05,-3.4089e-05
-0.0032463,-2.653e-05,-0.00059617,-2.2617e-05,-2.9542e-05
-0.0012865,-1.0513e-05,-0.00035877,-1.3611e-05,-1.7778e-05
-0.00014486,-1.1839e-06,-0.00016948,-6.4297e-06,-8.3984e-06
0.00028555,2.3336e-06,-6.644e-05,-2.5206e-06,-3.2923e-06
0.00034053,2.7829e-06,0.0012925,4.9035e-05,6.4049e-05
0.00024,1.9614e-06,0.00273,0.00010357,0.00013528
0.00012678,1.0361e-06,0.0015563,5.9042e-05,7.7119e-05
5.4302e-05,4.4377e-07,0.00042079,1.5964e-05,2.0851e-05
-9.1301e-05,0.00071928,-9.4179e-05,-3.5729e-06,-4.6669e-06
-0.0012226,0.0079599,-0.00024171,-9.1698e-06,-1.1977e-05
-0.0011389,0.0073883,-0.00021196,-5.4169e-06,-1.0378e-05
-0.00045201,0.0029279,-0.033091,0.033439,1.665e-05
-5.0899e-05,0.00032969,-0.068662,0.069598,4.4698e-05
0.00010033,-0.00064988,-0.039035,0.039578,2.5938e-05
0.00011965,-0.00077501,-0.010556,0.010701,6.9343e-06
8.4328e-05,-0.00054622,0.0023584,-0.0023953,-1.7571e-06
-0.0004127,-0.00015816,0.0060589,-0.0061471,-4.2084e-06
-0.0091014,0.0024771,0.0052508,-0.0053272,-3.6471e-06
-0.0096075,0.0026967,0.0031599,-0.0032059,-2.1948e-06
-0.0040772,0.001149,0.0014927,-0.0015144,-1.0368e-06
-0.00061637,0.00017189,0.00058606,-0.00059458,-4.0706e-07
0.00073946,-0.00021086,0.00019746,-0.00020033,-1.3715e-07
0.00096786,-0.00027599,-0.011523,0.011691,8.0036e-06
0.00070742,-0.00020172,-0.024104,0.024455,1.6742e-05
0.00038292,-0.00010919,-0.013707,0.013907,9.5207e-06
0.00016709,-4.7647e-05,-0.0037061,0.0037601,2.5742e-06
-0.00046249,0.00055965,0.0008295,-0.00084156,-5.7615e-07
-0.0036143,0.0039969,0.0021277,-0.0021587,-1.4784e-06
-0.003,0.0033088,-0.013283,0.013315,1.5452e-06
-0.0011121,0.0012248,-0.030372,0.03048,5.1113e-06
-7.5584e-05,8.3248e-05,-0.017379,0.017441,2.9809e-06
0.00029929,-0.00032964,-0.0046347,0.0046507,7.6144e-07
0.00032953,-0.00036294,0.0011531,-0.0011584,-2.5084e-07
0.00022437,-0.00024712,0.0028014,-0.0028126,-5.3403e-07
-0.004494,0.00018046,0.0024097,-0.0024191,-4.5025e-07
-0.02177,0.0014039,0.0014502,-0.0014558,-2.7096e-07
-0.016226,0.0010659,0.00068504,-0.00068772,-1.28e-07
-0.0055951,0.00036811,0.00026895,-0.00027,-5.0253e-08
-8.4743e-05,4.0732e-06,9.0616e-05,-9.097e-05,-1.6931e-08
0.0018181,-0.00012145,-0.0052881,0.0053088,9.8807e-07
0.0018666,-0.0001247,-0.011062,0.011105,2.0669e-06
0.0012298,-8.2155e-05,-0.0062905,0.0063151,1.1754e-06
-0.0010183,-1.9578e-05,-0.0017008,0.0017075,3.1779e-07
-0.032423,0.00041861,0.00038067,-0.00038216,-7.1127e-08
-0.034359,0.00045329,0.00097697,-0.0009808,-1.8255e-07
-0.014589,0.00019302,0.00084667,-0.00084998,-1.582e-07
-0.002203,2.8956e-05,0.00050953,-0.00051152,-9.5204e-08
0.0026495,-3.5327e-05,0.00024055,-0.0002415,-4.4947e-08
0.0034679,-4.6239e-05,-0.0017731,0.00178,3.313e-07
0.0025347,-3.3797e-05,-0.0038547,0.0038698,7.2024e-07
0.001372,-1.8294e-05,-0.0022006,0.0022093,4.1119e-07
0.00059871,-7.9829e-06,-0.0005976,0.00059994,1.1166e-07
-0.00089487,0.00030841,0.00013375,-0.00013428,-2.4991e-08
-0.012277,0.0034454,0.00034327,-0.00034461,-6.4139e-08
-0.011441,0.0031986,0.00029749,-0.00029865,-5.5585e-08
-0.0045419,0.0012677,0.00017903,-0.00017973,-3.3451e-08
-0.00051145,0.00014275,8.4571e-05,-8.4902e-05,-1.5802e-08
0.0010081,-0.00028138,3.3203e-05,-3.3333e-05,-6.2039e-09
0.0012023,-0.00033555,1.1624e-05,-1.1231e-05,-1.3517e-07
0.00084735,-0.0002365,0.0051277,0.00065539,-0.0017592
0.00044762,-0.00012493,0.010664,0.001371,-0.003661
0.00019172,-5.3509e-05,0.0060644,0.00077962,-0.0020819
0.00074159,3.7021e-05,0.0016397,0.00021079,-0.0005629
0.013426,0.0011198,-0.00036699,-4.7179e-05,0.00012599
0.014136,0.0011853,-0.00094186,-0.00012108,0.00032334
0.0059951,0.00050364,-0.00081624,-0.00010493,0.00028021
0.00090675,7.6175e-05,-0.00049121,-6.3149e-05,0.00016863
-0.0010867,-9.1294e-05,-0.00023204,-2.9831e-05,7.966e-05
-0.0014224,-0.00011949,-9.0966e-05,-1.1694e-05,3.1228e-05
-0.0010396,-8.7338e-05,0.0017697,0.0002275,-0.00060752
-0.00056275,-4.7276e-05,0.0037377,0.00048051,-0.0012832
-0.00024556,-2.063e-05,0.0021308,0.00027393,-0.00073149
-9.0516e-05,-7.6042e-06,0.00057612,7.4064e-05,-0.00019778
-2.9089e-05,-2.4437e-06,-0.00012895,-1.6577e-05,4.4267e-05
0.00076185,6.4002e-05,-0.00033093,-4.2544e-05,0.00011361
0.0053408,0.00044867,-0.00028679,-3.687e-05,9.8456e-05
0.0044172,0.00037108,-0.00017259,-2.2188e-05,5.9251e-05
0.0016343,0.00013729,-8.1531e-05,-1.0481e-05,2.7989e-05
0.00011108,9.3317e-06,-3.201e-05,-4.1151e-06,1.0989e-05
-0.00043985,-3.6951e-05,-1.0785e-05,-1.3865e-06,3.7024e-06
-0.00048428,-4.0684e-05,0.00062937,8.0911e-05,-0.00021606
-0.00032973,-2.77e-05,0.0013165,0.00016925,-0.00045196
-9.3485e-06,-0.0013985,0.00074867,9.6247e-05,-0.00025702
0.0017079,-0.015327,0.00020242,2.6023e-05,-6.9492e-05
0.0016261,-0.014224,-4.5306e-05,-5.8244e-06,1.5553e-05
0.00064651,-0.0056363,-0.00011628,-1.4948e-05,3.9917e-05
7.145e-05,-0.0006348,-0.00010077,-1.2954e-05,3.4593e-05
-0.00014528,0.0012509,-6.0642e-05,-7.796e-06,2.0818e-05
-0.00017326,0.0014918,-2.9257e-05,-3.0532e-06,9.8286e-06
-0.00012211,0.0010514,-0.0080828,0.0083209,-7.2446e-05
-6.4506e-05,0.00055541,-0.016801,0.017319,-0.0001575
-2.7629e-05,0.00023788,-0.0095534,0.009849,-8.9914e-05
-1.0033e-05,8.6384e-05,-0.0025827,0.002663,-2.4417e-05
-3.1847e-06,2.7421e-05,0.00057806,-0.00059602,5.4649e-06
0.0017498,-0.00047857,0.0014836,-0.0015297,1.4025e-05
0.019378,-0.0053833,0.0012857,-0.0013256,1.2155e-05
0.017987,-0.0049968,0.00077373,-0.00079778,7.3147e-06
0.0071277,-0.0019801,0.0003655,-0.00037686,3.4554e-06
0.00080263,-0.00022298,0.00014328,-0.00014774,1.3546e-06
-0.0015821,0.00043952,-0.0027875,0.0028741,-2.6352e-05
-0.0018867,0.00052415,-0.0058875,0.0060704,-5.5659e-05
-0.0013298,0.00036942,-0.0033563,0.0034606,-3.173e-05
-0.00010911,0.00015805,-0.00090747,0.00093567,-8.579e-06
0.02528,-0.001516,0.00020311,-0.00020942,1.9201e-06
0.03095,-0.0019118,0.00052126,-0.00053746,4.9279e-06
0.014088,-0.00087345,0.00045174,-0.00046578,4.2707e-06
0.0026075,-0.00016093,0.00027186,-0.00028031,2.5701e-06
-0.0020575,0.00012866,0.00012842,-0.00013241,1.2141e-06
-0.0030102,0.00018823,5.0344e-05,-5.1909e-05,4.7595e-07
-0.0022865,0.00014297,-0.0009794,0.0010098,-9.2591e-06
-0.0012692,7.9363e-05,-0.0020686,0.0021329,-1.9556e-05
-0.00056452,3.5299e-05,-0.0011793,0.0012159,-1.1149e-05
-0.00021129,1.3212e-05,-0.00031885,0.00032876,-3.0143e-06
-6.8759e-05,4.2995e-06,7.1363e-05,-7.3581e-05,6.7466e-07
-1.9925e-05,1.2459e-06,0.00018315,-0.00018884,1.7315e-06
0.0051811,-0.00010107,0.00015872,-0.00016366,1.5005e-06
0.035927,-0.00070084,9.552e-05,-9.8488e-05,9.0303e-07
0.029715,-0.00057965,4.5096e-05,-4.6498e-05,4.2633e-07
0.010994,-0.00021446,-0.0003324,0.00034273,-3.1425e-06
0.00074723,-1.4576e-05,-0.00072263,0.00074509,-6.8316e-06
-0.0029589,5.7719e-05,-0.00041255,0.00042537,-3.9002e-06
-0.0032577,6.3549e-05,-0.00011203,0.00011551,-1.0591e-06
-0.0003977,0.0019327,2.5074e-05,-2.5854e-05,2.3705e-07
0.011479,0.013125,6.4352e-05,-6.6352e-05,6.0837e-07
0.0099593,0.010846,5.4182e-05,-5.9071e-05,5.2714e-07
0.0036906,0.0040126,-0.02095,-0.020768,-8.4569e-07
0.00020854,0.00027356,-0.043652,-0.043164,-2.2704e-06
-0.0010548,-0.0010788,-0.024826,-0.024543,-1.3175e-06
-0.0011446,-0.001188,-0.0067121,-0.0066364,-3.5222e-07
-0.00039938,0.0014491,0.0015034,0.0014842,8.9252e-08
0.0038039,0.024576,0.0038567,0.0038108,2.1376e-07
0.0037349,0.023023,0.0033424,0.0033026,1.8525e-07
0.0014866,0.0091305,0.0020114,0.0019875,1.1148e-07
0.00015523,0.0010155,0.00095018,0.00093886,5.2663e-08
-0.00034873,-0.0020461,0.00037374,0.00036931,2.0645e-08
-0.00040951,-0.0024335,0.0093412,0.0094275,-4.0163e-07
-0.00028862,-0.0017151,0.019215,0.019397,-8.4829e-07
-0.00015247,-0.00090602,0.010905,0.011009,-4.8359e-07
-0.0034053,0.00094742,0.0029486,0.0029767,-1.3075e-07
-0.023185,0.0091197,-0.00065995,-0.00066623,2.9264e-08
-0.019163,0.0076145,-0.0016937,-0.0017099,7.5106e-08
-0.0070894,0.0028211,-0.0014678,-0.0014818,6.5089e-08
-0.00048171,0.00019261,-0.00088334,-0.00089175,3.917e-08
0.0019074,-0.00076267,-0.00041703,-0.00042101,1.8493e-08
0.0021001,-0.00083971,0.0030739,0.0031032,-1.3631e-07
0.0014299,-0.00057174,0.0066827,0.0067463,-2.9633e-07
0.00073772,-0.00029497,0.0038151,0.0038515,-1.6918e-07
-0.00086328,-0.00086685,0.001036,0.0010459,-4.5941e-08
-0.0080268,-0.0051951,-0.00023188,-0.00023409,1.0282e-08
-0.0066958,-0.004274,-0.00059534,-0.00060037,2.6385e-08
-0.0024804,-0.00158,-0.0036507,0.0049004,-2.7577e-08
-0.00016925,-0.00010713,-0.0068345,0.010968,-9.1221e-08
0.0006702,0.0004242,-0.0038567,0.0062675,-5.3199e-08
0.00049294,0.002938,-0.0010607,0.0016765,-1.3589e-08
-0.002209,0.027668,0.00020503,-0.0004079,4.4766e-09
-0.0022575,0.025551,0.00057038,-0.0010023,9.5307e-09
-0.00088832,0.010129,0.00049936,-0.0008635,8.0354e-09
-7.3295e-05,0.0011575,0.00029925,-0.00051951,-1.1739e-06
0.00023361,-0.0022253,-0.016542,0.0016593,-0.015582
0.00026743,-0.0026608,-0.034665,0.0038675,-0.032428
0.00018606,-0.0018769,-0.019726,0.0022215,-0.018441
9.829e-05,-0.00099146,-0.0053328,0.00059971,-0.004986
4.2098e-05,-0.00042465,0.0011948,-0.00013641,0.001116
1.5287e-05,-0.0001542,0.0030665,-0.00035009,0.0028641
4.8526e-06,-4.8949e-05,0.0026575,-0.0003034,0.0024821
1.3771e-06,-1.3891e-05,0.0015993,-0.00018259,0.0014937
0,0,0.00075549,-8.6252e-05,0.00070561
0,0,0.00029661,-3.3863e-05,0.00027703
0,0,0.00010038,-1.146e-05,9.3751e-05
0,0,3.0054e-05,-3.4311e-06,2.807e-05
0,0,0,0,0
