0,0,0,0,0
0,0,0,0,0
0,0,0,0,0
0,0,0,0,0
0,0,0,0,0
0,0,0,0,0
0,0,0,0,0
0,0,0,0,0
1.8054e-07,0.0029016,0,0,0
1.252e-06,0.020121,0,0,0
1.0355e-06,0.016642,-1.2795e-06,1.0265e-06,2.5304e-07
3.831e-07,0.0061571,-0.016915,0.01357,0.0033452
2.6039e-08,0.00041849,-0.035201,0.02824,0.0069616
-1.0311e-07,-0.0016571,-0.020018,0.016059,0.0039588
-1.1352e-07,-0.0018245,-0.0054124,0.004342,0.0010704
-0.0035648,-0.00029648,0.0012114,-0.00097182,-0.00023957
-0.024719,0.0059174,0.003109,-0.0024941,-0.00061485
-0.020444,0.0051547,0.0026939,-0.0021611,-0.00053276
-0.007564,0.0019104,-0.0038918,0.0031222,0.00076967
-0.00051412,0.00010615,-0.010708,0.0085901,0.0021176
0.0020358,-0.00054862,-0.006224,0.0049931,0.0012309
0.0022414,-0.00059468,-0.0016624,0.0013336,0.00032876
0.0015261,-0.0004049,0.00042531,-0.0003412,-8.4112e-05
0.00078734,-0.00020889,0.0010133,-0.00081294,-0.00020041
-2.5044e-05,6.6446e-06,0.00087819,-0.00070452,-0.00017368
-0.0069861,0.0018535,0.0005285,-0.00042398,-0.00010452
-0.0074522,0.0019772,0.00024966,-0.00020028,-4.9373e-05
-0.0031673,0.00084034,9.8017e-05,-7.8633e-05,-1.9384e-05
-0.00048063,0.00012752,3.3035e-05,-2.6502e-05,-6.5331e-06
0.00057602,-0.00015283,-0.0017871,0.0014337,0.00035342
0.00075394,-0.00020003,-0.0037398,0.0030002,0.00073959
0.00055106,-0.00014621,-0.0021267,0.0017061,0.00042058
0.00052531,-6.618e-05,-0.00057501,0.00046129,0.00011372
0.0099179,0.0005242,0.0001287,-0.00010325,-2.5452e-05
0.011932,0.00066567,0.00033029,-0.00026497,-6.5321e-05
0.0054191,0.00030438,0.00028624,-0.00022963,-5.6609e-05
0.0010059,5.5996e-05,0.00017226,-0.00013819,-3.4067e-05
-0.00078726,-4.4941e-05,8.1329e-05,-6.5245e-05,-1.6084e-05
-0.0011518,-6.5749e-05,-0.00055378,0.00044426,0.00010952
-0.00087487,-4.9942e-05,-0.0012081,0.00096921,0.00023893
-0.00048563,-2.7722e-05,-0.00068994,0.00055349,0.00013645
-0.000216,-1.233e-05,-0.00018742,0.00015036,3.7065e-05
-8.0844e-05,-4.615e-06,4.1948e-05,-3.3652e-05,-8.2958e-06
-0.0011618,8.5379e-06,0.00010766,-8.6367e-05,-2.1291e-05
-0.022656,0.00019982,9.3298e-05,-7.4847e-05,-1.8451e-05
-0.023876,0.0002111,5.6147e-05,-4.5043e-05,-1.1104e-05
-0.01013,8.9571e-05,2.6523e-05,-2.1278e-05,-5.2454e-06
-0.0015322,1.3547e-05,1.0413e-05,-8.3539e-06,-2.0594e-06
0.0018363,-1.6236e-05,3.5096e-06,-2.8155e-06,-6.9407e-07
0.0024035,-2.1251e-05,-0.00018986,0.00015231,3.7547e-05
0.0017567,-1.5533e-05,-0.00039731,0.00031874,7.8574e-05
0.00095091,-8.4078e-06,-0.00022594,0.00018125,4.4682e-05
-0.00079235,-0.0035578,-6.1088e-05,4.9007e-05,1.2081e-05
-0.0082189,-0.024647,1.3673e-05,-1.0969e-05,-2.704e-06
-0.006875,-0.020384,3.6036e-05,-2.7196e-05,-6.9387e-06
-0.0025477,-0.0075416,0.012535,0.012592,6.2923e-06
-0.00017412,-0.00051258,0.026041,0.026241,2.1991e-05
0.00068947,0.0020297,0.014807,0.014924,1.2854e-05
0.00075912,0.0022347,0.0040045,0.0040342,3.2665e-06
0.00051687,0.0015216,-0.00089436,-0.00090446,-1.1085e-06
0.00026666,0.000785,-0.0022979,-0.0023192,-2.3299e-06
-0.00012162,-0.00035804,-0.0019918,-0.0020096,-1.9602e-06
-0.0025475,-0.0074993,-0.0011986,-0.0012094,-1.1797e-06
-0.0023892,-0.0070335,-0.00056622,-0.0005713,-5.5727e-07
-0.00094826,-0.0027915,-0.0002223,-0.0002243,-2.1879e-07
-0.00010718,-0.00031551,-7.5231e-05,-7.5906e-05,-7.4041e-08
0.00021127,0.00062193,-2.2525e-05,-2.2727e-05,-2.2168e-08
0.00025194,0.00074168,3.083e-07,3.1106e-07,3.0342e-10
0.00017757,0.00052273,0.0040756,0.0041122,4.0112e-06
9.3802e-05,0.00027614,0.0084818,0.0085579,8.3476e-06
4.0176e-05,0.00011827,0.0048233,0.0048666,4.747e-06
-6.1608e-05,0.0040541,0.0013041,0.0013158,1.2835e-06
-0.00083878,0.044412,-0.00029189,-0.0002945,-2.8727e-07
-0.00078154,0.041215,-0.00074911,-0.00075583,-7.3726e-07
-0.00031023,0.016331,-0.0006492,-0.00065502,-6.3893e-07
-3.4934e-05,0.001839,-0.00039069,-0.00039419,-3.8451e-07
6.8861e-05,-0.0036249,-0.00018456,-0.00018621,-1.8164e-07
8.2119e-05,-0.0043229,-7.4259e-05,-7.1106e-05,-7.1213e-08
5.7877e-05,-0.0030468,-0.023829,0.026448,1.2833e-06
3.0574e-05,-0.0016095,-0.049546,0.055086,2.7136e-06
1.3095e-05,-0.00068935,-0.028171,0.03133,1.5473e-06
4.7553e-06,-0.00025032,-0.0076169,0.0084708,4.1835e-07
1.5094e-06,-7.946e-05,0.0017048,-0.0018959,-9.3633e-08
4.2836e-07,-2.255e-05,0.0043753,-0.0048658,-2.4031e-07
-0.00016976,8.6493e-05,0.0037917,-0.0042168,-2.0825e-07
-0.021292,0.010848,0.0022819,-0.0025377,-1.2533e-07
-0.030279,0.015427,0.0010779,-0.0011988,-5.9204e-08
-0.014784,0.0075323,0.0004232,-0.00047065,-2.3244e-08
-0.0031929,0.0016268,0.00014322,-0.00015928,-7.8661e-09
0.0016886,-0.0008603,4.2294e-05,-4.7035e-05,-2.3229e-09
0.0028348,-0.0014443,-0.0077589,0.0086287,4.2614e-07
0.0022432,-0.0011429,-0.016147,0.017957,8.8685e-07
0.001278,-0.00065113,-0.0091822,0.010212,5.0432e-07
0.0010223,-7.5433e-05,-0.0024827,0.002761,1.3636e-07
0.0090493,0.0042739,0.00055567,-0.00061796,-3.0519e-08
0.0093798,0.0045867,0.0014261,-0.001586,-7.8326e-08
0.0039703,0.001951,0.0012359,-0.0013744,-6.7879e-08
0.00059728,0.00029673,0.00074376,-0.00082714,-4.085e-08
-0.00071582,-0.00035562,0.00035134,-0.00039073,-1.9297e-08
-0.00093693,-0.00046546,0.00013775,-0.00015319,-7.5657e-09
-0.00068481,-0.00034021,-0.0024823,0.0027606,1.3634e-07
-0.00037068,-0.00018415,-0.005249,0.0058375,2.8829e-07
-0.00016175,-8.0359e-05,-0.0029929,0.0033284,1.6438e-07
-5.9623e-05,-2.9621e-05,-0.00080921,0.00089994,4.4445e-08
-1.9161e-05,-9.5191e-06,0.00018112,-0.00020142,-9.9475e-09
-0.0038126,0.00023108,0.00046483,-0.00051694,-2.553e-08
-0.0264,0.0016213,0.00040283,-0.00044799,-2.2125e-08
-0.021835,0.0013409,0.00024236,-0.00026953,-1.3311e-08
-0.0080783,0.00049612,-0.00070978,0.00078935,3.8984e-08
-0.00054907,3.372e-05,-0.0016705,0.0018578,9.1748e-08
0.00029,0.00756,-0.0009603,0.001068,5.2743e-08
-0.0065244,0.036268,-0.0002592,0.00028826,1.4236e-08
-0.0050092,0.027009,5.9033e-05,-6.5652e-05,-3.2423e-09
-0.0014483,0.0092955,0.00015151,-0.00016849,-8.3213e-09
0.00031839,0.00012227,0.00013261,-0.000146,-1.338e-06
0.00086968,-0.0030421,0.017403,0.00021092,-0.017593
0.00080265,-0.0031178,0.036091,0.00058031,-0.036612
0.00051382,-0.0020532,0.020517,0.00033731,-0.02082
0.00025344,-0.0010349,0.0055484,9.0093e-05,-0.0056294
0.00010471,-0.00042757,-0.0012392,-2.305e-05,0.0012599
3.6937e-05,-0.00015082,-0.0031842,-5.4919e-05,0.0032336
-0.00039302,0.0087343,-0.0027595,-4.7594e-05,0.0028023
-0.0028015,0.060878,-0.0016584,-2.6734e-05,0.001686
-0.0023197,0.050361,0.029995,0.025217,-0.0049376
-0.00085824,0.018633,0.063747,0.052501,-0.011621
-5.8333e-05,0.0012664,0.036322,0.029857,-0.0066804
3.081e-05,0.0069089,0.0098176,0.0080726,-0.0018032
-0.00069314,0.050916,-0.0022043,-0.0018069,0.00041067
-0.00053218,0.038255,-0.0056573,-0.0046373,0.001054
-0.00015386,0.012547,-0.0049028,-0.0040188,0.0009134
3.3826e-05,-0.00059254,-0.0029505,-0.0024185,0.00054968
9.2394e-05,-0.0049947,-0.0013917,-0.0011432,0.00025952
8.5273e-05,-0.0049198,0.027078,-0.0098179,-0.0017671
5.4588e-05,-0.0032068,0.057306,-0.01965,-0.0038552
2.6926e-05,-0.0016039,0.032638,-0.011134,-0.0022016
1.1125e-05,-0.00066266,0.0088395,-0.002998,-0.00059806
3.9241e-06,-0.00023375,-0.0019784,0.000671,0.00013386
-4.1754e-05,0.0024871,-0.0050776,0.0017221,0.00034354
-0.00029763,0.017729,-0.0044004,0.0014924,0.00029772
-0.00024644,0.01468,-0.0026481,0.00089813,0.00017917
-9.1178e-05,0.0054312,-0.001251,0.00042427,8.4636e-05
-6.1973e-06,0.00036915,-0.00049113,0.00016657,3.3229e-05
2.454e-05,-0.0014617,-0.00016621,5.6371e-05,1.1245e-05
2.7018e-05,-0.0016094,-4.9083e-05,1.6647e-05,3.3208e-06
1.8396e-05,-0.0010958,0.0090043,-0.0030539,-0.00060921
9.4908e-06,-0.00056534,0.018739,-0.0063554,-0.0012678
-0.0042877,0.00059651,0.010656,-0.0036141,-0.00072097
-0.029759,0.0057001,0.0028812,-0.00097718,-0.00019493
-0.024614,0.0047581,-0.00064464,0.00021863,4.3614e-05
-0.0091066,0.0017628,0.0012799,-0.00043408,-8.6594e-05
-0.00061897,0.00012032,0.0046735,-0.0015851,-0.0003162
0.002451,-0.00047644,0.0026102,-0.00088525,-0.0001766
0.0026985,-0.00052457,0.00053137,-0.00018022,-3.5951e-05
0.0018374,-0.00035717,-0.00037027,0.00012558,2.5051e-05
0.00076749,-0.00070095,-0.00059361,0.00020133,4.0162e-05
-0.00738,-0.022353,-0.00048371,0.00016405,3.2727e-05
-0.009302,-0.027074,-0.00028134,9.5417e-05,1.9034e-05
-0.0042498,-0.012307,-0.0001329,4.5074e-05,8.9917e-06
-0.00078334,-0.0022816,-5.3246e-05,1.7672e-05,4.666e-06
0.00062567,0.0017917,-0.014141,-0.00031845,0.015016
0.00091536,0.0026212,-0.029397,-0.0006734,0.031248
0.00069529,0.0019911,-0.016714,-0.00038396,0.017769
0.00038595,0.0011052,-0.0045191,-0.00010381,0.0048045
-0.0013698,-0.00028409,0.0010114,2.3235e-05,-0.0010753
-0.016998,-0.0084016,0.0025958,5.9633e-05,-0.0027598
-0.015817,-0.0079093,0.0022496,5.1679e-05,-0.0023917
-0.0062701,-0.0031407,0.0013538,3.1101e-05,-0.0014393
-0.00070673,-0.00035561,0.00063918,1.4684e-05,-0.00067955
0.0013931,0.00070097,-0.0043522,-9.9981e-05,0.0046271
0.0016613,0.00083594,-0.009495,-0.00021812,0.010095
0.0011709,0.00058917,-0.0054223,-0.00012456,0.0057648
0.00061853,0.00031123,-0.001473,-3.3838e-05,0.001566
-0.00023752,-0.00011952,0.00032967,7.5734e-06,-0.00035049
-0.0054653,-0.00275,0.0008461,1.9437e-05,-0.00089953
-0.0051316,-0.0025821,0.00073325,1.6845e-05,-0.00077955
-0.002037,-0.001025,0.00044127,1.0137e-05,-0.00046914
-0.00023035,-0.00011591,0.00020834,4.786e-06,-0.00022149
0.00045407,0.00022848,-0.0014186,-3.2588e-05,0.0015082
0.00054149,0.00027247,-0.0030948,-7.1096e-05,0.0032903
0.00038164,0.00019204,-0.0017674,-4.0601e-05,0.001879
-0.00053858,5.8921e-05,-0.0004801,-1.1029e-05,0.00051042
-0.014678,-0.00080473,0.00010746,2.4685e-06,-0.00011424
-0.015532,-0.00087834,0.00027578,6.3353e-06,-0.0002932
-0.0065937,-0.00037437,0.000239,5.4904e-06,-0.00025409
-0.00099596,-5.5958e-05,0.00014383,3.3041e-06,-0.00015291
0.001197,6.8768e-05,6.7906e-05,1.56e-06,-7.2195e-05
0.0015668,9.0009e-05,-0.00046238,-1.0622e-05,0.00049158
0.0011452,6.5788e-05,-0.0010087,-2.3173e-05,0.0010724
0.00061987,3.5611e-05,-0.00057607,-1.3234e-05,0.00061245
0.00027049,1.5539e-05,-0.00015649,-3.5949e-06,0.00016637
9.9705e-05,5.7279e-06,3.5024e-05,8.046e-07,-3.7236e-05
3.2042e-05,1.8408e-06,8.9889e-05,2.065e-06,-9.5565e-05
-0.0025761,-2.6332e-05,7.79e-05,1.7895e-06,-8.2819e-05
-0.028616,-0.0002973,4.688e-05,1.077e-06,-4.9841e-05
-0.026561,-0.00027596,2.2146e-05,5.0874e-07,-2.3544e-05
-0.010526,-0.00010936,8.6946e-06,1.9974e-07,-9.2436e-06
-0.0011853,-1.2314e-05,2.9303e-06,6.7317e-08,-3.1154e-06
0.0023363,2.4273e-05,-0.00015852,-3.6417e-06,0.00016853
0.0027862,2.8947e-05,-0.00033173,-7.6207e-06,0.00035268
0.00054526,5.665e-06,-0.00018865,-4.3337e-06,0.00020056
-0.0087986,-9.1412e-05,-5.1006e-05,-1.1717e-06,5.4227e-05
-0.0076907,-7.9902e-05,1.1416e-05,2.6225e-07,-1.2137e-05
-0.0028485,-2.9594e-05,2.9299e-05,6.7306e-07,-3.1149e-05
-0.00015336,-1.5933e-06,2.5391e-05,5.8329e-07,-2.6994e-05
0.00082458,8.567e-06,1.5276e-05,3.5093e-07,-1.6241e-05
0.00089187,9.2661e-06,-4.4738e-05,-1.0277e-06,4.7564e-05
0.00060726,6.3091e-06,-0.00010529,-2.4188e-06,0.00011194
0.00031329,3.2549e-06,-6.0529e-05,-1.3905e-06,6.4351e-05
0.00013176,1.369e-06,-1.6338e-05,-3.7532e-07,1.737e-05
4.7151e-05,4.8987e-07,3.721e-06,8.548e-08,-3.956e-06
-0.00044754,0.00035183,9.5497e-06,2.1938e-07,-1.0153e-05
-0.0032018,0.0024387,8.276e-06,1.9012e-07,-8.7987e-06
-0.0026516,0.0020169,5.4545e-06,-3.609e-07,-5.2937e-06
-0.00098102,0.00074622,0.0062686,-0.0062835,1.5503e-05
-6.6679e-05,5.072e-05,0.013042,-0.013077,3.6487e-05
0.00026403,-0.00020084,0.0074161,-0.0074363,2.0975e-05
0.00014001,0.0024601,0.0020052,-0.0020106,5.6615e-06
-0.00084703,0.018442,-0.00044877,0.00045001,-1.2894e-06
-0.00076214,0.0153,-0.0011523,0.0011555,-3.3088e-06
-0.00027681,0.0056567,-0.0080035,0.0080006,3.0005e-06
-6.3649e-06,0.00037501,-0.015179,0.015169,1.0487e-05
9.0879e-05,-0.0015349,-0.0085742,0.0085683,6.1297e-06
9.6106e-05,-0.0016869,-0.002353,0.0023515,1.5577e-06
1.5397e-05,0.0047167,0.000464,-0.00046349,-5.286e-07
-0.00030731,0.040075,0.0012775,-0.0012737,-1.1109e-06
-0.0002677,0.033386,0.016425,0.018759,9.7801e-07
-9.9214e-05,0.012355,0.032532,0.04069,3.4181e-06
-5.5129e-06,0.00081786,0.018435,0.023203,1.9979e-06
2.8492e-05,-0.0033571,0.0050233,0.006235,5.0772e-07
3.0884e-05,-0.0036875,-0.0010543,-0.0014655,-1.7229e-07
5.0186e-06,0.0020387,-0.0028013,-0.0036656,-3.6214e-07
-0.00010017,0.030252,-0.0024361,-0.0031631,-3.0463e-07
-8.7255e-05,0.025547,0.031923,0.032973,4.401e-07
-3.2338e-05,0.0094586,0.068795,0.071684,1.2109e-06
-1.7969e-06,0.000595,0.039243,0.040923,7.0382e-07
9.2867e-06,-0.0026153,0.010592,0.011041,1.8798e-07
1.0066e-05,-0.0028606,-0.0024189,-0.0025337,-4.8096e-08
6.854e-06,-0.0019477,-0.0061371,-0.0064106,-1.1459e-07
-1.6822e-06,0.00047802,-0.0053186,-0.0055556,-9.9308e-08
-3.4698e-05,0.0098601,-0.0032007,-0.0033434,-5.9764e-08
-2.9395e-05,0.0083533,-0.001512,-0.0015794,-2.8232e-08
-1.0906e-05,0.0030991,-0.00059362,-0.00062007,-1.1084e-08
-7.057e-07,0.00020054,-0.00020007,-0.00020898,-3.7357e-09
2.98e-06,-0.00084685,0.010823,0.011305,2.0209e-07
3.2811e-06,-0.00093239,0.022649,0.023658,4.229e-07
2.234e-06,-0.00063484,0.01288,0.013454,2.4049e-07
6.3115e-07,-0.00017936,0.0034824,0.0036376,6.5023e-08
-9.9153e-06,0.0028177,-0.00077943,-0.00081416,-1.4553e-08
-1.079e-05,0.0030662,-0.0020004,-0.0020895,-3.7351e-08
-4.5974e-06,0.0013064,-0.0017336,-0.0018108,-3.2369e-08
-6.8828e-07,0.00019559,-0.0010433,-0.0010897,-1.948e-08
8.4321e-07,-0.00023962,-0.00049283,-0.00051479,-9.202e-09
1.1037e-06,-0.00031363,-0.00019322,-0.00020183,-3.6078e-09
8.0667e-07,-0.00022923,0.0034819,0.003637,6.5013e-08
4.3665e-07,-0.00012408,0.0073627,0.0076908,1.3748e-07
1.9054e-07,-5.4146e-05,0.0041981,0.0043852,7.8386e-08
7.0234e-08,-1.9958e-05,0.0011351,0.0011857,2.1194e-08
-5.3181e-07,0.0005789,-0.00025405,-0.00026537,-4.7436e-09
-3.8378e-06,0.0040569,-0.00065201,-0.00068106,-1.2174e-08
-3.1795e-06,0.0033569,-0.00056412,-0.0005893,-1.0549e-08
-1.1763e-06,0.001242,0.011875,0.011911,1.524e-08
-7.9954e-08,8.4416e-05,0.025259,0.025359,4.1929e-08
2.0925e-07,-0.00022093,0.014392,0.014451,2.4372e-08
-8.3962e-07,0.00088647,0.0038871,0.0039026,6.5095e-09
-8.6555e-07,0.00091384,-0.00088116,-0.00088514,-1.6655e-09
-3.1461e-07,0.00033216,-0.0022451,-0.0022545,-3.9681e-09
2.2834e-09,-2.4108e-06,-0.0019456,-0.0019538,-3.4389e-09
1.1544e-07,-0.00012188,-0.0011709,-0.0011758,-2.0695e-09
1.2147e-07,-0.00012825,-0.00055281,-0.00055514,-9.7708e-10
8.3161e-08,-8.7801e-05,0.0037641,0.00378,6.653e-09
4.3073e-08,-4.5476e-05,0.0082119,0.0082466,1.4514e-08
1.8448e-08,-1.9478e-05,0.0046896,0.0047094,8.2888e-09
-0.00043713,1.1989e-05,0.0012739,0.0012793,2.2516e-09
-0.0087193,0.00037798,-0.00028513,-0.00028633,-5.0395e-10
-0.0091916,0.00040019,-0.00073177,-0.00073485,-1.2934e-09
-0.0039,0.00017007,-0.00063417,-0.00063684,-1.1209e-09
-0.00058986,2.5722e-05,-0.00038164,-0.00038325,-6.7454e-10
0.00070693,-3.0828e-05,-0.00018028,-0.00018104,-3.1865e-10
0.0009253,-4.035e-05,-7.0683e-05,-7.0981e-05,-1.2493e-10
0.00067631,-2.9492e-05,0.0012737,0.0012791,2.2513e-09
0.00036608,-1.5964e-05,0.0026934,0.0027048,4.7605e-09
0.00015975,-6.9661e-06,0.0015357,0.0015422,2.7144e-09
5.8883e-05,-2.5678e-06,0.00041523,0.00041698,7.339e-10
-0.00068681,0.0078243,-9.2935e-05,-9.3327e-05,-1.6426e-10
-0.0033349,0.037038,-0.00023851,-0.00023952,-4.2157e-10
-0.0024867,0.027573,-0.0002067,-0.00020757,-3.6534e-10
-0.00085741,0.0095069,-0.00012439,-0.00012492,-2.1986e-10
-1.3208e-05,0.00014646,-5.8762e-05,-5.901e-05,-1.0386e-10
0.00027834,-0.0030863,-2.167e-05,-2.3136e-05,-1.3689e-06
0.00028577,-0.0031686,0.018511,0.00041691,-0.018096
0.00018828,-0.0020876,0.038536,0.0008816,-0.037659
9.4929e-05,-0.0010526,0.021916,0.00050267,-0.021415
3.9221e-05,-0.00043488,0.0059256,0.00013591,-0.0057902
1.3835e-05,-0.0001534,-0.0013262,-3.0419e-05,0.0012959
-0.003712,0.0016322,-0.0034037,-7.807e-05,0.003326
-0.025769,0.011635,-0.0029498,-6.7658e-05,0.0028824
-0.021314,0.0096338,-0.0017747,-4.0706e-05,0.0017342
-0.0078856,0.0035643,0.0051974,0.00011921,-0.0050787
-0.00053597,0.00024226,0.012232,0.00028057,-0.011953
0.0021223,-0.00095929,0.0070319,0.00016129,-0.0068713
0.0023367,-0.0010562,0.001898,4.3535e-05,-0.0018547
0.00037971,0.00075521,-0.00043228,-9.915e-06,0.00042241
-0.0075787,0.0098526,-0.0011111,-2.7287e-05,0.0010839
-0.0066018,0.0082997,-0.023373,-0.024356,-0.00098296
-0.0024467,0.0030726,-0.047219,-0.050654,-0.0034354
-0.00013596,0.00019512,-0.026796,-0.028804,-0.0020081
0.00070264,-0.0008469,-0.0072785,-0.0077887,-0.00051029
0.00076163,-0.00092703,0.0015687,0.0017419,0.00017317
0.00051858,-0.0006312,0.0041084,0.0044723,0.00036398
3.2992e-05,-4.0157e-05,0.0035698,0.003876,0.00030622
-0.0024836,0.003023,0.0021483,0.0023326,0.00018429
-0.0023695,0.0028841,0.0010148,0.0011019,8.7054e-05
-0.00094232,0.001147,0.00039844,0.00043261,3.4178e-05
-0.00010399,0.00012657,0.00013429,0.0001458,1.1519e-05
0.00021196,-0.000258,-0.0072645,-0.0078876,-0.00062315
0.00025278,-0.00030767,-0.015202,-0.016506,-0.001304
0.00017816,-0.00021685,-0.0086449,-0.0093864,-0.00074157
9.4112e-05,-0.00011455,-0.0023374,-0.0025379,-0.0002005
-3.6141e-05,0.0021194,0.00052315,0.00056802,4.4876e-05
-0.00083156,0.023984,0.0013426,0.0014578,0.00011517
-0.0007808,0.022273,0.0011636,0.0012634,9.9812e-05
-0.00030994,0.008827,0.00070024,0.0007603,6.0067e-05
-3.505e-05,0.00099415,0.00033078,0.00035916,2.8375e-05
6.9088e-05,-0.0019596,0.00013161,0.00014081,1.0193e-05
8.239e-05,-0.0023369,0.023047,-0.0025375,-0.012516
5.8069e-05,-0.0016471,0.047885,-0.0053657,-0.026053
3.0675e-05,-0.00087008,0.027223,-0.0030594,-0.014816
1.3138e-05,-0.00037266,0.0073605,-0.00082721,-0.0040059
4.771e-06,-0.00013533,-0.0016474,0.00018514,0.00089659
-0.0028922,0.0011468,-0.004228,0.00047516,0.0023011
-0.020066,0.0082378,-0.0036641,0.00041179,0.0019942
-0.016596,0.0068234,-0.0022045,0.00024775,0.0011998
-0.0061403,0.0025245,0.0064561,-0.00072556,-0.0035137
-0.00041735,0.00017159,0.015194,-0.0017076,-0.0082695
0.0016526,-0.00067944,0.0087348,-0.00098165,-0.0047538
0.0018195,-0.00074807,0.0023577,-0.00026497,-0.0012832
0.00029567,-0.00012156,-0.00053696,6.0346e-05,0.00029224
-0.0059013,0.0024263,-0.0013781,0.00015488,0.00075002
-0.0051407,0.0021135,-0.0011943,0.00013422,0.00064998
-0.0019052,0.0007833,-0.00071872,8.0773e-05,0.00039116
-0.00010587,4.3525e-05,-0.00033933,3.8136e-05,0.00018468
0.00054713,-0.00022494,0.0023105,-0.00025967,-0.0012575
0.00059306,-0.00024383,0.0050407,-0.0005665,-0.0027434
0.0004038,-0.00016602,0.0028786,-0.00032351,-0.0015667
0.00020833,-8.565e-05,0.00078198,-8.7882e-05,-0.00042559
8.7618e-05,-3.6023e-05,-0.00017502,1.9669e-05,9.5253e-05
-0.00027608,0.0061023,-0.00044918,5.0481e-05,0.00024446
-0.002122,0.042401,-0.00038761,4.5338e-05,0.00021183
-0.0017604,0.035071,0.021674,0.021048,-0.00030602
-0.00065234,0.012976,0.045482,0.043761,-0.00084196
-4.4339e-05,0.00088196,0.025884,0.024883,-0.0004894
0.00017557,-0.0034923,0.0069954,0.0067283,-0.00013071
9.31e-05,0.0032814,-0.0015734,-0.001505,3.3443e-05
-0.00056324,0.046799,-0.0040267,-0.0038639,7.9681e-05
-0.0005068,0.039521,-0.0034897,-0.0033485,6.9054e-05
-0.00018407,0.014554,-0.0021001,-0.0020151,4.1557e-05
-4.2324e-06,0.00082453,-0.00099015,-0.00095142,1.8251e-05
6.0431e-05,-0.0041336,0.024847,0.0064782,-0.018229
6.3907e-05,-0.0044989,0.052387,0.014133,-0.03795
4.29e-05,-0.003051,0.029826,0.0080711,-0.021582
2.2132e-05,-0.001574,0.0080751,0.0021925,-0.0058354
-0.0043011,0.0016608,-0.0018073,-0.00049072,0.0013061
-0.029886,0.01587,-0.0046385,-0.0012594,0.003352
-0.02472,0.013248,-0.0040192,-0.0010913,0.0029045
-0.009146,0.004908,0.0058065,0.0015765,-0.004196
-0.00062166,0.00033501,0.015976,0.0043376,-0.011545
0.0024616,-0.0013265,0.009286,0.0025213,-0.0067104
0.000577,0.0057513,0.0024802,0.0006734,-0.0017923
-0.0082518,0.033141,-0.00063455,-0.00017229,0.00045856
-0.0065647,0.024899,-0.0015119,-0.00041049,0.0010926
-0.0021913,0.0085461,-0.0013111,-0.00035676,0.00094669
0.00010336,5.7763e-05,-0.012182,-0.01356,-0.0013677
0.0008863,-0.0028686,-0.024083,-0.027876,-0.0037629
0.00087644,-0.0029271,-0.01363,-0.015834,-0.0021872
0.00056912,-0.001924,-0.0036951,-0.004284,-0.00058419
0.00028695,-0.00097008,0.00080113,0.0009518,0.00014946
0.00011856,-0.0004008,0.0020941,0.0024531,0.00035611
-0.0046938,0.0014067,0.0018148,0.0021259,0.00030861
-0.032826,0.010691,0.0010921,0.0012794,0.00018572
-0.027156,0.0088666,0.00051564,0.00060403,8.7686e-05
-0.010049,0.003285,-0.003511,-0.0041129,-0.00059706
-0.00068299,0.00022328,-0.0076597,-0.0089728,-0.0013026
0.0027045,-0.00088411,-0.0043743,-0.0051242,-0.00074387
0.0029777,-0.00097342,-0.0011883,-0.001392,-0.00020207
0.0015542,8.2017e-05,0.00026595,0.00031155,4.5227e-05
-0.0083924,0.014514,0.00068256,0.00079957,0.00011607
-0.0095096,0.015517,0.00059152,0.00069293,0.00010059
-0.0040642,0.0065934,0.00035598,0.000417,6.0536e-05
-0.00058913,0.00098887,0.00016816,0.00019699,2.8596e-05
0.0007791,-0.001209,6.6021e-05,7.7339e-05,1.1227e-05
0.0010016,-0.0015765,1.9913e-05,2.8404e-05,3.7839e-06
0.00073208,-0.0011523,-0.032117,0.029503,-0.0002047
0.00039627,-0.00062373,-0.066852,0.061383,-0.00042836
0.00017292,-0.00027218,-0.038017,0.034906,-0.0002436
6.3739e-05,-0.00010033,-0.010279,0.0094379,-6.5863e-05
2.0484e-05,-3.2241e-05,0.0023006,-0.0021124,1.4741e-05
5.8735e-06,-9.2449e-06,0.0059044,-0.0054213,3.7833e-05
-0.0040116,0.0012024,0.0051169,-0.0046982,3.2787e-05
-0.018988,0.0056913,0.0030793,-0.0028274,1.9731e-05
-0.014135,0.0042369,0.0014539,-0.0013349,9.3157e-06
-0.0048738,0.0014609,-0.0098994,0.0090894,-6.3431e-05
-7.5081e-05,2.2505e-05,-0.021597,0.01983,-0.00013838
0.0015822,-0.00047424,-0.012333,0.011324,-7.9028e-05
-0.0020886,-0.00022878,-0.0033503,0.0030762,-2.1468e-05
-0.024677,0.0014691,0.00074987,-0.00068851,4.8048e-06
-0.020755,0.0013186,0.0019245,-0.001767,1.2331e-05
-0.0076556,0.00048088,0.0016678,-0.0015314,1.0687e-05
-0.00045685,1.3654e-05,0.0010037,-0.00092157,6.4313e-06
0.0021448,-0.00015471,0.00047388,-0.0004351,3.0364e-06
0.0023414,-0.00016433,-0.0032266,0.0029626,-2.0675e-05
0.0015896,-0.0001105,-0.0070394,0.0064634,-4.5105e-05
0.00082008,-5.701e-05,-0.00402,0.0036911,-2.5759e-05
0.00034491,-2.3977e-05,-0.001092,0.0010027,-6.9973e-06
0.00012342,-8.5802e-06,0.00024441,-0.00022442,1.5661e-06
3.8707e-05,-2.6908e-06,0.00062728,-0.00057595,4.0193e-06
1.0873e-05,-7.5587e-07,0.00054361,-0.00049914,3.4833e-06
-0.0012102,0.00065449,0.00032715,-0.00030038,2.0962e-06
-0.008392,0.0045385,0.00015176,-0.00014452,9.897e-07
-0.0069408,0.0037537,-0.03674,-0.034723,-6.7389e-06
-0.002568,0.0013888,-0.076566,-0.072164,-1.4702e-05
-0.00017454,9.4393e-05,-0.043546,-0.041032,-8.3958e-06
0.00029668,-0.00016045,-0.011776,-0.011093,-2.2807e-06
-0.0019744,0.0010678,0.0026356,0.0024828,5.1046e-07
-0.0017442,0.00094328,0.0067641,0.0063719,1.3101e-06
-0.00056971,0.00030811,0.0058619,0.005522,1.1353e-06
5.5531e-05,-3.0032e-05,0.0035268,0.0033223,6.8308e-07
0.0002655,-0.00014359,-0.010329,-0.0097297,-2.0005e-06
0.00026064,-0.00014096,-0.024308,-0.022899,-4.7081e-06
0.00017242,-9.3247e-05,-0.013974,-0.013164,-2.7065e-06
8.7125e-05,-4.7118e-05,-0.0037719,-0.0035532,-7.3054e-07
3.6643e-05,-1.9817e-05,0.00085905,0.00080924,1.6638e-07
-0.0013339,3.4216e-05,0.0022047,0.0020769,4.2701e-07
-0.014906,0.000455,0.0019107,0.0017999,3.7006e-07
-0.013838,0.00042377,0.0011498,0.0010832,2.227e-07
-0.0054843,0.00016818,0.00054317,0.00051167,1.052e-07
-0.00061756,1.8938e-05,0.00021325,0.00020089,4.1303e-08
0.0012173,-3.733e-05,7.1872e-05,6.7705e-05,1.392e-08
0.0014517,-4.4518e-05,-0.0038881,-0.0036627,-7.5305e-07
0.0010232,-3.1376e-05,-0.0081364,-0.0076647,-1.5759e-06
0.00054049,-1.6575e-05,-0.0046269,-0.0043587,-8.9615e-07
0.0002315,-7.099e-06,-0.001251,-0.0011785,-2.423e-07
8.4064e-05,-2.5779e-06,0.00028,0.00026377,5.4231e-08
-0.0010955,0.0060959,0.00071861,0.00067694,1.3918e-07
-0.0053039,0.028857,0.00062276,0.00058666,1.2062e-07
-0.0039541,0.021482,0.00037478,0.00035305,7.2588e-08
-0.0013634,0.007407,0.00017588,0.00016562,3.4271e-08
-2.1003e-05,0.00011411,-0.015279,-0.015209,-2.3335e-07
0.00044259,-0.0024046,-0.031919,-0.031766,-5.0909e-07
0.0004544,-0.0024687,-0.018157,-0.01807,-2.9073e-07
0.00029938,-0.0016265,-0.0049113,-0.0048876,-7.8976e-08
0.00015095,-0.00082008,0.0010992,0.0010939,1.7676e-08
6.2366e-05,-0.00033882,0.0028211,0.0028075,4.5365e-08
-0.00034377,0.0072804,0.0024448,0.0024331,3.9315e-08
-0.0017244,0.034988,0.0014713,0.0014642,2.366e-08
-0.0012869,0.026064,0.00069503,0.00069169,1.1177e-08
-0.00044438,0.0089904,0.00027287,0.00027156,4.388e-09
-6.8457e-06,0.0001385,9.1017e-05,9.1524e-05,-9.4909e-07
0.00014426,-0.0029186,-0.017542,-0.0049512,-0.012566
0.00014811,-0.0029964,-0.036563,-0.010361,-0.026152
-2.1639e-05,0.00043778,-0.020792,-0.0058921,-0.014872
-0.00051509,0.010421,-0.0056218,-0.0015931,-0.004021
-0.00039976,0.0080875,0.0012582,0.00035656,0.00089997
-0.00013767,0.0027853,0.0032288,0.00091497,0.0023094
-9.2378e-09,1.869e-07,-0.002928,-0.00082974,-0.0020943
4.7639e-05,-0.00096379,-0.010233,-0.0028999,-0.0073195
4.8275e-05,-0.00097667,-0.0059815,-0.001695,-0.0042783
3.1806e-05,-0.00064347,-0.00152,-0.00043074,-0.0010872
1.6036e-05,-0.00032444,0.00051582,0.00014617,0.00036895
-1.8966e-05,0.0037346,0.0010842,0.00030724,0.00077548
-0.00017513,0.026779,0.00091292,0.00025755,0.00065233
-0.00014605,0.022173,0.010495,-0.012186,-0.00094242
-5.4103e-05,0.0082049,0.020958,-0.02561,-0.0025929
-3.691e-06,0.00055795,0.011872,-0.014576,-0.0015071
1.4287e-05,-0.0022102,0.0032169,-0.0039392,-0.00040255
-2.5026e-05,-0.0025427,-0.00070198,0.00088677,0.00010299
-4.7517e-05,-0.001813,-0.0018281,0.0022684,0.00024538
-2.2897e-05,-0.000931,-0.0015842,0.0019658,0.00021266
-3.7886e-06,-0.0003759,-0.0009534,0.001183,0.00012798
4.1115e-06,-0.00011986,-0.00045047,0.00055855,6.0764e-05
5.7412e-06,-2.5656e-05,-0.0014589,-0.0038032,0.0041125
4.4069e-06,2.8236e-07,-0.002728,-0.0082971,0.0085171
2.468e-06,6.6151e-06,-0.0015352,-0.0047383,0.0048412
1.1194e-06,3.0004e-06,-0.00041025,-0.0012871,0.0013083
4.2556e-07,1.1407e-06,9.182e-05,0.00028808,-0.00029282
-2.5786e-06,-6.9116e-06,0.00023565,0.00073936,-0.00075152
-1.8813e-05,-5.0425e-05,0.00020422,0.00064074,-0.00065128
-1.5593e-05,-4.1796e-05,0.0001229,0.0003856,-0.00039194
-5.7692e-06,-1.5464e-05,5.8057e-05,0.00018215,-0.00018515
-3.9213e-07,-1.051e-06,2.2794e-05,7.1515e-05,-7.2691e-05
1.5527e-06,4.1619e-06,7.6822e-06,2.4103e-05,-2.4499e-05
1.7096e-06,4.5823e-06,-0.00041559,-0.0013039,0.0013253
1.164e-06,3.12e-06,-0.00086968,-0.0027286,0.0027735
6.0052e-07,1.6096e-06,-0.00049456,-0.0015517,0.0015772
-6.3363e-07,0.0017807,-0.00013372,-0.00041954,0.00042644
-6.0548e-06,0.012343,2.9928e-05,9.3899e-05,-9.5444e-05
-5.0542e-06,0.010209,7.681e-05,0.00024099,-0.00024495
-1.8725e-06,0.0037771,6.6565e-05,0.00020885,-0.00021228
-1.2781e-07,0.00025672,4.0059e-05,0.00012568,-0.00012775
5.061e-07,-0.0010165,1.8438e-05,5.9815e-05,-6.0316e-05
5.5722e-07,-0.0011192,-0.006412,0.0058791,0.00041069
3.794e-07,-0.00076206,-0.013357,0.012194,0.00089598
1.9574e-07,-0.00039315,-0.0075963,0.0069324,0.00051167
8.2322e-08,-0.00016535,-0.0020541,0.0018737,0.00013899
2.9459e-08,-5.9171e-05,0.00045974,-0.00041938,-3.1109e-05
9.2385e-09,-1.8556e-05,0.0011799,-0.0010763,-7.9841e-05
-1.69e-07,0.0036855,0.0010225,-0.00093276,-6.9192e-05
-1.8994e-06,0.040851,0.00061536,-0.00056133,-4.164e-05
-1.763e-06,0.037918,0.00029069,-0.00026517,-1.967e-05
-6.9865e-07,0.015026,0.00011413,-0.00010411,-7.7227e-06
-7.8672e-08,0.0016921,3.9966e-05,-3.3585e-05,-2.6028e-06
1.5508e-07,-0.0033353,0.017774,0.021753,0.0001408
1.8493e-07,-0.0039775,0.036965,0.045292,0.00029465
1.3034e-07,-0.0028033,0.021021,0.025756,0.00016756
-7.4102e-08,0.015234,0.0056836,0.0069639,4.5304e-05
-6.4715e-07,0.07848,-0.0012721,-0.0015586,-1.014e-05
-4.9301e-07,0.058666,-0.0032648,-0.0040002,-2.6024e-05
-1.7028e-07,0.020234,-0.0028293,-0.0034667,-2.2553e-05
-1.7109e-09,0.00029209,-0.0017047,-0.0020881,-1.3569e-05
5.6382e-08,-0.0065924,-0.026682,-0.025559,3.9737e-05
5.7887e-08,-0.0067683,-0.05417,-0.051527,9.3523e-05
3.8138e-08,-0.0044592,-0.030732,-0.029213,5.3763e-05
1.9229e-08,-0.0022483,-0.0083123,-0.0079022,1.4512e-05
7.9448e-09,-0.00092893,0.0018533,0.0017599,-3.305e-06
0.0028518,0.0032604,0.0047564,0.0045167,-8.4822e-06
0.019775,0.024779,0.004122,0.0039143,-7.3509e-06
0.016356,0.02055,0.00248,0.002355,-4.4226e-06
0.0060513,0.0076135,-0.0072629,-0.0068968,1.2952e-05
0.00041129,0.00051748,-0.017093,-0.016232,3.0483e-05
-0.0016286,-0.0020491,-0.0098263,-0.0093311,1.7524e-05
-0.0017931,-0.0022561,-0.0026523,-0.0025186,4.73e-06
-0.0012209,-0.0015361,0.00060406,0.00057362,-1.0773e-06
-0.0017719,-9.7727e-05,0.0015503,0.0014722,-2.7647e-06
-0.012905,0.0073569,0.0013435,0.0012758,-2.396e-06
-0.011828,0.0070188,0.00080854,0.00076779,-1.4419e-06
-0.0046792,0.0027913,0.00038195,0.0003627,-6.8114e-07
-0.00053191,0.00030802,0.00014995,0.0001424,-2.6742e-07
0.001032,-0.00062787,5.0747e-05,4.819e-05,-9.05e-08
0.0012307,-0.00074876,1.4986e-05,1.4231e-05,-2.6725e-08
0.00086742,-0.00052772,-0.0027492,-0.0026107,4.9028e-06
0.00045822,-0.00027877,-0.0057214,-0.0054331,1.0203e-05
0.00019626,-0.0001194,-0.0032536,-0.0030896,5.8022e-06
7.1268e-05,-4.3358e-05,-0.0008797,-0.00083536,1.5688e-06
2.2622e-05,-1.3763e-05,0.00019689,0.00018697,-3.5112e-07
6.4199e-06,-3.9058e-06,0.00050531,0.00047985,-9.0114e-07
0,0,0.00043792,0.00041585,-7.8095e-07
0,0,0.00026354,0.00025026,-4.6998e-07
0,0,0.00012449,0.00011822,-2.2201e-07
0,0,4.8877e-05,4.6414e-05,-8.7164e-08
0,0,1.6541e-05,1.5707e-05,-2.9498e-08
