0,0,0,0,0
0,0,0,0,0
0,0,0,0,0
0,0,0,0,0
0,0,0,0,0
0,0,0,0,0
0,0,0,0,0
0.0010928,0,0,0,0
0.021797,0,0,0,0
0.022978,0,0,0,0
0.0097496,0,0,0,0
0.0014746,0,0,0,0
-0.0017673,0,0,0,0
-0.0023131,0,0,0,0
-0.0016907,0,0,0,0
-0.00091516,0,0,0,0
-0.00039935,0,0,0,0
-0.00063367,0,0,0,0
-0.02102,0,0,0,0
-0.025478,0,0,0,0
-0.011579,0,0,0,0
-0.0021459,0,0,0,0
0.0016869,0,0,0,0
0.002468,0,0,0,0
0.0018746,0,0,0,0
0.0010406,0,0,0,0
0.00046283,0,0,0,0
0.00017323,0,0,0,0
5.6374e-05,0,0,0,0
-0.0014592,0,0,0,0
-0.029431,0,0,0,0
-0.031025,0,0,0,0
-0.013164,0,0,0,0
-0.001991,0,0,0,0
0.0023862,0,0,0,0
0.0031233,0,0,0,0
0.0022828,0,0,0,0
0.0012357,0,0,0,0
0.00053921,0,0,0,0
0.00019876,0,0,0,0
-0.00014563,0.00013114,0,0,0
-0.0041604,0.0026157,0,0,0
-0.0044051,0.0027574,1.9772e-06,1.9772e-06,0
-0.0018691,0.0011699,0.026138,0.026138,0
-0.00028269,0.00017695,0.054396,0.054396,0
0.0003388,-0.00021207,0.030933,0.030933,0
0.00044345,-0.00027758,0.0083636,0.0083636,0
0.00032412,-0.00020288,-0.0018719,-0.0018719,0
0.00017544,-0.00010982,-0.0048042,-0.0048042,0
0.00043188,-4.0088e-05,-0.0041635,-0.0041635,0
0.015347,0.00032008,-0.0025056,-0.0025056,0
0.018609,0.0004044,-0.0011836,-0.0011836,0
0.0084598,0.00018483,-0.00046469,-0.00046469,0
0.0015674,3.4557e-05,-0.00015726,-0.00015726,0
-0.0012321,-2.7166e-05,-4.7085e-05,-4.7085e-05,0
-0.0018026,-3.9744e-05,0,0,0
-0.0013692,-3.0189e-05,2.8073e-07,2.8073e-07,0
-0.00076005,-1.6757e-05,0.0037112,0.0037112,0
-0.00033806,-7.4533e-06,0.0077233,0.0077233,0
-0.00012653,-2.7896e-06,0.004392,0.004392,0
0.00019119,0.00013128,0.0011875,0.0011875,0
0.00256,0.0014629,-0.00026578,-0.00026578,0
0.0023873,0.0013581,-0.00068297,-0.00068119,0
0.00094605,0.00053819,-0.011877,0.011748,0
0.00010653,6.0603e-05,-0.023842,0.025324,0
-0.00020999,-0.00011946,-0.013524,0.014435,0
-0.00025042,-0.00014246,-0.0036771,0.0038823,0
-0.0001765,-0.00010041,0.0007859,-0.00090603,0
-8.6072e-05,0.0002453,0.0020676,-0.0022747,0
0.00026888,0.01284,0.0017976,-0.0019655,0
0.00036045,0.015609,0.0010818,-0.0011828,0
0.00016589,0.0070984,0.00051104,-0.00055876,0
3.0291e-05,0.0013153,0.00020064,-0.00021937,0
-2.4839e-05,-0.0010346,6.7899e-05,-7.424e-05,0
-3.634e-05,-0.0015136,2.0329e-05,-2.2228e-05,0
-2.7603e-05,-0.0011497,4.8716e-07,1.3253e-07,-6.0836e-07
-1.5322e-05,-0.00063817,0.0064401,0.001752,-0.0080425
-6.815e-06,-0.00028385,0.013403,0.003646,-0.016737
-2.5507e-06,-0.00010624,0.0076216,0.0020734,-0.0095179
-8.3008e-07,-3.4573e-05,0.0020607,0.0005606,-0.0025734
-2.4054e-07,-1.0018e-05,-0.00046122,-0.00012547,0.00057598
0,0,-0.0011837,-0.00032202,0.0014782
-0.002113,0.0001951,-0.0010258,-0.00027907,0.0012811
-0.023389,0.0021595,-0.00061734,-0.00016794,0.00077094
-0.02171,0.0020045,-0.00029163,-7.9335e-05,0.00036419
-0.0086031,0.00079434,-0.0001145,-3.1147e-05,0.00014298
-0.00096876,8.9448e-05,-3.8747e-05,-1.0541e-05,4.8388e-05
0.0019096,-0.00017632,-1.1601e-05,-3.156e-06,1.4488e-05
0.0022773,-0.00021026,6.9168e-08,1.8817e-08,-8.6378e-08
0.001605,-0.00014819,0.00091439,0.00024875,-0.0011419
0.00084786,-7.8284e-05,0.0019029,0.00051768,-0.0023764
0.00036314,-3.353e-05,0.0010821,0.00029439,-0.0013514
0.00013187,-1.2176e-05,0.00029259,7.9596e-05,-0.00036538
4.1859e-05,-3.8649e-06,-6.5486e-05,-1.7815e-05,8.1779e-05
0.00016015,7.358e-07,-0.00016807,-4.5721e-05,0.00020988
0.018597,0.00022985,-0.00014565,-3.9623e-05,0.00018189
0.026446,0.00032686,-8.7653e-05,-2.3845e-05,0.00010946
0.012912,0.00015959,-4.1406e-05,-1.1264e-05,5.1708e-05
0.0027887,3.4468e-05,-1.6256e-05,-4.4224e-06,2.0301e-05
-0.0014748,-1.8228e-05,-5.4916e-06,-1.4939e-06,6.858e-06
-0.002476,-3.0602e-05,0.00012818,3.4871e-05,-0.00016007
-0.0019593,-2.4216e-05,0.00027019,7.3501e-05,-0.00033741
-0.0011162,-1.3796e-05,0.00015365,4.1798e-05,-0.00019187
-0.00050628,-6.2574e-06,4.1542e-05,1.1301e-05,-5.1879e-05
-0.00039925,-1.5249e-06,-9.2979e-06,-2.5294e-06,1.1611e-05
-0.0089784,3.6031e-05,-2.3863e-05,-6.4916e-06,2.98e-05
-0.010843,4.4471e-05,-2.068e-05,-5.6258e-06,2.5825e-05
-0.0049218,2.0325e-05,-1.2445e-05,-3.3856e-06,1.5542e-05
-0.00091217,3.7669e-06,-5.879e-06,-1.5993e-06,7.3417e-06
0.00071706,-2.9612e-06,-2.3081e-06,-6.2791e-07,2.8824e-06
0.0010491,-4.3323e-06,-7.8112e-07,-2.125e-07,9.7546e-07
0.00079686,-3.2907e-06,-2.3248e-07,-6.3243e-08,2.9032e-07
0.00044233,-1.8266e-06,1.8434e-05,5.0147e-06,-2.302e-05
0.00019674,-8.1245e-07,3.8362e-05,1.0436e-05,-4.7907e-05
7.3635e-05,-3.0409e-07,2.1815e-05,5.9346e-06,-2.7243e-05
2.3963e-05,-9.8958e-08,5.8983e-06,1.6046e-06,-7.3659e-06
-0.00022068,9.1134e-07,-1.3201e-06,-3.5913e-07,1.6486e-06
-0.0015785,6.5184e-06,-3.3881e-06,-9.217e-07,4.2311e-06
-0.0013055,5.3912e-06,-2.936e-06,-7.9872e-07,3.6665e-06
-0.00048301,1.9946e-06,8.5024e-07,2.313e-07,-1.0618e-06
-3.2829e-05,1.3557e-07,4.612e-06,1.2547e-06,-5.7595e-06
0.00013,-5.3683e-07,2.7697e-06,7.5346e-07,-3.4588e-06
0.00014313,-5.9106e-07,7.2656e-07,1.9765e-07,-9.0734e-07
-0.0020395,-3.2315e-07,-2.2065e-07,-6.0025e-08,2.7554e-07
-0.023603,6.7001e-07,-4.8106e-07,-1.3087e-07,6.0074e-07
-0.021934,7.273e-07,-4.1689e-07,-1.1341e-07,5.2062e-07
-0.0086928,2.9157e-07,-2.5089e-07,-6.8252e-08,3.1331e-07
-0.00097734,2.6552e-08,-1.1849e-07,-3.2234e-08,1.4797e-07
0.0019318,-7.4407e-08,3.2508e-07,8.8434e-08,-4.0596e-07
0.002303,-8.5451e-08,7.576e-07,2.061e-07,-9.461e-07
0.0016232,-6.0226e-08,4.3506e-07,1.1835e-07,-5.4331e-07
0.00085744,-3.1815e-08,1.1891e-07,3.2347e-08,-1.4849e-07
0.00036725,-1.3626e-08,-2.6613e-08,-7.2399e-09,3.3235e-08
0.00013336,-4.9482e-09,-6.8302e-08,-1.8581e-08,8.5296e-08
-0.0018943,1.7379e-08,-5.9192e-08,-1.6103e-08,7.392e-08
-0.013417,1.3096e-07,-3.5622e-08,-9.6906e-09,4.4485e-08
-0.011107,1.0868e-07,-1.6823e-08,-4.5767e-09,2.1009e-08
-0.0041094,4.021e-08,4.6155e-08,1.2556e-08,-5.7639e-08
-0.00027931,2.733e-09,1.0757e-07,2.9263e-08,-1.3433e-07
0.001106,-1.0822e-08,6.1772e-08,1.6804e-08,-7.7141e-08
0.0012177,-1.1915e-08,1.6883e-08,4.5928e-09,-2.1083e-08
0.00082904,-8.1122e-09,-3.7786e-09,-1.0279e-09,4.7188e-09
-0.00054157,5.2992e-09,-9.6977e-09,-2.6382e-09,1.2111e-08
-0.0018373,1.7978e-08,-8.4043e-09,-2.2863e-09,1.0495e-08
-0.0010828,1.0595e-08,-5.0577e-09,-1.3759e-09,6.3161e-09
-0.00028997,2.8374e-09,-2.3892e-09,-6.4996e-10,2.9837e-09
7.509e-05,-7.3476e-10,-9.3802e-10,-2.5518e-10,1.1714e-09
0.00017816,-1.7433e-09,-3.1744e-10,-8.6358e-11,3.9643e-10
0.0001544,-1.5108e-09,-9.5044e-11,-2.5856e-11,1.1869e-10
9.2917e-05,-9.092e-10,5.6667e-13,1.5416e-13,-7.0766e-13
4.3893e-05,-4.295e-10,7.4913e-09,2.0379e-09,-9.3552e-09
1.7233e-05,-1.6862e-10,1.559e-08,4.2412e-09,-1.9469e-08
5.8319e-06,-5.7065e-11,8.8656e-09,2.4118e-09,-1.1071e-08
1.7461e-06,-1.7086e-11,2.3971e-09,6.521e-10,-2.9935e-09
0,0,-5.3651e-10,-1.4595e-10,6.6999e-10
-3.9041e-05,0.0049907,-1.3769e-09,-3.7458e-10,1.7195e-09
-0.00027073,0.034607,-1.1933e-09,-3.2462e-10,1.4902e-09
-0.00022391,0.028623,1.3301e-06,-1.331e-06,8.9668e-10
-8.2842e-05,0.01059,0.017593,-0.017593,-9.0466e-10
-5.6307e-06,0.00071977,0.036613,-0.036613,-2.598e-09
2.2296e-05,-0.0028501,0.02082,-0.02082,-1.5157e-09
1.9005e-05,0.00056499,0.0056294,-0.0056294,-4.0817e-10
-2.1724e-05,0.023541,-0.00126,0.0012599,9.5128e-11
-2.3168e-05,0.020135,-0.0032342,0.0032326,2.4413e-10
-8.1355e-06,0.0073939,-0.01086,-0.010251,2.2984e-11
4.9834e-07,0.00036816,-0.018456,-0.025479,-2.6515e-10
3.5727e-06,-0.0021668,-0.010333,-0.014652,-1.6304e-10
3.5998e-06,-0.002343,-0.0028911,-0.0038641,-3.6732e-11
2.3732e-06,-0.0015853,0.00047123,0.0010407,2.1498e-11
1.2243e-06,-0.00081789,0.0014494,0.002431,3.7057e-11
0.00055216,-0.00027617,0.0012835,0.0020793,3.0041e-11
0.023783,0.0028005,0.00077242,0.0012513,1.8079e-11
0.028877,0.0035112,0.00036488,0.00059111,8.5401e-12
0.01313,0.0016033,0.00014326,0.00023207,3.3529e-12
0.0024334,0.00029914,4.848e-05,7.8538e-05,1.1347e-12
-0.0019129,-0.00023516,1.4515e-05,2.3515e-05,3.3973e-13
-0.0027987,-0.00034404,-8.6543e-08,-1.402e-07,-2.0255e-15
-0.0021258,-0.00026133,-0.0011441,-0.0018534,-2.6777e-11
-0.00118,-0.00014506,-0.0023809,-0.0038571,-5.5726e-11
-0.00052485,-6.452e-05,-0.001354,-0.0021934,-3.169e-11
-0.001728,5.0501e-05,-0.00036608,-0.00059305,-8.5682e-12
-0.010685,0.00050979,8.1936e-05,0.00013273,1.9177e-12
-0.0088026,0.00042586,0.00021027,0.00034064,4.9214e-12
-0.0032499,0.0001584,1.9797e-05,3.2071e-05,4.6335e-13
-0.00022089,1.0766e-05,-0.00022838,-0.00036998,-5.3453e-12
0.00087468,-4.2632e-05,-0.00014043,-0.0002275,-3.2868e-12
0.00096304,-4.6938e-05,-3.1638e-05,-5.1253e-05,-7.4048e-13
-0.0031265,-2.136e-05,1.8517e-05,2.9997e-05,4.3339e-13
-0.025889,5.7009e-05,3.1918e-05,5.1707e-05,7.4704e-13
-0.02155,5.3853e-05,2.5873e-05,4.1914e-05,6.0556e-13
-0.0079747,2.0009e-05,-7.4925e-06,-1.2138e-05,-1.7536e-13
-0.00052952,7.5042e-07,-4.0642e-05,-6.584e-05,-9.5124e-13
0.0021645,-6.2716e-06,-2.4407e-05,-3.9539e-05,-5.7125e-13
0.0041769,-5.7704e-06,-6.4026e-06,-1.0372e-05,-1.4985e-13
0.021529,5.358e-06,1.9444e-06,3.1499e-06,4.5508e-14
0.019315,6.8441e-06,4.2392e-06,6.8674e-06,9.9218e-14
0.0076747,2.6553e-06,3.6738e-06,5.9515e-06,8.5985e-14
0.00095038,5.7546e-08,2.2106e-06,3.5812e-06,5.174e-14
-0.0015861,-9.1843e-07,-2.2303e-06,-3.6131e-06,-5.22e-14
-0.0019274,-9.9453e-07,-6.4049e-06,-1.0376e-05,-1.4991e-13
-0.0013662,-6.7907e-07,-3.7367e-06,-6.0534e-06,-8.7457e-14
-0.00072173,-3.5872e-07,-1.0063e-06,-1.6302e-06,-2.3552e-14
-0.00030912,-1.5364e-07,2.3452e-07,3.7993e-07,5.489e-15
-0.00011225,-5.5793e-08,6.0189e-07,9.7506e-07,1.4087e-14
-0.0014744,1.0923e-07,5.2162e-07,8.4501e-07,1.2208e-14
-0.015936,1.4e-06,3.1391e-07,5.0853e-07,7.3471e-15
-0.014782,1.3041e-06,1.4829e-07,2.4022e-07,3.4707e-15
-0.005858,5.1681e-07,5.8219e-08,9.4314e-08,1.3626e-15
-0.00065964,5.8196e-08,1.9667e-08,3.186e-08,4.6031e-16
0.0013003,-1.1471e-07,-4.5905e-07,-7.4366e-07,-1.0744e-14
0.0015506,-1.368e-07,-9.6761e-07,-1.5675e-06,-2.2647e-14
0.0010929,-9.6416e-08,-5.5025e-07,-8.914e-07,-1.2879e-14
0.00057732,-5.0933e-08,-1.4878e-07,-2.4101e-07,-3.4821e-15
0.0014532,-1.2515e-08,3.3298e-08,5.3943e-08,7.7935e-16
0.024144,1.7758e-07,8.5459e-08,1.3844e-07,2.0002e-15
0.025386,1.9304e-07,7.4061e-08,1.1998e-07,1.7334e-15
0.010767,8.2259e-08,4.457e-08,7.2203e-08,1.0432e-15
0.0016273,1.2549e-08,2.1054e-08,3.4108e-08,4.9278e-16
-0.0019502,-1.504e-08,8.2661e-09,1.3391e-08,1.9347e-16
-0.0025526,-1.9686e-08,2.7924e-09,4.5237e-09,6.5356e-17
-0.0018657,-1.4388e-08,-6.5178e-08,-1.0559e-07,-1.5255e-15
-0.0010099,-7.7884e-09,-1.3738e-07,-2.2256e-07,-3.2155e-15
-0.00044069,-3.3986e-09,-7.8126e-08,-1.2656e-07,-1.8285e-15
-0.00016244,-1.2527e-09,-2.1124e-08,-3.422e-08,-4.944e-16
-5.2204e-05,-4.0259e-10,4.7278e-09,7.659e-09,1.1066e-16
0.00031685,2.4435e-09,1.2134e-08,1.9657e-08,2.8399e-16
0.0036728,2.8324e-08,1.0515e-08,1.7035e-08,2.4611e-16
0.0034091,2.6291e-08,6.3282e-09,1.0252e-08,1.4811e-16
0.001351,1.0418e-08,2.9894e-09,4.8427e-09,6.9966e-17
0.00015213,1.1732e-09,1.1729e-09,1.9002e-09,2.7453e-17
-0.00029987,-2.3125e-09,-8.9759e-09,-1.4541e-08,-2.1008e-16
-0.0003576,-2.7578e-09,-1.9387e-08,-3.1407e-08,-4.5376e-16
-0.00025204,-1.9437e-09,-1.1093e-08,-1.797e-08,-2.5962e-16
-0.00013314,-1.0268e-09,-2.9992e-09,-4.8587e-09,-7.0197e-17
2.2279e-05,0.0052759,6.7127e-10,1.0875e-09,1.5711e-17
0.00052921,0.036585,-1.4051e-06,1.4096e-06,4.032e-17
0.00044825,0.030258,-0.018598,0.018598,3.7961e-18
0.00016641,0.011195,-0.038705,0.038705,-4.3793e-17
1.1437e-05,0.0007609,-0.02201,0.02201,-2.6928e-17
-4.5289e-05,-0.003013,-0.0059511,0.0059511,-6.0666e-18
-0.0028904,-0.0025682,0.0013319,-0.0013319,3.5506e-18
-0.019731,0.0029357,0.0034184,-0.0034184,6.1203e-18
-0.016309,0.0031309,0.0029625,-0.0029625,4.9615e-18
-0.0060348,0.0010994,0.0017828,-0.0017828,2.9858e-18
-0.00041231,-6.7343e-05,0.00084218,-0.00084218,1.4105e-18
0.0016214,-0.00048279,0.00033045,-0.00033045,5.5343e-19
0.0017858,-0.00048646,-0.0025287,0.0025287,-4.2351e-18
0.0012161,-0.0003207,-0.0054619,0.0054619,-9.1476e-18
0.00022409,-5.9094e-05,-0.0031251,0.0031251,-5.2338e-18
-0.0025328,0.00066794,-0.00084495,0.00084495,-1.4151e-18
-0.0022187,0.00058508,0.00018909,-0.00018909,3.1668e-19
-0.00082618,0.00021787,0.00011043,-0.00011043,1.8494e-19
-4.9849e-05,1.3146e-05,-0.00035964,0.00035964,-6.0232e-19
0.00023033,-6.074e-05,-0.00019058,0.00019058,-3.1918e-19
0.00025359,-6.6875e-05,-3.9346e-07,3.9344e-07,-6.5897e-22
0.00017267,-4.5534e-05,7.3797e-05,-7.3797e-05,1.236e-19
8.908e-05,-2.3491e-05,8.48e-05,-8.48e-05,1.4202e-19
-1.9798e-05,5.2211e-06,6.4478e-05,-6.4478e-05,1.0799e-19
-0.00038368,0.00010118,3.594e-05,-3.594e-05,6.0192e-20
-0.00032422,8.5499e-05,1.6974e-05,-1.6974e-05,2.8427e-20
-0.00012033,3.1732e-05,-4.6568e-05,4.6568e-05,-7.7991e-20
-8.2588e-06,2.1779e-06,-0.00010853,0.00010853,-1.8176e-19
3.2703e-05,-8.624e-06,-6.2324e-05,6.2324e-05,-1.0438e-19
3.6006e-05,-9.4952e-06,-1.7034e-05,1.7034e-05,-2.8528e-20
-0.0016745,-5.1913e-06,3.8124e-06,-3.8124e-06,6.385e-21
-0.018793,1.0763e-05,9.7844e-06,-9.7844e-06,1.6387e-20
-0.017451,1.1684e-05,8.4788e-06,-8.4788e-06,1.42e-20
-0.0069155,4.684e-06,-2.4554e-06,2.4554e-06,-4.1122e-21
-0.00077835,4.2655e-07,-1.3319e-05,1.3319e-05,-2.2306e-20
0.0015356,-1.1953e-06,-7.9984e-06,7.9984e-06,-1.3396e-20
0.0018311,-1.3727e-06,-2.0982e-06,2.0982e-06,-3.5141e-21
0.0012905,-9.675e-07,6.3719e-07,-6.3719e-07,1.0672e-21
0.00055725,-4.1777e-07,1.3892e-06,-1.3892e-06,2.3267e-21
-0.002191,1.6426e-06,1.2039e-06,-1.2039e-06,2.0163e-21
-0.0025114,1.8828e-06,7.2453e-07,-7.2453e-07,1.2134e-21
-0.0010769,8.0737e-07,3.4226e-07,-3.4226e-07,5.7321e-22
-0.00015842,1.1877e-07,1.3437e-07,-1.3437e-07,2.2505e-22
0.00020131,-1.5092e-07,4.5393e-08,-4.5393e-08,7.6024e-23
0.00026349,-1.9754e-07,-1.0595e-06,1.0595e-06,-1.7745e-21
0.00019259,-1.4438e-07,-2.2333e-06,2.2333e-06,-3.7403e-21
0.00010425,-7.8154e-08,-1.27e-06,1.27e-06,-2.127e-21
2.7816e-05,0.00056823,-3.4339e-07,3.4339e-07,-5.751e-22
-0.00033577,0.011335,7.6856e-08,-7.6856e-08,1.2872e-22
-0.00036624,0.011949,1.9725e-07,-1.9725e-07,3.3035e-22
-0.00015614,0.0050699,1.7094e-07,-1.7094e-07,2.8629e-22
-2.3849e-05,0.0007668,1.0287e-07,-1.0287e-07,1.7229e-22
2.8583e-05,-0.000919,-9.7803e-07,-4.8584e-08,-4.943e-07
3.7411e-05,-0.0012029,-0.013572,1.3329e-07,-0.0065345
2.7344e-05,-0.00087918,-0.028244,3.1064e-07,-0.013599
1.4801e-05,-0.0004759,-0.016062,1.7839e-07,-0.0077333
6.4588e-06,-0.00020766,-0.0043427,4.8755e-08,-0.0020909
2.3808e-06,-7.6547e-05,0.00097197,-1.0912e-08,0.00046798
-0.0028592,0.0002386,0.0024945,-2.8006e-08,0.0012011
-0.019832,0.0018181,0.0021618,-2.4271e-08,0.0010409
-0.016403,0.0015095,0.001301,-1.4606e-08,0.00062639
-0.0060687,0.00055848,0.00061457,-6.8997e-09,0.0002959
-0.00041248,3.7959e-05,0.00024129,-2.7089e-09,0.00011617
0.0016333,-0.00015031,8.1509e-05,-9.151e-10,3.9245e-05
0.0017983,-0.00016549,-0.0019025,2.1359e-08,-0.00091602
0.0012244,-0.00011268,-0.0040102,4.5022e-08,-0.0019308
0.00063169,-5.8133e-05,-0.0022805,2.5603e-08,-0.001098
2.4439e-05,0.0030473,-0.00061659,6.9224e-09,-0.00029687
-0.0025751,0.033992,0.000138,-1.5494e-09,6.6446e-05
-0.0024487,0.031557,0.00035418,-3.9764e-09,0.00017053
-0.0009738,0.012506,0.00030694,-3.446e-09,0.00014779
-0.0001106,0.0014083,0.00018472,-2.0738e-09,8.8937e-05
0.00021801,-0.002776,8.8607e-05,1.3678e-06,4.2003e-05
0.00025998,-0.0033105,0.017856,0.018096,-0.00011524
0.00018324,-0.0023332,0.037101,0.037659,-0.00026856
9.6796e-05,-0.0012325,0.021095,0.021415,-0.00015423
4.1458e-05,-0.0005279,0.0057027,0.0057902,-4.2151e-05
-1.9197e-05,0.0003715,-0.0012764,-0.0012959,9.4342e-06
-0.00037435,0.0061731,-0.0032757,-0.003326,2.4212e-05
-0.00035055,0.0057691,-0.0028377,-0.0028831,2.0982e-05
-0.00013945,0.002293,0.012634,-0.010978,-6.076e-06
-1.5703e-05,0.00025821,0.029042,-0.020055,-3.2959e-05
3.0954e-05,-0.00050897,0.016657,-0.01126,-1.9793e-05
3.6913e-05,-0.00060697,0.0044822,-0.0030665,-5.1922e-06
1.783e-05,0.0027012,-0.0010593,0.00062937,1.5768e-06
-4.3022e-05,0.021472,-0.0026353,0.001698,3.4376e-06
-4.1063e-05,0.017849,0.010308,-0.010396,3.2364e-07
-1.5233e-05,0.0066044,0.024831,-0.023813,-3.7337e-06
-5.0212e-07,0.00044012,0.014253,-0.013627,-2.2958e-06
4.8676e-06,-0.0017901,0.0037743,-0.0036332,-5.1722e-07
4.7909e-06,4.6423e-06,-0.00098811,0.00090557,3.0272e-07
-3.6024e-06,0.037997,-0.0023403,0.002198,5.218e-07
-5.6839e-06,0.040776,-0.0020058,0.0018904,4.23e-07
-2.4184e-06,0.017304,-0.0012071,0.0011377,2.5456e-07
-2.0867e-07,0.0025571,-0.00057021,0.00053742,1.2025e-07
6.6156e-07,-0.0032219,-0.00022387,0.000211,4.7212e-08
7.7818e-07,-0.0041835,-7.7223e-05,6.968e-05,1.5949e-08
5.5125e-07,-0.0030511,-0.019346,-0.022775,-3.7227e-07
2.9839e-07,-0.0016515,-0.040214,-0.047442,-7.8468e-07
1.3021e-07,-0.00072067,-0.022869,-0.026979,-4.4622e-07
0.0021387,0.00064775,-0.0061832,-0.0072944,-1.2065e-07
0.01483,0.0062484,0.0013839,0.0016326,2.7003e-08
0.012266,0.005214,0.0035517,0.00419,6.9303e-08
0.0045381,0.0019381,0.003078,0.0036312,6.006e-08
0.00030845,0.00013173,0.0018523,0.0021853,3.6144e-08
-0.0012214,-0.00052163,0.00087482,0.001032,1.707e-08
-0.0013448,-0.00057432,-0.0024001,-0.0028315,-4.6832e-08
-0.00091562,-0.00039104,-0.0055935,-0.0065988,-1.0914e-07
-0.00047238,-0.00020174,-0.0032121,-0.0037895,-6.2677e-08
-0.00019867,-8.4848e-05,-0.00087791,-0.0010357,-1.713e-08
-0.0033322,9.9324e-05,0.00019649,0.00023181,3.834e-09
-0.022636,0.00088977,0.00050428,0.00059492,9.8399e-09
-0.018709,0.00074111,0.00043703,0.00051557,8.5275e-09
-0.0069198,0.00027518,0.000263,0.00031027,5.1318e-09
-0.00047033,1.8704e-05,0.00012421,0.00014653,2.4237e-09
0.0018624,-7.4062e-05,-0.00034077,-0.00040202,-6.6494e-09
0.0020505,-8.1544e-05,-0.00079418,-0.00093692,-1.5497e-08
0.0013961,-5.5521e-05,-0.00045607,-0.00053804,-8.8991e-09
0.00072029,-2.8644e-05,-0.00012465,-0.00014705,-2.4322e-09
-0.00016009,0.004997,2.7898e-05,3.2912e-05,5.4437e-10
-0.0031024,0.03473,7.2927e-05,8.5794e-05,1.397e-09
-0.0026215,0.028727,0.0176,0.017601,1.3153e-10
-0.00097295,0.010629,0.036535,0.036521,-1.5173e-09
-6.6779e-05,0.00072243,0.020773,0.020764,-9.3302e-10
0.00026443,-0.0028606,0.0056186,0.0056167,-2.102e-10
0.00029114,-0.0031496,-0.0012536,-0.0012525,1.2302e-10
0.00019823,-0.0021445,-0.0032227,-0.0032208,2.1206e-10
3.6527e-05,-0.00039516,-0.0027935,-0.0027919,1.7191e-10
-0.00041286,0.0044664,-0.0016811,-0.0016802,1.0345e-10
-0.00036165,0.0039124,-0.00079396,-0.00079351,4.8859e-11
-0.00013467,0.0014569,0.0021783,0.002177,-1.3405e-10
-8.1256e-06,8.7904e-05,0.0050765,0.0050736,-3.124e-10
3.7544e-05,-0.00040616,0.0029153,0.0029136,-1.794e-10
3.2003e-05,-0.00034621,0.00079677,0.00079631,-4.9032e-11
-3.6582e-05,0.00039575,-0.00017833,-0.00017823,1.0974e-11
-3.9013e-05,0.00042206,-0.00045768,-0.00045742,2.8165e-11
-1.3699e-05,0.0001482,-0.00039663,-0.00039641,2.4408e-11
8.3915e-07,-9.0781e-06,-0.00023867,-0.00023853,1.4687e-11
6.016e-06,-6.5082e-05,0.00024079,0.00024065,-1.4818e-11
6.0617e-06,-6.5576e-05,0.00069149,0.0006911,-4.2553e-11
3.9962e-06,-4.3231e-05,0.00040342,0.00040319,-2.4826e-11
2.0617e-06,-2.2304e-05,0.00010864,0.00010858,-6.6856e-12
8.6709e-07,-9.3804e-06,-2.532e-05,-2.5306e-05,1.5581e-12
-0.00036769,-1.5075e-06,-6.4982e-05,-6.4945e-05,3.9989e-12
-0.015865,7.8674e-05,-5.6315e-05,-5.6283e-05,3.4655e-12
-0.019264,9.6506e-05,-3.3891e-05,-3.3871e-05,2.0856e-12
-0.0087592,4.4016e-05,-1.601e-05,-1.6e-05,9.852e-13
-0.0016233,8.1575e-06,-6.2855e-06,-6.2819e-06,3.868e-13
0.0012761,-6.4127e-06,-2.1271e-06,-2.1259e-06,1.309e-13
0.001867,-9.3819e-06,-6.3307e-07,-6.3271e-07,3.8958e-14
0.0014181,-7.1263e-06,5.0198e-05,5.0169e-05,-3.0891e-12
0.00078719,-3.9557e-06,0.00010447,0.00010441,-6.4287e-12
0.00010947,-5.5009e-07,5.9406e-05,5.9373e-05,-3.6558e-12
-0.0025328,1.2727e-05,1.6062e-05,1.6053e-05,-9.8844e-13
-0.0024299,1.2211e-05,-3.595e-06,-3.593e-06,2.2123e-13
-0.00096747,4.8617e-06,-9.2264e-06,-9.2212e-06,5.6778e-13
-0.00011033,5.5444e-07,-7.9953e-06,-7.9908e-06,4.9202e-13
0.00021749,-1.0929e-06,2.3153e-06,2.314e-06,-1.4248e-13
0.00025936,-1.3033e-06,1.2559e-05,1.2552e-05,-7.7288e-13
0.0001828,-9.1858e-07,7.5423e-06,7.538e-06,-4.6414e-13
9.6564e-05,-4.8525e-07,1.9786e-06,1.9774e-06,-1.2176e-13
4.1359e-05,-2.0783e-07,-6.0086e-07,-6.0052e-07,3.6976e-14
-4.2499e-05,0.0012122,-1.31e-06,-1.3093e-06,8.0615e-14
-0.00039408,0.0084066,-1.1353e-06,-1.1346e-06,6.9863e-14
-0.00032852,0.0069529,-3.2116e-06,1.8458e-06,4.2039e-14
-0.00012205,0.0025724,-0.033426,0.033427,-4.2413e-14
-8.2953e-06,0.00017484,-0.069562,0.069566,-1.218e-13
3.2847e-05,-0.00069234,-0.039557,0.03956,-7.1059e-14
0.0028798,-0.00059014,-0.010696,0.010696,-1.9136e-14
0.019743,0.00067458,0.0023938,-0.002394,4.4598e-15
0.016322,0.00071943,0.0061433,-0.0061437,1.1445e-14
0.0060393,0.00025263,0.00057838,-0.00057842,1.0776e-15
0.00041203,-1.5474e-05,-0.0066725,0.0066729,-1.2431e-14
-0.0016234,-0.00011094,-0.0041029,0.0041031,-7.6439e-15
-0.0017878,-0.00011178,-0.00092433,0.00092439,-1.7221e-15
-0.00081367,0.00094888,0.00054099,-0.00054102,1.0079e-15
0.0021717,0.0070529,0.00093251,-0.00093257,1.7373e-15
0.0020514,0.0058487,0.00075465,-0.00075721,1.4083e-15
0.0007622,0.0021641,-0.016807,-0.016369,-4.0782e-16
2.8586e-05,0.00014568,-0.035708,-0.033333,-2.2122e-15
-0.0002389,-0.00058448,-0.020344,-0.018917,-1.3285e-15
-0.0023319,-0.00042252,-0.0054948,-0.0051206,-3.485e-16
-0.010009,0.00060567,0.0012448,0.0011311,1.0583e-16
-0.0074114,0.00055094,0.0031727,0.002925,2.3074e-16
-0.0025622,0.00017284,0.0027495,0.0025349,1.9997e-16
-5.2314e-05,-2.9866e-05,0.0016547,0.0015255,1.2034e-16
0.00081538,-9.7608e-05,0.00078146,0.00072045,5.6834e-17
0.00084028,-9.2263e-05,-0.002144,-0.0019766,-1.5593e-16
0.00055439,-5.8814e-05,-0.0049966,-0.0046065,-3.6339e-16
0.00027952,-2.9654e-05,-0.0028694,-0.0026453,-2.0868e-16
0.00011549,-1.2252e-05,-0.00078422,-0.00072299,-5.7035e-17
4.0737e-05,-4.3217e-06,0.00017552,0.00016182,1.2765e-17
-4.6944e-05,4.9801e-06,0.00045047,0.0004153,3.2762e-17
-0.0011847,0.00012568,0.00039039,0.00035991,2.8392e-17
-0.0012525,0.00013288,0.00023494,0.00021659,1.7086e-17
-0.00053145,5.638e-05,0.00011098,0.00010232,8.0714e-18
-8.038e-05,8.5273e-06,4.3546e-05,4.0146e-05,3.167e-18
9.6334e-05,-1.022e-05,-0.00033323,-0.00030722,-2.4235e-17
0.00012609,-1.3376e-05,-0.00071976,-0.00066356,-5.2347e-17
9.216e-05,-9.777e-06,-0.00041182,-0.00037966,-2.9951e-17
3.3495e-05,-3.5534e-06,-0.00011135,-0.00010265,-8.098e-18
-0.00015965,1.6937e-05,2.4921e-05,2.2975e-05,1.8125e-18
-0.00016037,1.7013e-05,6.3959e-05,5.8965e-05,4.6516e-18
-6.4153e-05,6.8058e-06,5.5429e-05,5.1101e-05,4.0312e-18
-6.775e-06,7.1874e-07,3.3353e-05,3.0749e-05,2.4257e-18
1.4812e-05,-1.5714e-06,-3.365e-05,-3.1023e-05,-2.4473e-18
1.7664e-05,-1.8739e-06,-9.6635e-05,-8.909e-05,-7.028e-18
1.245e-05,-1.3207e-06,-5.6377e-05,-5.1976e-05,-4.1002e-18
6.5766e-06,-6.9769e-07,-1.5182e-05,-1.3997e-05,-1.1042e-18
-0.00087262,-1.7143e-07,3.5384e-06,3.2621e-06,2.5734e-19
-0.017461,2.4326e-06,9.0811e-06,8.3721e-06,6.6045e-19
-0.018407,2.6443e-06,7.8699e-06,7.2555e-06,5.7237e-19
-0.0078103,1.1268e-06,4.7361e-06,4.3664e-06,3.4445e-19
-0.0011813,1.719e-07,2.2368e-06,2.0621e-06,1.6268e-19
0.0014158,-2.0602e-07,-6.1366e-06,-5.6575e-06,-4.4631e-19
0.0018531,-2.6966e-07,-1.4302e-05,-1.3185e-05,-1.0401e-18
0.0013544,-1.971e-07,-8.2129e-06,-7.5717e-06,-5.9731e-19
0.00073314,-1.0669e-07,-2.2447e-06,-2.0694e-06,-1.6325e-19
0.0020533,1.245e-08,5.0239e-07,4.6317e-07,3.6538e-20
0.012138,3.92e-07,1.2894e-06,1.1887e-06,9.3773e-20
0.0099793,3.3289e-07,1.1174e-06,1.0302e-06,8.1266e-20
0.003689,1.2362e-07,6.7245e-07,6.1995e-07,4.8906e-20
0.00025,8.5098e-09,3.1758e-07,2.9279e-07,2.3097e-20
-0.00098992,-3.3697e-08,-8.713e-07,-8.0327e-07,-6.3368e-20
-0.0010899,-3.71e-08,-2.0306e-06,-1.8721e-06,-1.4768e-19
-0.0007421,-2.5261e-08,-1.1661e-06,-1.0751e-06,-8.4808e-20
-0.00038286,-1.3032e-08,-3.187e-07,-2.9382e-07,-2.3179e-20
-0.00031319,-4.4006e-09,7.1331e-08,6.5762e-08,5.1878e-21
-0.0066182,4.4624e-08,1.8307e-07,1.6878e-07,1.3314e-20
-0.0079837,5.5948e-08,1.5865e-07,1.4627e-07,1.1538e-20
-0.003627,2.5547e-08,9.5477e-08,8.8023e-08,6.9439e-21
-0.00067126,4.7666e-09,4.5102e-08,4.1581e-08,3.2802e-21
0.00052769,-3.7471e-09,1.7697e-08,1.6315e-08,1.2871e-21
0.00077201,-5.482e-09,-1.3543e-07,-1.2485e-07,-9.8492e-21
0.00058641,-4.164e-09,-2.9251e-07,-2.6967e-07,-2.1274e-20
0.00032551,-2.3114e-09,-1.6736e-07,-1.5429e-07,-1.2172e-20
0.00014478,-1.0281e-09,-4.5251e-08,-4.1718e-08,-3.291e-21
-4.5326e-05,3.2186e-10,1.0128e-08,9.3371e-09,7.3658e-22
-0.0010839,7.6965e-09,2.5993e-08,2.3963e-08,1.8904e-21
-0.0010173,7.2238e-09,2.2526e-08,2.0767e-08,1.6383e-21
-0.00040516,2.877e-09,1.3556e-08,1.2498e-08,9.8591e-22
-4.5624e-05,3.2397e-10,6.4023e-09,5.9024e-09,4.6562e-22
8.9932e-05,-6.386e-10,-1.7565e-08,-1.6193e-08,-1.2775e-21
0.00010725,-7.6156e-10,-4.0935e-08,-3.7739e-08,-2.9772e-21
7.5588e-05,-5.3674e-10,-2.3508e-08,-2.1672e-08,-1.7097e-21
3.993e-05,-2.8354e-10,-6.4249e-09,-5.9232e-09,-4.6727e-22
2.9729e-06,-2.111e-11,1.438e-09,1.3257e-09,1.0458e-22
-0.00015018,1.0664e-09,3.6905e-09,3.4024e-09,2.6841e-22
-0.00014319,1.0168e-09,3.1983e-09,2.9486e-09,2.3261e-22
-5.6967e-05,4.0452e-10,1.9248e-09,1.7745e-09,1.3998e-22
-6.4778e-06,4.5999e-11,9.0923e-10,8.3824e-10,6.6127e-23
1.2769e-05,-9.0671e-11,3.5676e-10,3.289e-10,2.5946e-23
1.5227e-05,-1.0813e-10,-2.7301e-09,-2.5169e-09,-1.9855e-22
1.0732e-05,-7.6209e-11,-5.8968e-09,-5.4364e-09,-4.2886e-22
5.6694e-06,-4.0258e-11,-3.3739e-09,-3.1105e-09,-2.4538e-22
2.4282e-06,-1.7243e-11,-9.1222e-10,-8.41e-10,-6.6344e-23
8.8177e-07,-6.2614e-12,2.0417e-10,1.8823e-10,1.4849e-23
-0.001429,2.1992e-11,5.24e-10,4.8308e-10,3.8109e-23
-0.0099111,1.6572e-10,4.5411e-10,4.1865e-10,3.3026e-23
-0.0081973,1.3753e-10,2.7325e-10,2.5192e-10,1.9873e-23
-0.0030328,5.0882e-11,-2.7568e-10,-2.5416e-10,-2.005e-23
-0.00020614,3.4584e-12,-7.917e-10,-7.2988e-10,-5.7579e-23
0.00081625,-1.3694e-11,-4.6188e-10,-4.2582e-10,-3.3592e-23
0.0008987,-1.5078e-11,-1.2439e-10,-1.1467e-10,-9.0463e-24
0.0006119,-1.0266e-11,2.8989e-11,2.6726e-11,2.1083e-24
-0.0014991,-3.2737e-12,7.4399e-11,6.859e-11,5.4109e-24
-0.019954,2.016e-11,6.4476e-11,5.9442e-11,4.6892e-24
-0.018597,1.9983e-11,3.8802e-11,3.5772e-11,2.822e-24
-0.0073737,7.9849e-12,1.8329e-11,1.6898e-11,1.3331e-24
-0.00082782,8.5708e-13,7.1963e-12,6.6344e-12,5.2337e-25
0.00164,-1.8279e-12,2.431e-12,2.2412e-12,1.768e-25
0.0019558,-2.1798e-12,-5.6743e-11,-5.2312e-11,-4.1268e-24
0.0013784,-1.5363e-12,-1.196e-10,-1.1027e-10,-8.6986e-24
0.00072816,-8.1157e-13,-6.8015e-11,-6.2705e-11,-4.9466e-24
-0.00012185,1.358e-13,-1.839e-11,-1.6954e-11,-1.3375e-24
-0.0028943,3.2259e-12,4.116e-12,3.7946e-12,2.9935e-25
-0.0024516,2.7324e-12,1.0563e-11,9.7387e-12,7.6826e-25
-0.00091013,1.0144e-12,9.1539e-12,8.4392e-12,6.6575e-25
-6.2553e-05,6.9718e-14,-2.6509e-12,-2.4439e-12,-1.9279e-25
0.00024769,-2.7607e-13,-1.4379e-11,-1.3257e-11,-1.0458e-24
0.00027271,-3.0395e-13,-8.6352e-12,-7.961e-12,-6.2802e-25
0.00018569,-2.0695e-13,-2.2653e-12,-2.0884e-12,-1.6475e-25
9.5797e-05,-1.0677e-13,6.8793e-13,6.3421e-13,5.0032e-26
0.0021119,5.9311e-14,1.4998e-12,1.3827e-12,1.0908e-25
0.0098197,4.772e-13,1.2998e-12,1.1983e-12,9.4531e-26
0.007304,3.6218e-13,7.8221e-13,7.2114e-13,5.6889e-26
0.0025181,1.252e-13,3.6951e-13,3.4066e-13,2.6874e-26
3.8772e-05,1.9505e-15,1.4498e-13,1.3366e-13,1.0544e-26
-0.00081704,-4.1103e-14,-1.1095e-12,-1.0229e-12,-8.0692e-26
-0.00083885,-4.22e-14,-2.3964e-12,-2.2093e-12,-1.7429e-25
-0.00055267,-2.7803e-14,-1.3711e-12,-1.2641e-12,-9.972e-26
-0.00027865,-1.4018e-14,-3.7073e-13,-3.4178e-13,-2.6962e-26
-0.00011513,-5.7918e-15,8.2975e-14,7.6496e-14,6.0346e-27
7.4468e-05,0.0019483,2.1295e-13,1.9632e-13,1.5488e-26
0.0012612,0.021565,1.8455e-13,1.7014e-13,1.3422e-26
0.0011788,0.020017,1.1106e-13,1.0239e-13,8.0773e-27
0.00046854,0.0079324,5.2464e-14,4.8368e-14,3.8156e-27
5.276e-05,0.00089324,2.0598e-14,1.899e-14,1.498e-27
-0.000104,-0.0017607,6.9707e-15,6.4264e-15,5.0696e-28
-0.00012402,-0.0020997,-8.7452e-07,8.7452e-07,1.5088e-28
-8.7411e-05,-0.0014799,-0.011561,0.011561,-1.1964e-26
-4.6175e-05,-0.00078176,-0.02406,0.02406,-2.4898e-26
-1.9777e-05,-0.00033483,-0.013682,0.013682,-1.4159e-26
-7.1817e-06,-0.00012159,-0.0036993,0.0036993,-3.8282e-27
2.5224e-05,-0.0034942,0.00082797,-0.00082797,8.5681e-28
0.00019007,-0.023973,0.0021249,-0.0021249,2.199e-27
0.00015774,-0.019819,0.0018415,-0.0018415,1.9057e-27
5.8361e-05,-0.0073325,0.0011082,-0.0011082,1.1468e-27
3.9667e-06,-0.00049838,0.00052352,-0.00052352,5.4176e-28
-1.5707e-05,0.0019734,0.00020646,-0.00020437,2.1257e-28
-1.7294e-05,0.0021728,0.012251,0.015395,-1.6267e-27
-1.1775e-05,0.0014794,0.025372,0.032162,-3.5135e-27
-6.0748e-06,0.00076324,0.014416,0.018301,-2.0103e-27
0.0014273,-0.00016963,0.0038978,0.0049483,-5.4354e-28
0.0099139,-0.0032874,-0.0008724,-0.0011075,1.2165e-28
0.0082,-0.0027779,-0.002239,-0.0028424,3.1222e-28
0.0030339,-0.001031,-0.0019404,-0.0024633,2.7058e-28
0.00020621,-7.0761e-05,-0.0011676,-0.0014822,1.6281e-28
-0.00081655,0.0002802,0.001178,0.0014954,-1.6426e-28
-0.00089903,0.0003085,0.0033828,0.0042945,-4.7172e-28
-0.00061213,0.00021005,0.0019736,0.0025055,-2.7521e-28
-0.0003158,0.00010837,0.00053149,0.00067472,-7.4114e-29
-0.00013282,4.5577e-05,-0.00012387,-0.00015725,1.7273e-29
-4.7529e-05,1.631e-05,-0.0003179,-0.00040357,4.433e-29
-1.4906e-05,5.1148e-06,-0.0002755,-0.00034975,3.8417e-29
-4.1871e-06,1.4368e-06,-0.0001658,-0.00021048,2.312e-29
0,0,-7.832e-05,-9.9428e-05,1.0921e-29
0,0,-3.0749e-05,-3.9036e-05,4.2878e-30
0,0,-1.0406e-05,-1.321e-05,1.4511e-30
0,0,-3.1156e-06,-3.9553e-06,4.3446e-31
0,0,0,0,0
0,0,0,0,0
0,0,0,0,0
