0,0,0,0,0
0,0,0,0,0
0,0,0,0,0
0,0,0,0,0
0,0,0,0,0
0,0,0,0,0
0,0,0,0,0
0,0,0,0,0
0,0.0019963,0,0,0
0,0.013843,0,0,0
0,0.011449,0,0,0
0,0.0042359,0,0,0
0,0.00028791,0,0,0
0,-0.00114,0,0,0
0,-0.0012552,0,0,0
0,-0.00085464,0,0,0
0,-0.00044092,-5.3232e-07,5.3232e-07,0
0,-0.00018544,-0.0070372,0.0070372,0
0,-6.6359e-05,-0.014645,0.014645,0
0,-2.0811e-05,-0.0083281,0.0083281,0
0,-5.8459e-06,-0.0022518,0.0022518,0
0.0054127,0.0016057,0.00050398,-0.00050398,0
0.02562,0.0076002,0.0012932,-0.0012932,0
0.019072,0.005658,-0.002607,0.002607,0
0.0065761,0.0019508,-0.0070836,0.0070836,0
0.00010131,3.0053e-05,-0.0040931,0.0040931,0
-0.0021348,-0.00063331,-0.0010677,0.0010677,0
-0.0021918,-0.00065021,0.00030932,-0.00030932,0
-0.001444,-0.00042838,0.00069787,-0.00069787,0
-0.00072808,-0.00021599,0.00059381,-0.00059381,0
-0.00030081,-8.9239e-05,0.00035735,-0.00035735,0
-0.00010611,-3.1478e-05,0.00016881,-0.00016881,0
-3.2883e-05,-9.755e-06,6.6276e-05,-6.6276e-05,0
-9.1451e-06,-2.713e-06,2.2429e-05,-2.2429e-05,0
0,0,6.7154e-06,-6.7154e-06,0
0,0,0,0,0
0.00024357,0.00040331,0,0,0
0.010501,0.017388,0,0,0
0.01275,0.021112,0,0,0
0.0057975,0.0095994,0,0,0
0.0010744,0.0017791,0,0,0
-0.00084464,-0.0013985,-1.5562e-06,1.5562e-06,0
-0.0012357,-0.0020461,-0.020573,0.020573,0
-0.00093863,-0.0015542,-0.042814,0.042814,0
-0.00052102,-0.0008627,-0.024347,0.024347,0
-0.0007993,0.00012407,-0.006583,0.006583,0
-0.011408,0.009985,0.0014734,-0.0014734,0
-0.011962,0.01063,0.0037805,-0.0037805,0
-0.0050718,0.0045168,-0.0076215,0.0076215,0
-0.00076586,0.0006852,-0.020709,0.020709,0
0.00091786,-0.00082119,-0.011966,0.011966,0
0.0012014,-0.0010748,-0.0031215,0.0031215,0
0.00087809,-0.00078561,0.0009043,-0.0009043,0
0.00047531,-0.00042525,0.0020402,-0.0020402,0
0.00020741,-0.00018556,0.001736,-0.001736,0
-0.0014128,0.001264,0.0010447,-0.0010447,0
-0.0070242,0.0062844,0.00049352,-0.00049352,0
-0.0052404,0.0046885,0.00019376,-0.00019376,0
-0.0018093,0.0016187,6.5571e-05,-6.5571e-05,0
-2.7873e-05,2.4937e-05,1.9632e-05,-1.9632e-05,0
0.00058736,-0.0005255,0,0,0
0.00060303,-0.00053952,0,0,0
0.0003973,-0.00035546,-4.3672e-07,4.3672e-07,0
0.00020032,-0.00017922,-0.0057734,0.0057734,0
8.2764e-05,-7.4047e-05,-0.012015,0.012015,0
2.9194e-05,-2.612e-05,-0.0068326,0.0068326,0
-0.00051052,0.0016688,-0.0018474,0.0018474,0
-0.0036004,0.011626,0.00041348,-0.00041348,0
-0.0029798,0.0096172,0.0010635,-0.0010584,0
-0.0011025,0.0035582,0.031288,0.035565,0
-7.4934e-05,0.00024184,0.063752,0.075375,0
0.00029672,-0.00095764,0.036201,0.042917,0
0.00032669,-0.0010544,0.0098198,0.011572,0
0.00022244,-0.0007179,-0.0021401,-0.0026477,0
0.00011476,-0.00037037,-0.0055713,-0.0067164,0
4.8265e-05,-0.00015577,-0.0048372,-0.0058116,0
-6.7104e-05,0.0021836,-0.0029111,-0.0034974,0
-0.0016776,0.04465,-0.0013752,-0.0016521,0
-0.0017726,0.047081,-0.0005399,-0.00064864,0
-0.00075277,0.019979,-0.0001832,-0.00021634,0
-0.00011385,0.0030217,-0.0065868,0.041882,0
0.00013645,-0.0036215,-0.013594,0.087296,0
0.00015979,-0.0032478,-0.0077304,0.049642,0
-0.00068026,0.060871,-0.0020901,0.013422,0
-0.00091378,0.076239,0.00046781,-0.0030041,0
-0.00041679,0.034701,0.0012006,-0.00771,0
-7.1594e-05,0.0062811,0.0010405,-0.0066817,0
6.8868e-05,-0.0052717,0.00062616,-0.004021,0
9.6458e-05,-0.0075985,0.00029758,-0.0018978,-2.0532e-06
7.2472e-05,-0.0057506,0.023799,0.021476,-0.027143
4.0228e-05,-0.0031921,0.049326,0.045992,-0.056488
1.7893e-05,-0.0014198,0.028039,0.026222,-0.032123
6.6969e-06,-0.0005314,0.0075781,0.0071104,-0.0086853
2.1794e-06,-0.00017293,-0.0016961,-0.0015914,0.0019439
6.3153e-07,-5.0111e-05,-0.004353,-0.0040843,0.004989
-2.0597e-08,2.1096e-06,-0.0037724,-0.0035396,0.0043236
-0.00027229,0.027889,-0.0022702,-0.0021301,0.0026019
-0.00056665,0.058039,-0.0010724,-0.0010062,0.0012291
-0.00032224,0.033005,-0.00042105,-0.00039506,0.00048257
-8.7126e-05,0.0089238,-0.00014249,-0.0001337,0.00016331
1.95e-05,-0.0019973,-4.2662e-05,-4.0029e-05,4.8896e-05
5.0047e-05,-0.005126,0,0,0
4.3372e-05,-0.0044423,0,0,0
2.6101e-05,-0.0026734,1.4243e-06,1.3657e-06,-1.0877e-06
1.233e-05,-0.0012629,0.018829,0.018055,-0.014379
4.8408e-06,-0.00049582,0.039185,0.037574,-0.029924
-0.00027952,0.00037277,0.022283,0.021367,-0.017017
-0.012121,0.023255,0.006025,0.0057772,-0.004601
-0.014717,0.028296,-0.0013485,-0.001293,0.0010298
-0.0066919,0.012866,-0.0034608,-0.0033185,0.0026429
-0.0012402,0.0023845,-0.0029992,-0.0028759,0.0022904
0.00097495,-0.0018745,-0.0018049,-0.0017307,0.0013784
0.0014264,-0.0027424,-0.00085188,-0.00081685,0.00065055
0.0010834,-0.0020831,0.0096399,0.0092435,-0.0073616
0.00060141,-0.0011563,0.020645,0.019796,-0.015766
0.00026749,-0.0005143,0.011771,0.011287,-0.0089887
0.00010012,-0.00019249,0.0031917,0.0030604,-0.0024374
3.2581e-05,-6.2643e-05,-0.00071436,-0.00068498,0.00054552
9.4413e-06,-1.8152e-05,-0.0018334,-0.001758,0.0014001
0,0,-0.0015888,-0.0015235,0.0012133
-0.00068599,0.0023778,-0.00095616,-0.00091684,0.00073018
-0.0075931,0.02632,-0.00045168,-0.00043311,0.00034493
-0.007048,0.02443,-0.00017646,-0.00017013,0.00013512
-0.002793,0.0096811,0.011507,-0.001274,-0.0039894
-0.00031451,0.0010901,0.024055,-0.0025487,-0.0083839
0.00061994,-0.0021489,0.013689,-0.0014396,-0.0047755
0.0007393,-0.0025626,0.0037013,-0.00038923,-0.0012912
0.000517,-0.0017939,-0.00082841,8.7117e-05,0.00028899
-0.0023195,0.0068302,-0.0021261,0.00022358,0.00074168
-0.0042917,0.01282,-0.0018425,0.00019376,0.00064276
-0.0022761,0.0068083,-0.0011088,0.00011661,0.00038681
-0.00055238,0.0016508,-0.0005238,5.5083e-05,0.00018273
0.00020337,-0.00061192,-0.00020565,2.1626e-05,7.174e-05
0.00040023,-0.0012007,-7.0728e-05,8.8669e-06,2.4116e-05
0.00033087,-0.00099263,-0.015005,0.020469,-0.0021304
0.00019364,-0.00058094,-0.031183,0.042594,-0.0044486
8.9611e-05,-0.00026884,-0.017733,0.024222,-0.0025298
3.4614e-05,-0.00010384,-0.0047945,0.0065491,-0.000684
1.1559e-05,-3.4678e-05,0.0010731,-0.0014658,0.00015309
3.3364e-06,-1.0275e-05,0.002754,-0.0037619,0.0003929
-0.0011423,-9.154e-05,0.0023867,-0.0032601,0.0003405
-0.0023773,-0.0001905,0.0014363,-0.001962,0.00020491
-0.0013519,-0.00010833,0.00067851,-0.00092681,9.6798e-05
-0.00036552,-2.9291e-05,0.00026639,-0.00036387,3.8004e-05
8.1811e-05,6.5558e-06,8.7763e-05,-0.00012232,1.3042e-05
0.00020996,1.6825e-05,-0.031535,0.010806,0.00239
0.00018196,1.4581e-05,-0.065684,0.022564,0.0049659
0.0001095,8.775e-06,-0.037352,0.012831,0.0028239
5.1728e-05,4.1452e-06,-0.010099,0.0034693,0.00076353
-8.1673e-05,0.00054407,0.0022604,-0.0007765,-0.00017089
-0.0011219,0.0060047,0.0058012,-0.0019928,-0.00043858
-0.0010457,0.0055732,0.0050281,-0.0017248,-0.00037999
-0.00041521,0.0022085,0.010684,0.029083,0.0010353
-4.6755e-05,0.00024869,0.017368,0.062197,0.0025226
9.2163e-05,-0.00049021,0.0096248,0.035456,0.0014535
0.00010991,-0.00058459,0.0026405,0.0095733,0.00039012
2.3438e-05,0.0025437,-0.00049164,-0.0021768,-9.4827e-05
-0.00055707,0.032498,-0.0014077,-0.0055366,-0.00023234
-0.00053753,0.030274,-0.0012199,-0.0047981,-0.00020135
-0.00021359,0.012,-0.00073416,-0.0028875,-0.00012117
-2.2748e-05,0.0013443,-0.0003453,-0.0013616,-5.719e-05
4.9396e-05,-0.0026742,0.019755,0.031255,0.00064716
5.8223e-05,-0.0031854,0.041349,0.065979,0.001386
-0.0001491,-0.0019051,0.023526,0.037569,0.0007902
-0.0081753,0.01347,0.0063646,0.010172,0.00021427
-0.0099433,0.017287,-0.0014245,-0.0022768,-4.7957e-05
-0.0045221,0.007907,-0.003656,-0.0058432,-0.00012308
-0.00083763,0.001441,-0.0031683,-0.0050639,-0.00010666
0.00065962,-0.0011955,-0.0019067,-0.0030474,-6.4191e-05
0.00096458,-0.0017247,-0.00089991,-0.0014383,-3.0296e-05
0.00073268,-0.00131,0.010183,0.016276,0.00034283
0.0004067,-0.00072718,0.021809,0.034857,0.00073421
0.00018089,-0.00032344,0.012434,0.019873,0.00041861
6.7705e-05,-0.00012106,0.0033716,0.0053888,0.00011351
2.2033e-05,-3.9395e-05,-0.00075463,-0.0012061,-2.5405e-05
6.3847e-06,-1.1416e-05,-0.0019367,-0.0030954,-6.5201e-05
-2.8879e-05,9.2786e-06,-0.0016784,-0.0026826,-5.6505e-05
-0.018433,0.0059225,-0.0010101,-0.0016144,-3.4005e-05
-0.031326,0.010065,-0.00047715,-0.00076261,-1.6063e-05
-0.016473,0.0052928,-0.00018733,-0.00029941,-6.3066e-06
-0.0040207,0.0012918,-6.3396e-05,-0.00010132,-2.1343e-06
0.0014174,-0.00045539,-1.8981e-05,-3.0337e-05,-6.3902e-07
0.0028432,-0.00091351,4.2224e-07,6.7486e-07,1.4215e-08
0.0023506,-0.00075522,0.005582,0.0089215,0.00018792
0.0013757,-0.00044199,0.011617,0.018566,0.00039108
0.0006366,-0.00020454,0.006606,0.010558,0.00022239
0.0002459,-7.9006e-05,0.0017861,0.0028547,6.0131e-05
8.2118e-05,-2.6384e-05,-0.00039976,-0.00063893,-1.3458e-05
-0.0038846,0.00043159,-0.001026,-0.0016398,-3.454e-05
-0.043267,0.0048637,-0.00088914,-0.0014211,-2.9933e-05
-0.04016,0.0045145,-0.00053486,-0.00085485,-1.8006e-05
-0.015915,0.001789,0.0027043,0.0043221,9.1041e-05
-0.0017921,0.00020145,0.0060546,0.0096769,0.00020383
0.0035325,-0.00039709,0.0034659,0.0055395,0.00011668
0.0042127,-0.00047355,0.00093613,0.0014962,3.1515e-05
0.0029691,-0.00033376,-0.00021177,-0.00033847,-7.1295e-06
0.0015684,-0.00017631,-0.00054351,-0.00086867,-1.8297e-05
0.00068198,-2.4976e-05,-0.00047102,-0.00075281,-1.5857e-05
0.000684,0.0021514,-0.00028346,-0.00045304,-9.5428e-06
0.00061173,0.0026368,-0.0001339,-0.00021401,-4.5079e-06
0.00026492,0.0012004,-5.2571e-05,-8.4023e-05,-1.7698e-06
4.5025e-05,0.00022293,-1.7791e-05,-2.8435e-05,-5.9894e-07
-3.5395e-05,-0.00017525,-5.2082e-06,-8.3242e-06,-1.7534e-07
-5.1783e-05,-0.00025639,0.0015665,0.0025037,5.2736e-05
-3.9334e-05,-0.00019475,0.00326,0.0052103,0.00010975
-2.1834e-05,-0.00010811,0.0018538,0.0029629,6.2411e-05
-9.7112e-06,-4.8083e-05,0.00050124,0.00080112,1.6875e-05
2.127e-05,0.0016301,-0.00011219,-0.0001793,-3.7768e-06
0.00027448,0.018236,-0.00028792,-0.00046018,-9.693e-06
0.00025553,0.016931,-0.00024952,-0.0003988,-8.4002e-06
0.0001014,0.00671,-0.00015016,-0.00024,-5.0552e-06
1.1418e-05,0.00075559,-7.0934e-05,-0.00011337,-2.388e-06
-2.2507e-05,-0.0014894,-2.8471e-05,-4.3726e-05,-9.3545e-07
-2.684e-05,-0.0017762,-0.0082274,0.010359,2.762e-05
-1.8917e-05,-0.0012518,-0.017105,0.021585,5.8044e-05
-9.9929e-06,-0.00066129,-0.0097255,0.012277,3.3062e-05
-4.28e-06,-0.00028323,-0.0026296,0.0033195,8.9392e-06
-1.5542e-06,-0.00010285,0.00058854,-0.00074296,-2.0007e-06
-3.4577e-07,-2.2882e-05,0.0015105,-0.0019068,-5.1348e-06
9.4061e-05,0.0062245,0.001309,-0.0016525,-4.45e-06
0.00016009,0.010594,0.00078777,-0.00099445,-2.678e-06
8.4185e-05,0.005571,0.00037213,-0.00046977,-1.2651e-06
2.0547e-05,0.0013597,0.0001461,-0.00018443,-4.9667e-07
-7.2433e-06,-0.00047933,4.9443e-05,-6.2416e-05,-1.6808e-07
-1.453e-05,-0.00096153,1.4804e-05,-1.8688e-05,-5.0325e-08
-1.2012e-05,-0.00079492,0,0,0
-7.0301e-06,-0.00046522,-3.2931e-07,4.1571e-07,1.1195e-09
-3.2533e-06,-0.00021529,-0.0043534,0.0054956,1.4799e-05
-1.2566e-06,-8.3159e-05,-0.0090599,0.011437,3.0799e-05
-4.1965e-07,-2.7771e-05,-0.0051521,0.0065038,1.7514e-05
-1.2426e-07,-8.2231e-06,-0.001393,0.0017585,4.7355e-06
0.00011254,3.0597e-05,0.00031178,-0.00039358,-1.0599e-06
0.014115,0.0038376,0.00080017,-0.0010101,-2.7202e-06
0.020073,0.0054574,0.00069345,-0.00087538,-2.3574e-06
0.0098008,0.0026646,0.00041732,-0.00052681,-1.4187e-06
0.0021167,0.00057547,0.00019714,-0.00024886,-6.7016e-07
-0.0011194,-0.00030434,7.7397e-05,-9.7704e-05,-2.6311e-07
-0.0018793,-0.00051093,2.6018e-05,-3.2844e-05,-8.8448e-08
-0.0014871,-0.00040431,-0.0022984,0.0029014,7.8133e-06
-0.00084723,-0.00023034,-0.0047994,0.0060587,1.6316e-05
-0.00038428,-0.00010447,-0.0027293,0.0034454,9.2782e-06
-0.00014609,-3.9718e-05,-0.00073794,0.00093155,2.5086e-06
-4.8154e-05,-1.3092e-05,0.00016516,-0.0002085,-5.6147e-07
-1.4104e-05,-3.8345e-06,0.00042389,-0.0005351,-1.441e-06
-0.0004092,0.00012643,0.00036735,-0.00046373,-1.2488e-06
-0.0081621,0.0025218,0.00022107,-0.00027907,-7.5153e-07
-0.0086042,0.0026584,0.00010434,-0.00013171,-3.547e-07
-0.0036508,0.001128,-0.0011807,0.0014905,4.0138e-06
-0.00055217,0.0001706,-0.0025286,0.003192,8.596e-06
0.00066176,-0.00020446,-0.0014417,0.0018199,4.901e-06
0.00044608,0.0016411,-0.00039092,0.00049349,1.3289e-06
-0.0040168,0.020931,8.7495e-05,-0.00011045,-2.9744e-07
-0.0039733,0.019504,0.00022455,-0.00028347,-7.6336e-07
-0.0015608,0.0077249,0.00019535,-0.0002456,-1.4599e-06
-0.00013748,0.00085804,0.010026,0.00066916,-0.010554
0.00039735,-0.0017304,0.020676,0.0016304,-0.021963
0.00045781,-0.0020586,0.011748,0.00093946,-0.01249
0.00031909,-0.0014498,0.0031779,0.00025214,-0.0033769
0.00016856,-0.00076586,-0.00070742,-6.1289e-05,0.0007558
7.2195e-05,-0.00032802,-0.0018212,-0.00015017,0.0019398
2.6216e-05,-0.00011912,-0.0015783,-0.00013014,0.001681
-0.00021422,0.0027522,-0.00094983,-7.8317e-05,0.0010117
-0.0024609,0.030871,-0.00044869,-3.6996e-05,0.00047789
-0.0022864,0.028665,-0.00017616,-1.4525e-05,0.00018763
-0.00090605,0.011359,-5.9615e-05,-4.9155e-06,6.3496e-05
-0.00010203,0.0012791,-1.7849e-05,-1.4717e-06,1.9011e-05
0.00020111,-0.0025214,0,0,0
0.00023983,-0.0030068,0,0,0
0.00016903,-0.0021192,0,0,0
8.9294e-05,-0.0011195,1.1955e-06,8.3122e-07,-4.229e-07
3.8245e-05,-0.00047949,0.015805,0.010989,-0.0055907
1.3888e-05,-0.00017412,0.032891,0.022868,-0.011635
4.4084e-06,-5.5269e-05,0.018704,0.013004,-0.0066163
1.251e-06,-1.5685e-05,0.0050572,0.0035161,-0.0017889
-6.0833e-05,0.00076268,-0.0011319,-0.00078697,0.00040039
-0.0012134,0.015213,-0.0029049,-0.0020197,0.0010276
-0.0012791,0.016037,-0.0025175,-0.0017503,0.00089053
-0.00054273,0.0068044,-0.001515,-0.0010534,0.00053592
-8.2087e-05,0.0010291,-0.00071568,-0.00049759,0.00025316
9.8379e-05,-0.0012334,-0.00028098,-0.00019536,9.9394e-05
0.00012877,-0.0016144,-9.4456e-05,-6.5672e-05,3.3413e-05
9.4117e-05,-0.00118,0.0083441,0.0058014,-0.0029516
5.0945e-05,-0.00063871,0.017424,0.012114,-0.0061635
2.2231e-05,-0.00027871,0.0099085,0.006889,-0.003505
8.1944e-06,-0.00010273,0.002679,0.0018626,-0.00094767
2.6334e-06,-3.3016e-05,-0.00059961,-0.00041689,0.0002121
-0.00046859,0.00039456,-0.0015389,-0.0010699,0.00054436
-0.0093618,0.0080589,-0.0013336,-0.00092723,0.00047175
-0.0098688,0.0084954,-0.00080258,-0.00055801,0.0002839
-0.0041873,0.0036046,-0.0003788,-0.00026336,0.00013399
-0.00063332,0.00054518,0.0042865,0.0029802,-0.0015163
0.00075902,-0.00065339,0.0091799,0.0063825,-0.0032473
0.00099347,-0.00085521,0.0052339,0.003639,-0.0018514
0.0004775,-6.1355e-05,0.0014192,0.00098673,-0.00050202
-0.0045663,0.010906,-0.00031764,-0.00022085,0.00011236
-0.0050564,0.011706,-0.00081522,-0.00056679,0.00028837
-0.002155,0.004975,-0.00070649,-0.0004912,0.00024991
-0.00031518,0.00074319,-0.00042563,-0.00029548,0.00015003
0.00040791,-0.00091667,-0.0063964,0.001494,-0.0047813
0.00052629,-0.0011933,-0.012972,0.0033448,-0.01007
0.00038467,-0.00087216,-0.0073588,0.0019147,-0.0057331
0.00020822,-0.00047209,-0.0019904,0.00051716,-0.0015498
9.0859e-05,-0.00020601,0.00044371,-0.00011699,0.00034751
-0.0010688,0.00050278,0.0011388,-0.00030026,0.00089187
-0.012191,0.0063813,0.00098687,-0.00026021,0.00077292
-0.011322,0.0059388,0.0005939,-0.00015659,0.00046514
-0.0044881,0.0023562,0.00028055,-7.3974e-05,0.00021973
-0.00050539,0.00026532,0.00011015,-2.9043e-05,8.6267e-05
0.0009962,-0.000523,3.7027e-05,-9.7631e-06,2.9e-05
0.001188,-0.00062369,-0.0032709,0.00086245,-0.0025618
0.00083731,-0.00043958,-0.0068303,0.001801,-0.0053495
0.00044231,-0.00023221,-0.0038842,0.0010241,-0.0030421
0.00018945,-9.9457e-05,-0.0010502,0.00027691,-0.00082252
6.8794e-05,-3.6116e-05,0.00023505,-6.1976e-05,0.00018409
-0.0011537,0.00014673,0.00060325,-0.00015906,0.00047247
-0.023442,0.0031523,0.00052279,-0.00013785,0.00040945
-0.024719,0.0033264,0.00031462,-8.2955e-05,0.00024641
-0.010488,0.0014114,0.00014862,-3.9187e-05,0.0001164
-0.0015863,0.00021347,5.8218e-05,-1.5351e-05,4.5597e-05
0.0019011,-0.00025584,-0.0017189,0.00045323,-0.0013463
0.0024884,-0.00033486,-0.0036124,0.00095249,-0.0028292
0.0018188,-0.00024475,-0.0020576,0.00054254,-0.0016115
0.00098448,-0.00013248,-0.00055634,0.00014669,-0.00043572
0.0004296,-5.7812e-05,0.00012452,-3.2832e-05,9.7523e-05
-0.00010367,0.00059329,0.00031957,-8.4261e-05,0.00025029
-0.011246,0.02649,0.00027695,-7.3023e-05,0.00021691
-0.013701,0.03217,0.00016667,-4.3945e-05,0.00013053
-0.0062366,0.014629,7.8731e-05,-2.0759e-05,6.1663e-05
-0.0011558,0.0027111,3.0911e-05,-8.1503e-06,2.4209e-05
0.00090862,-0.0021312,1.0461e-05,-2.7582e-06,8.1928e-06
0.0013293,-0.003118,4.26e-06,-2.0052e-06,2.3984e-06
0.0010097,-0.0023684,0.014913,-0.015591,-0.00072137
0.00056049,-0.0013147,0.031034,-0.032446,-0.0015012
0.00024929,-0.00058474,0.017648,-0.018451,-0.0008537
9.3306e-05,-0.00021886,0.0047717,-0.0049887,-0.00023082
3.0364e-05,-7.1222e-05,-0.001068,0.0011166,5.1662e-05
-0.0010674,0.0025036,-0.002741,0.0028656,0.00013259
-0.0074625,0.017504,-0.0023754,0.0024834,0.0001149
-0.006172,0.014477,-0.0014295,0.0014945,6.915e-05
-0.0022835,0.0053562,-0.00067528,0.00070599,3.2666e-05
-0.00015521,0.00036405,-0.00026512,0.00027718,1.2825e-05
0.00061458,-0.0014416,-8.9722e-05,9.3802e-05,4.3401e-06
0.00067666,-0.0015872,-2.6863e-05,2.8085e-05,1.2995e-06
0.00046073,-0.0010807,0,0,0
0.00023769,-0.00055753,5.9758e-07,-6.2475e-07,-2.8907e-08
9.9969e-05,-0.00023449,0.0078999,-0.0082592,-0.00038214
3.5773e-05,-8.391e-05,0.01644,-0.017188,-0.00079527
1.1219e-05,-2.6315e-05,0.0093491,-0.0097743,-0.00045225
3.1515e-06,-7.392e-06,0.0025278,-0.0026428,-0.00012228
0,0,-0.00056576,0.00059149,2.7368e-05
0,0,-0.001452,0.001518,7.0238e-05
-0.00057009,0.0013372,-0.0012583,0.0013156,6.087e-05
-0.0039532,0.0092726,-0.00075728,0.00079171,3.6632e-05
-0.0032696,0.0076692,-0.00035741,0.00037367,1.7289e-05
-0.0012097,0.0028374,0.0040445,-0.0042284,-0.00019564
-8.2221e-05,0.00019286,0.0086617,-0.0090556,-0.00041899
0.00032557,-0.00076366,0.0049384,-0.005163,-0.00023889
-0.0015151,-0.00041997,0.0013391,-0.0014,-6.4776e-05
-0.020494,0.0040856,-0.00029971,0.00031334,1.4498e-05
-0.019124,0.0040283,-0.00076903,0.000804,3.72e-05
-0.0075753,0.0015892,0.0015503,-0.0016209,-7.4995e-05
-0.00084003,0.00014849,0.0042125,-0.0044041,-0.00020377
0.0016991,-0.00039425,0.0024341,-0.0025448,-0.00011775
0.0020209,-0.00045745,0.00063498,-0.00066386,-3.0716e-05
0.0014231,-0.00031965,-0.00018395,0.00019232,8.8982e-06
0.00053629,3.5875e-05,-0.00041502,0.00043389,2.0076e-05
-0.0089685,0.0087541,-0.00035313,0.00036919,1.7082e-05
-0.011163,0.010691,-0.00021251,0.00022218,1.028e-05
-0.005092,0.0048646,-0.00010039,0.00010496,4.8562e-06
-0.00094005,0.00090074,-3.9414e-05,4.1206e-05,1.9066e-06
0.00074727,-0.00070995,-1.3338e-05,1.3945e-05,6.4522e-07
0.0010933,-0.0010387,-3.9936e-06,4.1752e-06,1.9318e-07
0.00083042,-0.00078895,0,0,0
0.00046096,-0.00043793,0,0,0
0.00020502,-0.00019478,2.6173e-06,-2.6214e-06,-4.2974e-09
7.6737e-05,-7.2904e-05,0.034601,-0.034654,-5.6811e-05
2.4972e-05,-2.3725e-05,0.072008,-0.072119,-0.00011823
7.2364e-06,-6.875e-06,0.040949,-0.041012,-6.7232e-05
0,0,0.011072,-0.011089,-1.8178e-05
-0.00088506,0.00098345,-0.002478,0.0024818,4.0686e-06
-0.0061373,0.0068196,-0.0063597,0.0063695,1.0442e-05
-0.005076,0.0056403,-0.0055106,0.0055191,9.0469e-06
-0.001878,0.0020868,0.0079757,-0.0079989,-2.4649e-05
-0.00012765,0.00014184,0.021934,-0.021991,-6.0058e-05
0.00050545,-0.00056163,0.012749,-0.012782,-3.4606e-05
0.0005565,-0.00061837,0.0034052,-0.0034139,-9.288e-06
0.00037891,-0.00042103,-0.00087107,0.00087319,2.2577e-06
0.0025784,0.00030376,-0.0020756,0.0020808,5.5315e-06
0.016606,0.0035213,-0.0017988,0.0018033,4.7938e-06
0.013696,0.0029552,-0.001082,0.0010848,2.8837e-06
0.0050657,0.0010952,0.0054708,-0.0054845,-1.458e-05
0.00034627,7.2257e-05,0.012249,-0.012279,-3.2643e-05
-0.0013609,-0.00029752,0.0070117,-0.0070292,-1.8686e-05
-0.0014983,-0.00032758,0.0018938,-0.0018986,-5.0472e-06
-0.0010202,-0.00022304,-0.00042843,0.0004295,1.1418e-06
0.00073604,0.0027988,-0.0010995,0.0011023,2.9303e-06
0.0085323,0.020158,-0.00095289,0.00095527,2.5395e-06
0.0071607,0.016695,-0.00057106,0.00057679,1.5276e-06
0.0026538,0.0061777,0.031298,0.025495,-7.7237e-06
0.00017508,0.00041873,0.065592,0.052598,-1.7293e-05
-0.00072092,-0.0016641,0.037324,0.029886,-9.8991e-06
-0.00079374,-0.0018322,0.010091,0.0080817,-2.6737e-06
0.00012829,0.0025776,-0.0022609,-0.0018064,6.0485e-07
0.0043584,0.025881,-0.0058024,-0.004636,1.5523e-06
0.0037181,0.021667,-0.0050285,-0.0040177,1.3453e-06
0.001377,0.0080197,-0.0030262,-0.0024179,8.0959e-07
8.3287e-05,0.00052129,-0.0014295,-0.0011422,3.8244e-07
-0.0003856,-0.002193,-0.00055907,-0.00044741,-4.5855e-07
-0.00042048,-0.0024051,0.028597,0.01321,-0.0080469
-0.0002863,-0.0016376,0.059852,0.027762,-0.016746
-0.0001477,-0.00084485,0.034068,0.015813,-0.0095232
-6.2121e-05,-0.00035533,0.0092113,0.0042755,-0.0025749
8.6369e-05,0.00049403,-0.0020617,-0.00095693,0.0005763
0.0021592,0.01235,-0.0052911,-0.0024559,0.001479
0.0022815,0.01305,-0.0045854,-0.0021284,0.0012818
0.00096889,0.0055419,-0.0027595,-0.0012808,0.00077137
0.00014654,0.0008382,-0.0013036,-0.00060506,0.00036439
-0.00017563,-0.0010046,-0.00051179,-0.00023755,0.00014306
-0.00022987,-0.0013149,-0.0001732,-8.0391e-05,4.8415e-05
-0.00016802,-0.00096104,-5.0703e-05,-2.3534e-05,1.4173e-05
-9.0947e-05,-0.00052021,0.01525,0.0070784,-0.0042628
-3.9686e-05,-0.000227,0.031737,0.014731,-0.0088714
-1.4629e-05,-8.3674e-05,0.018048,0.0083769,-0.0050449
-4.7011e-06,-2.689e-05,0.0048797,0.0022649,-0.001364
0.0016122,0.0010657,-0.0010922,-0.00050693,0.00030529
0.011189,0.0074436,-0.002803,-0.001301,0.00078352
0.0092542,0.0061564,-0.0024291,-0.0011275,0.00067902
0.0034239,0.0022777,-0.0014618,-0.00067853,0.00040863
0.00023272,0.00015481,-0.00068995,-0.00032024,0.00019286
-0.00092149,-0.00061303,0.0078075,0.0036239,-0.0021824
-0.0010146,-0.00067495,0.016721,0.007761,-0.0046739
-0.0006908,-0.00045956,0.0095331,0.0044249,-0.0026648
0.00015141,-0.0016782,0.002585,0.0011998,-0.00072259
0.0054709,-0.016051,-0.00057856,-0.00026854,0.00016173
0.0051636,-0.014841,-0.0014849,-0.00068921,0.00041507
0.0020507,-0.0058784,-0.0012868,-0.00059728,0.00035971
0.00022809,-0.00066383,-0.00077441,-0.00035945,0.00021647
-0.00045891,0.0013023,-0.0003663,-0.00016965,0.00010297
-0.00054727,0.0015531,-0.0064198,0.0019197,0.0093996
-0.00038571,0.0010946,-0.01311,0.0041113,0.019492
-0.00020376,0.00057823,-0.007442,0.0023441,0.011081
-8.727e-05,0.00024766,-0.0020082,0.00063561,0.0029948
-3.1691e-05,8.9933e-05,0.00044948,-0.00014226,-0.0006703
-0.00052692,-0.00036539,0.0011536,-0.0003651,-0.0017203
-0.010312,-0.0078495,0.00099971,-0.00031641,-0.0014908
-0.010868,-0.0082831,0.00060163,-0.00019042,-0.00089719
-0.0046113,-0.0035145,0.0002842,-8.995e-05,-0.00042382
-0.00069744,-0.00053156,0.00011158,-3.5315e-05,-0.0001664
0.00083587,0.00063707,3.7761e-05,-1.1951e-05,-5.6311e-05
0.0010941,0.00083385,1.1306e-05,-3.5783e-06,-1.686e-05
0.00079965,0.00060946,0,0,0
0.00043285,0.0003299,-2.515e-07,7.9599e-08,3.7505e-07
0.00018888,0.00014396,-0.0033248,0.0010523,0.0049581
6.9623e-05,5.3064e-05,-0.0069191,0.0021899,0.010318
2.2374e-05,1.7053e-05,-0.0039347,0.0012453,0.0058677
-0.00088676,0.0028176,-0.0010639,0.00033671,0.0015865
-0.0061936,0.019504,0.00023606,-7.34e-05,-0.00035489
-0.0051226,0.016132,-0.026534,0.025748,0.0017152
-0.0018952,0.0059684,-0.055962,0.053819,0.0046763
-0.00012882,0.00040566,-0.031806,0.0306,0.0026331
0.00051008,-0.0016063,-0.0085354,0.0082531,0.00061593
0.00056161,-0.0017686,0.0020032,-0.0018766,-0.00027625
0.00038239,-0.0012042,0.0050094,-0.0047744,-0.0005126
0.00019728,-0.00062125,0.0043299,-0.004134,-0.00042731
-0.0014688,0.0006239,0.0026021,-0.0024867,-0.00025178
-0.017146,0.0097045,0.0012292,-0.0011747,-0.00011894
-0.015933,0.0090652,0.0004826,-0.0004612,-4.6696e-05
-0.0063151,0.0035957,0.00016332,-0.00015608,-1.5803e-05
-0.00071142,0.00040583,4.8899e-05,-4.6731e-05,-4.7314e-06
0.0014023,-0.00079996,-1.0878e-06,1.0395e-06,1.0525e-07
0.0016723,-0.00095398,-0.01438,0.013742,0.0013914
0.0011786,-0.00067236,-0.029926,0.028599,0.0028956
0.00062263,-0.00035518,-0.017018,0.016263,0.0016467
0.00026668,-0.00015213,-0.0046014,0.0043973,0.00044522
-0.00044947,4.6569e-05,0.0010299,-0.00098419,-9.9648e-05
-0.023522,0.0043718,0.0026431,-0.0025259,-0.00025574
-0.028588,0.0053244,0.0022906,-0.002189,-0.00022163
-0.013003,0.0024233,0.0013785,-0.0013173,-0.00013338
-0.0024099,0.00044911,0.00065117,-0.0006223,-6.3007e-05
0.0018944,-0.00035305,0.00025508,-0.00024377,-2.4681e-05
0.0027716,-0.00051651,-0.0075313,0.0071973,0.00072872
0.0021052,-0.00039234,-0.015827,0.015126,0.0015315
0.0011686,-0.00021778,-0.0090153,0.0086155,0.00087231
0.00051976,-9.6864e-05,-0.0024375,0.0023294,0.00023585
0.00019454,-3.6254e-05,0.00054556,-0.00052137,-5.2788e-05
6.3309e-05,-1.1798e-05,0.0014002,-0.0013381,-0.00013548
1.8345e-05,-3.4189e-06,0.0012134,-0.0011596,-0.00011741
-0.0065215,0.00041815,0.00073024,-0.00069785,-7.0657e-05
-0.045222,0.0028996,0.00034496,-0.00032966,-3.3378e-05
-0.037402,0.0023982,0.00013513,-0.00012913,-1.3075e-05
-0.013838,0.00088728,-0.0039897,0.0038127,0.00038604
-0.00094055,6.0307e-05,-0.0083846,0.0080127,0.00081128
0.0037243,-0.0002388,-0.0047758,0.004564,0.0004621
0.0039648,-4.6866e-05,-0.0012913,0.001234,0.00012494
-0.014237,0.026919,0.00028901,-0.00027619,-2.7964e-05
-0.022777,0.038443,0.00074173,-0.00070884,-7.1769e-05
-0.011218,0.018776,0.00064281,-0.0006143,-6.2197e-05
-0.0023369,0.0040497,0.00038684,-0.00036969,-3.743e-05
0.0014185,-0.0021533,0.00018274,-0.00017464,-1.7682e-05
0.0022864,-0.0036091,7.0176e-05,-6.8409e-05,-8.3332e-06
0.0017941,-0.0028549,-0.020712,0.0020198,-0.018394
0.0010221,-0.0016265,-0.043146,0.0042447,-0.038275
0.00046361,-0.00073772,-0.02454,0.0024178,-0.021765
0.00017625,-0.00028046,-0.0066351,0.00065372,-0.0058849
5.8095e-05,-9.2444e-05,0.001485,-0.00014631,0.0013171
1.7016e-05,-2.7077e-05,0.0038113,-0.00037551,0.0033804
-0.0014353,0.00089275,0.003303,-0.00032542,0.0029295
-0.028629,0.017807,0.0019877,-0.00019584,0.001763
-0.030179,0.018772,0.00093899,-9.2512e-05,0.00083281
-0.012805,0.0079648,0.00036865,-3.6321e-05,0.00032697
-0.0019367,0.0012047,0.00012476,-1.2292e-05,0.00011065
0.0023211,-0.0014438,3.6523e-05,-3.5983e-06,3.2393e-05
0.0030381,-0.0018897,-0.010985,0.0010823,-0.0097428
0.0022205,-0.0013812,-0.02286,0.0022523,-0.020276
0.001202,-0.00074764,-0.013,0.0012808,-0.01153
0.0005245,-0.00032624,-0.0035149,0.0003463,-0.0031175
9.5856e-05,4.1249e-05,0.0007867,-7.7509e-05,0.00069775
-0.012164,0.020218,0.002019,-0.00019892,0.0017907
-0.017368,0.028795,0.0017497,-0.00017239,0.0015519
-0.0084888,0.014065,0.001053,-0.00010375,0.00093393
-0.0018334,0.0030376,0.00049742,-4.9008e-05,0.00044118
0.00096956,-0.0016064,0.00019529,-1.9241e-05,0.00017321
0.0016277,-0.0026969,6.4966e-05,-6.4681e-06,5.7543e-05
0.0012881,-0.0021341,-0.014847,0.00057138,-0.014191
0.00073382,-0.0012158,-0.03094,0.0011931,-0.02957
0.00033284,-0.00055146,-0.017594,0.0006785,-0.016816
0.00012653,-0.00020964,-0.0047571,0.00018345,-0.0045466
4.1708e-05,-6.9104e-05,0.0010647,-4.106e-05,0.0010176
1.2216e-05,-2.024e-05,0.0027326,-0.00010538,0.0026116
0,0,0.0023681,-9.1324e-05,0.0022633
-0.00078055,0.0012932,0.0014251,-5.4959e-05,0.0013621
-0.0086398,0.014315,0.00067322,-2.5962e-05,0.00064342
-0.0080194,0.013287,0.00026431,-1.0193e-05,0.00025261
-0.003178,0.0052654,8.9447e-05,-3.4494e-06,8.5489e-05
-0.00035786,0.00059291,2.6781e-05,-1.0328e-06,2.5596e-05
0.0007054,-0.0011687,-5.9575e-07,2.2974e-08,-5.6938e-07
0.00084121,-0.0013938,-0.0078757,0.00030372,-0.0075272
0.00059288,-0.00098231,-0.01639,0.00063206,-0.015665
0.0003132,-0.00051891,-0.0093205,0.00035943,-0.008908
-0.0048396,0.00093096,-0.0025201,9.7183e-05,-0.0024085
-0.034441,0.0079161,0.00056403,-2.1751e-05,0.00053907
-0.02851,0.0065883,0.0014473,-5.5812e-05,0.0013832
-0.01055,0.0024398,-0.0029176,0.00011251,-0.0027885
-0.00071733,0.00016632,-0.0079276,0.00030572,-0.0075768
0.0028404,-0.00065859,-0.0045809,0.00017666,-0.0043781
0.0031274,-0.00072511,-0.001195,4.6083e-05,-0.0011421
0.0021294,-0.00049371,0.00034618,-1.335e-05,0.00033086
0.0010986,-0.00025471,0.00078103,-3.012e-05,0.00074646
0.00046203,-0.00010713,0.00066457,-2.5628e-05,0.00063515
0.00016534,-3.8335e-05,0.00039994,-1.5423e-05,0.00038224
-0.002583,0.0029516,0.00018893,-7.2857e-06,0.00018056
-0.018256,0.020548,7.4174e-05,-2.8604e-06,7.0891e-05
-0.015111,0.016997,2.5562e-05,-3.3419e-07,2.3831e-05
-0.0055909,0.0062886,0.0060912,0.0083788,-0.0021052
-0.00038,0.00042743,0.012661,0.017438,-0.004396
0.0015047,-0.0016925,0.0071997,0.0099162,-0.0024999
0.0010169,-0.001661,0.0019466,0.0026811,-0.00067591
-0.026456,0.0074615,-0.00043569,-0.00060008,0.00015128
-0.03291,0.0099455,-0.0011182,-0.0015401,0.00038825
-0.014984,0.0045446,-0.00096905,-0.0013347,0.00033647
-0.0027348,0.00079475,-0.00058317,-0.00080321,0.00020249
0.0022462,-0.0007331,-0.00027548,-0.00037943,9.5653e-05
0.0032537,-0.001036,-0.00010816,-0.00014897,3.7554e-05
0.0024656,-0.00078035,-3.6359e-05,-5.0077e-05,1.2624e-05
0.0013686,-0.00043316,0.0032118,0.0044237,-0.0011152
0.00060874,-0.00019266,0.0067069,0.0092375,-0.0023288
0.00022784,-7.211e-05,0.003814,0.0052531,-0.0013243
7.4146e-05,-2.3467e-05,0.0010312,0.0014203,-0.00035806
2.1486e-05,-6.8001e-06,-0.00023081,-0.00031789,8.014e-05
0,0,-0.00059235,-0.00081585,0.00020568
0,0,-0.00051335,-0.00070704,0.00017824
-0.00079874,0.00010727,-0.00030893,-0.0004255,0.00010727
-0.034435,0.0046248,-0.00014594,-0.000201,5.0672e-05
-0.041811,0.0056153,-5.7296e-05,-7.8914e-05,1.9894e-05
-0.019011,0.0025533,-1.939e-05,-2.6706e-05,6.7325e-06
-0.0035234,0.00047321,-5.8055e-06,-7.9959e-06,2.0158e-06
0.0027698,-0.00037199,1.2914e-07,1.7787e-07,-4.4841e-08
0.0040522,-0.00054423,0.0017073,0.0023514,-0.00059279
0.003078,-0.00041339,0.003553,0.0048935,-0.0012337
0.0017086,-0.00022947,0.0020205,0.0027828,-0.00070154
-0.0011889,0.005454,0.00054629,0.00075241,-0.00018968
-0.021287,0.061461,-0.00012227,-0.0001684,4.2454e-05
-0.01993,0.057071,-0.0003138,-0.00043219,0.00010896
-0.0079078,0.022618,-0.00027194,-0.00037455,9.4424e-05
-0.00089349,0.0025473,-0.00016596,-0.00022531,5.4424e-05
0.0017612,-0.0050211,-0.030589,0.0011392,-0.031703
0.0021003,-0.0059879,-0.063528,0.0025505,-0.066022
0.0014803,-0.0042202,-0.036119,0.00146,-0.037547
0.00078198,-0.0022294,-0.0097661,0.00039435,-0.010152
0.00033493,-0.00095485,0.0021851,-8.921e-05,0.0022724
-0.002605,0.0025966,0.0056081,-0.00022895,0.005832
-0.030141,0.032469,0.0048601,-0.00019842,0.0050542
-0.028002,0.030209,0.0029248,-0.00011941,0.0030416
-0.011101,0.011983,0.0013816,-5.6407e-05,0.0014368
-0.0012501,0.0013494,0.00054122,-2.2096e-05,0.00056284
0.0024641,-0.0026599,-0.01598,0.00065239,-0.016618
0.0029385,-0.003172,-0.033582,0.001371,-0.034924
0.002071,-0.0022357,-0.019129,0.00078094,-0.019892
0.001094,-0.001181,-0.0051719,0.00021115,-0.0053785
0.00037303,-0.00032702,0.0011576,-4.7259e-05,0.0012038
-0.011815,0.022242,0.0029709,-0.00012129,0.0030895
-0.016989,0.031834,0.0025746,-0.00010511,0.0026774
-0.0083062,0.015555,0.0015494,-6.3256e-05,0.0016113
-0.0017972,0.003363,0.00073192,-2.9881e-05,0.00076115
0.00095045,-0.0017785,0.00028829,-1.0127e-05,0.00029816
0.0015957,-0.0029858,0.012395,0.021206,-0.0088033
0.0012627,-0.0023627,0.025622,0.044138,-0.018501
0.00071935,-0.0013461,0.014554,0.025101,-0.010538
0.00032628,-0.00061053,0.003935,0.0067867,-0.0028492
0.00012404,-0.0002321,-0.00088072,-0.001519,0.00063771
4.0886e-05,-7.6506e-05,-0.0022603,-0.0038984,0.0016366
1.1975e-05,-2.2408e-05,-0.0019589,-0.0033784,0.0014184
0,0,-0.0011788,-0.0020331,0.00085357
-0.001288,0.0064027,-0.00055687,-0.00096044,0.00040322
-0.0089314,0.044398,-0.00021863,-0.00037708,0.00015831
-0.007387,0.036721,-7.4561e-05,-0.00012569,5.3217e-05
-0.002733,0.013586,-0.0075818,0.025272,-0.004701
-0.00018576,0.00092341,-0.015732,0.052673,-0.0098167
0.00073556,-0.0036565,-0.0089465,0.029953,-0.0055824
0.00012755,0.00057797,-0.0024189,0.0080987,-0.0015094
-0.00418,0.029183,0.0005414,-0.0018126,0.00033782
-0.0036287,0.02499,0.0013866,-0.0046485,0.00086682
-0.0013282,0.0091741,-0.036227,0.042803,-0.0017475
-5.559e-05,0.00045114,-0.077173,0.095041,-0.0047482
0.00040309,-0.0026959,-0.043956,0.05428,-0.0027437
0.00043279,-0.0029135,-0.011843,0.014536,-0.00071572
0.00029211,-0.001971,0.0027262,-0.0035064,0.00020734
0.0001507,-0.0010168,0.0068935,-0.0086538,0.00046779
6.3383e-05,-0.00042767,0.0059623,-0.0074601,0.00039804
2.2681e-05,-0.00015304,0.0035881,-0.0044895,0.00023954
7.113e-06,-4.7994e-05,0.001695,-0.0021208,0.00011316
1.9981e-06,-1.3482e-05,0.00066547,-0.00083264,4.4426e-05
0,0,0.00022521,-0.00028178,1.5034e-05
0,0,6.7428e-05,-8.4367e-05,4.5014e-06
0,0,0,0,0
0,0,0,0,0
0,0,0,0,0
0,0,0,0,0
0,0,0,0,0
0,0,0,0,0
0,0,0,0,0
0,0,0,0,0
0,0,0,0,0
